 1386 1323 2709 1.27602e-06 2.2006e-07 1.62411e-06 6.75917e-07 1.4019e-07 0.00675082
1000 1714 1525 3239 0.000539307 0.0159998 0.000506104 0.000831543 5.92651e-05 18.7595
2000 2100 1785 3885 0.000546387 0.0176467 0.000569336 0.000890625 0.000104553 20.5581
3000 2475 2034 4509 0.000641846 0.0216677 0.000651855 0.00106763 0.000123596 24.9541
4000 2865 2298 5163 0.00202197 0.0456487 0.00198706 0.0025083 0.000197327 53.9944
5000 3268 2575 5843 0.00602563 0.0972344 0.00589429 0.00634399 0.00037677 119.876
6000 3661 2842 6503 0.00583301 0.096178 0.00580957 0.00629492 0.000421936 118.474
7000 4070 3125 7195 0.141082 0.310451 0.00236914 0.00299561 0.000364868 459.098
8000 4467 3396 7863 0.00067627 0.073614 0.000660889 0.00121362 0.000366577 77.3909
9000 4847 3650 8497 0.000971436 0.0530327 0.00109595 0.00177856 0.00049646 58.4995
