0 0 0 0 0 0 0 0 0 0 0 0 0 0 0 0 0 0 0 0 0 0 0 0 0 0 0 0 0 0 0 0 0 0 0 0 0 0 0 0 0 0 0 0 0 0 0 0 0 0 0 0 0 0 0 0 0 0 0 0 0 0 0 0 0 0 0 0 0 
0 0 0 0 0 0 0 0 0 0 0 0 0 0 0 0 0 0 0 0 0 0 0 0 0 0 0 0 0 0 0 0 0 0 0 0 0 0 0 0 0 0 0 0 0 0 0 0 0 0 0 0 0 0 0 0 0 0 0 0 0 0 0 0 0 0 0 0 0 
0 0 0 0 0 0 0 0 0 0 0 0 0 0 0 0 0 0 0 0 0 0 0 0 0 0 0 0 0 0 0 0 0 0 0 0 0 0 0 0 0 0 0 0 0 0 0 0 0 0 0 0 0 0 0 0 0 0 0 0 0 0 0 0 0 0 0 0 0 
0 0 0 0 0 0 0 0 0 0 0 0 0 0 0 0 0 0 0 0 0 0 0 0 0 0 0 0 0 0 0 0 0 0 0 0 0 0 0 0 0 0 0 0 0 0 0 0 0 0 0 0 0 0 0 0 0 0 0 0 0 0 0 0 0 0 0 0 0 
0 0 0 0 0 0 0 0 0 0 0 0 0 0 0 0 0 0 0 0 0 0 0 0 0 0 0 0 0 0 0 0 0 0 0 0 0 0 0 0 0 0 0 0 0 0 0 0 0 0 0 0 0 0 0 0 0 0 0 0 0 0 0 0 0 0 0 0 0 
0 0 0 0 0 0 0 0 0 0 0 0 0 0 0 0 0 0 0 0 0 0 0 0 0 0 0 0 0 0 0 0 0 0 0 0 0 0 0 0 0 0 0 0 0 0 0 0 0 0 0 0 0 0 0 0 0 0 0 0 0 0 0 0 0 0 0 0 0 
0 0 0 0 0 0 0 0 0 0 0 0 0 0 0 0 0 0 0 0 0 0 0 0 0 0 0 0 0 0 0 0 0 0 0 0 0 0 0 0 0 0 0 0 0 0 0 0 0 0 0 0 0 0 0 0 0 0 0 0 0 0 0 0 0 0 0 0 0 
0 0 0 0 0 0 0 0 0 0 0 0 0 0 0 0 0 0 0 0 0 0 0 0 0 0 0 0 0 0 0 0 0 0 0 0 0 0 0 0 0 0 0 0 0 0 0 0 0 0 0 0 0 0 0 0 0 0 0 0 0 0 0 0 0 0 0 0 0 
0 0 0 0 0 0 0 0 0 0 0 0 0 0 0 0 0 0 0 0 0 0 0 0 0 0 0 0 0 0 0 0 0 0 0 0 0 0 0 0 0 0 0 0 0 0 0 0 0 0 0 0 0 0 0 0 0 0 0 0 0 0 0 0 0 0 0 0 0 
0 0 0 0 0 0 0 0 0 0 0 0 0 0 0 0 0 0 0 0 0 0 0 0 0 0 0 0 0 0 0 0 0 0 0 0 0 0 0 0 0 0 0 0 0 0 0 0 0 0 0 0 0 0 0 0 0 0 0 0 0 0 0 0 0 0 0 0 0 
0 0 0 0 0 0 0 0 0 0 0 0 0 0 0 0 0 0 0 0 0 0 0 0 0 0 0 0 0 0 0 0 0 0 0 0 0 0 0 0 0 0 0 0 0 0 0 0 0 0 0 0 0 0 0 0 0 0 0 0 0 0 0 0 0 0 0 0 0 
0 0 0 0 0 0 0 0 0 0 0 0 0 0 0 0 0 0 0 0 0 0 0 0 0 0 0 0 0 0 0 0 0 0 0 0 0 0 0 0 0 0 0 0 0 0 0 0 0 0 0 0 0 0 0 0 0 0 0 0 0 0 0 0 0 0 0 0 0 
0 0 0 0 0 0 0 0 0 0 0 0 0 0 0 0 0 0 0 0 0 0 0 0 0 0 0 0 0 0.000221926 0.000313353 9.00244e-05 0.000191336 0.0004443 0.000440936 0 0 0 0 0 0 0 0 0 0 0 0 0 0 0 0 0 0 0 0 0 0 0 0 0 0 0 0 0 0 0 0 0 0 
0 0 0 0 0 0 0 0 0 0 0 0 0 0 0 0 0 0 0 0 0 0 0 0 0 0 0 0 0 0.000937157 0.000890861 0.000678864 0.000945924 0.000144985 0.000674901 9.12828e-06 0 0.000395864 0.000360622 3.99575e-05 8.92889e-05 0 0 0 0 0 0 0 0 0 0 0 0 0 0 0 0 0 0 0 0 0 0 0 0 0 0 0 0 
0 0 0 0 0 0 0 0 0 0 0 0 0 0 0 0 0 0 0 0 0 0 0 0 0 0.000166543 0.00053023 0.000202061 0.000291675 5.71589e-05 7.88639e-06 0.000906273 0.00156445 7.76734e-05 0.00125465 0.000790514 0.000331564 0.000447968 0.000318815 0.000337816 0.000464195 0 0 0 0 0 0 0 0 0 0 0 0 0 0 0 0 0 0 0 0 0 0 0 0 0 0 0 0 
0 0 0 0 0 0 0 0 0 0 0 0 0 0 0 0 0 0 0 0 0 0 0 0 0 5.56025e-05 0.000792878 0.000797785 0.00119682 0.000948979 0.000496148 0.000118198 0.000156189 0.000310928 0.000920979 0.000138642 1.97425e-05 2.52813e-05 0.000410444 0.000460144 0.000620846 0.00104151 0.000181171 0 0 0 0 0 0 0 0 0 0 0 0 0 0 0 0 0 0 0 0 0 0 0 0 0 0 
0 0 0 0 0 0 0 0 0 0 0 0 0 0 0 0 0 0 0 0 0 0 0 0 0 0 0.000739305 0.000137721 7.46771e-05 0.000311444 0.000716879 3.3828e-05 0.000951167 0.000506473 0.000411444 5.87773e-05 0 0 0.000379133 0.00118787 0.00118824 0.00116771 0.000223517 0 0 0 0 0 0 0 0 0 0 0 0 0 0 0 0 0 0 0 0 0 0 0 0 0 0 
0 0 0 0 0 0 0 0 0 0 0 0 0 0 0 0 0 0 0 0 0 0 0 0 0 0 0.000992429 0.000856664 0.000443851 0.000740455 0.000457419 0.000261943 0.000949777 0.000658358 0 0.000135372 0.000110883 1.05825e-05 0 0.000439956 0.000908745 0.000584883 4.85897e-05 0 0 0 0 0 0 0 0 0 0 0 0 0 0 0 0 0 0 0 0 0 0 0 0 0 0 
0 0 0 0 0 0 0 0 0 0 0 0 0 0 0 0 0 0 0 0 0 0 0 0 4.83168e-05 0.000141336 0.00047227 0.000474217 0.000909693 0.000827665 0.000965433 0.000608359 0 0.000332965 0.00127366 0.000440281 0.000429813 0.000801824 0 0.00011683 0.00121756 0.000489446 0 0 0 0 0 0 0 0 0 0 0 0 0 0 0 0 0 0 0 0 0 0 0 0 0 0 0 
0 0 0 0 0 0 0 0 0 0 0 0 0 0 0 0 0 0 0 0 0 0 0 0 0.000155793 0.000624352 0.000913237 0.00057683 0.000962494 0.00118515 0.00145828 0.000305812 0.000240661 0.000257357 0.000433306 2.51255e-06 0.000253536 0.000981212 2.36127e-05 0.000270675 0.000174203 0 7.82019e-05 0.000173461 7.80456e-05 0.000319385 9.65876e-05 0 0.000323094 0.00016651 0 0 0 0 0 0 0 0 0 0 0 0 0 0 0 0 0 0 0 
0 0 0 0 0 0 0 0 0 0 0 0 0 0 0 0 0 0 0 0 0 0 0 0 0 0.000199185 0.000287711 0.000171776 0.000862123 0.000268752 0.00104588 6.52015e-05 0.00107693 0.00035891 0.000526763 0.00047613 0.000333267 0.000144593 0.000693665 0.000893638 0.000603003 4.90521e-05 0.000170755 0.000404373 0.000339889 0.000552938 0.000810652 0.00070417 0.00108522 0.000389688 0 0 0 0 0 0 0 0 0 0 0 0 0 0 0 0 0 0 0 
0 0 0 0 0 0 0 0 0 0 0 0 0 0 0 0 0 0 0 0 0 0 0 4.39022e-05 0.000116191 0.000134771 0.000855473 0.000354711 0.000142953 0.000590177 0.000191909 9.3087e-05 0.000787468 7.957e-05 5.62499e-05 0.000672258 0.000257892 0.000243049 0.000181563 0.000925721 0.000484289 0.000145785 0.000380069 0.000329124 0.00104828 0.000162167 3.68111e-05 0.000202561 0.000520304 0.00022376 0 0 0 0 0 0 0 0 0 0 0 0 0 0 0 0 0 0 0 
0 0 0 0 0 0 0 0 0 0 0 0 0 0 0 0 0 0 1.23637e-05 0.000347335 0.000609005 0.000454563 0 0.000175803 0.000586068 0.000256404 0.000307239 0.000721946 0.000289756 0.000115405 0 0.000275673 0.00136349 0.000253929 0.000573437 0.000248509 0.00101037 0.000554782 0 0 0.000350251 0.00026931 0.000349415 0.000916132 0.000418955 0.000974093 1.67583e-05 0 0 0 0 0 0 0 0 0 0 0 0 0 0 0 0 0 0 0 0 0 0 
0 0 0 0 0 0 0 0 0 0 0 0 0 0 0 0 0 0 6.99123e-05 0.00103938 0.000440428 0.000169 0 0 0.00061622 0.000876012 0.000255498 0.000527362 0.000371583 0 0 9.51175e-06 0.00100849 0.00155659 0.000559469 0.000290631 0.000189344 0.000753735 0.000155658 0 0.000390045 0.000686792 0.000894841 0.000539387 0.000124126 0.000353811 0.000713296 6.8948e-05 0 0 0 0 0 0 0 0 0 0 0 0 0 0 0 0 0 0 0 0 0 
0 0 0 0 0 0 0 0 0 0 0 0 0 0 0 0 0 0 0.00052164 0.00133782 0.000406421 1.31012e-05 0 0 6.80768e-05 0.000683533 0.000321506 0.000229799 0.000648942 0 0 3.75903e-05 0.00116457 0.000584967 0.000283179 0.000711547 3.37027e-05 0.000948843 0.00035886 0.000269183 0.000188324 0.000839164 0.00108252 5.34803e-05 0 0.000458289 0.00141399 0.000311241 0 0 0 0 0 0 0 0 0 0 0 0 0 0 0 0 0 0 0 0 0 
0 0 0 0 0 0 0 0 0 0 0 0 0 0 0 0 0 2.05387e-05 0.000300495 0.00019583 0.000899524 0.000101033 0 0.000466818 0.000460707 9.56769e-05 0.000213703 0.000297323 0.00114434 0.00016654 0 0.000374645 3.16275e-05 6.26339e-05 0.0010655 0.000330717 0.000532131 0.00114053 0.000187624 0.000212137 0.000141463 0.000317482 0.000690903 0.000299429 0 0.00103339 0.000563631 0 0 0 0 0 0 0 0 0 0 0 0 0 0 0 0 0 0 0 0 0 0 
0 0 0 0 0 0 0 0 0 0 0 0 0 0 0 0 0.000238159 0.000960039 0.000776781 0.000983435 0.000768729 9.51861e-05 0.000400118 0.000786532 0.000133696 0.000646319 0.00107135 0 0.00103591 0.000830502 2.89489e-05 0.000759141 3.07422e-05 8.6531e-05 0.000731833 0.00043579 0.000196894 0.000301981 0.00107945 0.000580616 5.53806e-05 0.000617506 0.000344018 0 2.56228e-05 0.000975766 0.0010003 0 0 0 0 0 0 0 0 0 0 0 0 0 0 0 0 0 0 0 0 0 0 
0 0 0 0 0 0 0 0 0 0 0 0 0 0 0 0 0.000143471 0.000627173 0.000507874 0.000614372 0.000710203 0.00077924 0.000466427 0.000980335 0.00069068 0.000257408 0.000491071 1.27163e-05 0.000855048 0.000562169 2.57605e-05 0.00035148 0.000209205 0.000398993 0 0.000309249 0.00032682 0.000101928 0.000188891 0.000199899 0.000148914 0.000435075 0 0.000769051 0.00131875 0.0014773 0.000282999 0 0 0 0 6.81606e-06 0.000437559 1.50136e-05 0 0 0 0 0 0 0 0 0 0 0 0 0 0 0 
0 0 0 0 0 0 0 0 0 0 0 0 0 0 0 0 0.000162037 0.000528211 0.000902249 0.00193416 0.000369203 0.000332282 0 0.00012433 0.000966266 0.000612209 0.00120249 0.000497709 0.000127025 0.000799185 0.00063793 0 6.63781e-05 0.000126595 0 0 0.000922724 0.000831317 0.000159018 3.70299e-05 1.53053e-05 1.05454e-05 0 0.00140748 0.0014425 0.000666769 0.000182324 9.71119e-05 0.000229122 0.000879791 0.000353271 0.000580088 0.00186417 0.000127979 0 0 0 0 0 0 0 0 0 0 0 0 0 0 0 
0 0 0 0 0 0 0 0 0 0 0 0 0 0 0 0 0.000230951 0.000736349 0.000196767 0.000275726 0.00101076 2.52717e-05 0 8.68677e-05 0.00130909 0.00081912 0.000386176 0.000238302 0.000603834 0.000760907 0.00143825 0.000175645 0 0.00043311 0.000376689 2.13775e-05 2.42075e-05 0.000248251 0.000490827 0.000114297 0.000556194 0.000578041 0.000293725 0.000708282 0.000456754 0 0 0.000685447 0.00144066 0.000622841 0.000708776 0.000747515 0.000566404 0.000502648 0 0 0 0 0 0 0 0 0 0 0 0 0 0 0 
0 0 0 0 0 0 0 0 0 0 0 0 0 0 0 0 0.000279036 0.00129641 0.000400337 0 0.000678768 0.000375161 0.000560787 0 0.000871552 0.000688303 0.000792706 8.82148e-05 0 0.000354717 0.000442379 1.24311e-06 0 0.000607622 0.0010087 0.000811443 0.000552113 0.000481785 0.000259842 0.000295989 0.000672392 0.000785067 0.000691992 0.000966804 0.000437677 0 0 0.000455821 0.00182042 0.000807528 0.000331666 0.000177418 0.000444017 0.000411197 0.000100694 8.13552e-05 2.32146e-05 0 0 0 0 0 0 0 0 0 0 0 0 
0 0 0 0 0 0 0 0 0 0 0 0 0 0 0 0 6.07156e-05 0.00094539 2.62143e-05 0.000439564 0.000855596 0.000333979 5.75112e-06 0 0.000139913 0.000301771 0.000541314 0.000792772 0.000658614 0.000334362 0.00118655 0.000132336 0.000112438 0.000268919 0.000803796 0.000601442 0.000392754 8.44589e-05 0.000495103 0.000794205 0.000616122 0.000682062 0.000741522 0.000232965 0.000225206 0 9.64244e-05 0.000575803 0.00189848 0.000518632 0.000284554 0.000357291 0 0.000285183 0.000305434 0.00105118 0.000243953 0 0 0 0 0 0 0 0 0 0 0 0 
0 0 0 0 0 0 0 0 0 0 0 0 0 0 0 0.000235862 0.00031801 0 0 0.00157495 0.000164347 0.000334186 0.000174 0.000315167 0.000294266 0.000541612 0.000199161 0.00123417 0.000535905 0.000318196 0.000647316 0.000300814 0.000305955 0.000426438 0.000313137 0.00162496 0.000157462 0 0.000254455 0.00142761 5.28064e-05 9.58977e-05 3.49219e-05 0.000984897 0.00122999 6.80892e-05 0.000285458 0.00033921 0.000354403 3.00006e-05 0.000639463 0.000705475 0 7.01321e-05 0.000452453 0.000172409 3.02369e-05 0 0 0 0 0 0 0 0 0 0 0 0 
0 0 0 0 0 0 0 0 0 0 0 0 0 0 8.60299e-05 0.000164358 0.000798909 0.000128742 0.000556058 0.000888924 3.71477e-05 0.000192669 0.000101942 0.000161618 0.000132877 0.000185042 0.00112976 0.000813491 0.00107514 0.000476743 0.000577627 0 4.48544e-05 0.000480846 0.000143994 0.00100309 9.95444e-05 0 0.000565057 0.00124158 0.000152291 0.000697539 0.000438343 0.000580972 0.000586014 0.00037477 0.000347064 0 0 0 0.000522524 0.000297426 0.00051035 6.21076e-05 0 0 0 0 0 0 0 0 0 0 0 0 0 0 0 
0 0 0 0 0 0 0 0 0 0 0 0 0 0 0.00038906 0.000267035 1.2969e-05 0.000112204 0.00123496 0.000309611 0.000448003 0.000984638 0.00117862 0.000484544 0 3.98773e-05 0.000979618 0.000931287 0.000892831 0.000530404 0.000253514 0.000161924 0.000268108 0.00108025 0.00103705 0.000795005 0.000188321 0 0.000304258 0.000144324 0.000294907 0.000451722 0.000413884 0.000195591 0.000853693 0.000543074 3.48892e-05 0.000387485 0.000441939 0.000790893 0.0003075 2.98061e-05 0.000722756 0.000268844 0 0 0 0 0 0 0 0 0 0 0 0 0 0 0 
0 0 0 0 0 0 0 0 0 0 0 0 0 0 0.000139348 0.000454255 9.27128e-05 0.000124738 0.000471406 0.000938226 0.00110843 0.00113319 0.000581912 0.000355492 0 0.000186885 0.000787932 0.000631857 0.000283994 8.72314e-05 0.000160614 0.00102299 0.00146656 0.00112767 5.61512e-05 0.000374065 0.000568145 0.000388927 0.000673871 0.0002348 0.00089985 0.00126207 0.000294331 0.000592326 0.000198352 0.000447612 0.000258184 0.000828026 0.000681443 0.00040219 0.000480181 6.29245e-05 0.000587828 0.000147905 0 0 0 0 0 0 0 0 0 0 0 0 0 0 0 
0 0 0 0 0 0 0 0 0 0 0 0 0 0.000216329 0.00073217 0.000988473 0.00150917 0.000673726 3.31267e-05 0.00043136 0.000936051 0.00102232 0.000277934 0.000515571 0.000366652 0.00064447 0.000651716 0.00017621 0.0013217 0.000421492 0.000800229 0.000142794 0.000496289 0.000300666 1.33028e-06 0.000586418 0.000474494 0.000294504 0.000523355 0 0.000116115 0.000396508 0.000243819 0.000294151 0.000361881 9.61951e-05 0.000255732 0.000145283 0.00115607 0.00131863 0.000454491 4.26802e-05 0.00082373 0.000209971 0.000413613 0.000177649 0 0 0 0 0 0 0 0 0 0 0 0 0 
0 0 0 0 0 0 0 0 0 0 0 0 0 0.00105989 0.00112654 0.00119286 0.00140631 0.000272391 0.00111177 0.00138549 5.20093e-05 0.000172147 0.000203232 0.000215021 0.000327829 0.000616701 5.97424e-05 8.69703e-05 0.000620158 0.000168655 0.00157408 0.000307519 0 0 0 0.000146438 0.000163567 0.000231438 0.000338716 0 4.07364e-05 0.000156717 0.00051453 0.0014624 0.00163946 0.00121991 0.000327928 0.000194247 0.000196825 0.000374087 0.00055109 0 0.000535798 0.000151658 0.000781207 0.000214788 0 0 0 0 0 0 0 0 0 0 0 0 0 
0 0 0 0 0 0 0 0 0 0 0 0 0.000382623 0.00110135 5.52559e-05 0 0 0.000117109 0.000167833 0 0.000532883 0.000595022 0.000517547 0.000678848 0.000668096 0.000746749 5.25172e-05 7.14329e-05 0.000900559 0.000221901 0.00165114 0.000772559 0 0 1.84091e-05 0.000265796 0.000259153 0.00114775 0.000790849 8.88897e-05 0.000961947 0.000515034 0.000349995 0.000461994 0.000353161 0.000687647 0.000247725 0.000648243 0.000340583 0.000388749 0.000238311 0 0.000175433 6.94734e-05 0 0 0 0 0 0 0 0 0 0 0 0 0 0 0 
0 0 0 0 0 0 0 0 0 0 0 0 3.27835e-05 0.00106248 0.000255501 0.000221232 7.46514e-05 0.000520652 0.000130922 4.65912e-05 0.000454058 0.00140766 0.000375716 0.000475695 6.54688e-05 0.000838589 0.000525137 0 0.000174444 0.000112344 0.00147193 0.000644814 0 0.000397218 0.00070973 0.000926445 0.000751514 0.00015322 0.000762906 0.000292302 0.000831782 0.000478969 0.000604451 0.00074762 0.00041364 0.00107747 0.001318 0.000748664 0.000470359 0.000173622 0.000618865 7.5067e-06 0.000398468 0.000157798 0.00070748 0.000232635 0 0 0 0 0 0 0 0 0 0 0 0 0 
0 0 0 0 0 0 0 0 0 0 0 0 0.000120186 0.000612955 0.000613193 0.000926986 0.00026035 0.00138416 0.0002573 0.00170716 0.000918339 0.000831629 0.000743074 0.000455577 0.000520875 0.0013916 0.000123907 0 0 0 0.00016209 0.00034234 0.000113849 6.21851e-05 0.00015003 0.000262397 0.000263546 0.00022393 0 0 0.000447971 0.00113328 0.000312583 6.70195e-05 0 0.000264529 0.00120626 0.00196592 0.00081126 0.00174944 0.000272996 0.000670441 0.000498832 0.000416302 0.000664634 7.44096e-05 0 0 0 0 0 0 0 0 0 0 0 0 0 
0 0 0 0 0 0 0 0 0 0 0 0 0.000565474 9.52651e-05 0.000221245 0.000747813 0.000289468 0.000325154 0.000544229 0.000567233 0 0.000136567 0.00130256 0.000236336 0.00102429 0.000970928 0.000808488 0.000152657 9.56985e-05 0.00062896 2.88468e-05 0.00033102 0.000142479 0.000612593 0.0010763 0.000993836 0.000363355 0.000177994 0.000318039 3.3648e-05 0.000499778 0.000326591 0.000387072 0.000314718 9.95921e-05 0.000171226 0.000318223 0.00102482 0.000495339 0.000881598 0.000292497 0.000136625 1.28228e-05 0.000382521 0.000215052 0 0 0 0 0 0 0 0 0 0 0 0 0 0 
0 0 0 0 0 0 0 0 0 0 0 0 0 0 0 0.000447148 0.00026953 0.000526336 0.000151913 0.000300241 0.000497203 0 0.000834893 0.000862606 0.000113337 0.00141425 0.00100634 0.0011798 0.000907149 0.00072463 6.28698e-06 0.000985417 0.000442981 6.88141e-05 0.000661184 0.00132931 0.000806524 5.6871e-05 0.000584856 0.000310393 0.000311362 0.00058966 0.00056923 0.000338845 0.000703355 0.000464663 0.00182433 0.00116873 0 0 0.000294067 0.000227563 0.000198146 0.000176707 0 0 0 0 0 0 0 0 0 0 0 0 0 0 0 
0 0 0 0 0 0 0 0 0 0 0 0 0 3.47399e-05 0.00111285 0.00129799 0.000849074 0.000639268 0.000316463 0.0013862 0.00148683 0.000431073 0.000284374 0.000725001 0.000139063 0.000271681 0.00011642 0.000373054 0.000405214 0.000315556 0.000103911 0.00125665 0.00110601 0 0.000115291 0.000701157 0.000814316 0.000411566 0.000162444 0.000905329 0.000173921 0.000924173 0.000170898 0.000428594 0.000182468 0.000485528 0.0011055 0.00137078 0.000348445 0.000459956 0 0.00101547 0.000706643 0.000265159 0 0 0 0 0 0 0 0 0 0 0 0 0 0 0 
0 0 0 0 0 0 0 0 0 0 0 0 0 0.000136773 0.00113453 0.000915473 0.00134241 0.000410395 0.000141556 0.000631316 0.000362738 0.000238838 2.41873e-05 0.000393852 4.93935e-05 0.00033674 0.000240743 7.53274e-05 0.000607872 0.000566196 0.000244795 0.000156142 0 0 0.000974341 0.000631164 0.000317413 0.000306699 0.000489236 0.000703414 0.000937076 0.00108724 6.28397e-05 0.000532736 0.000441312 0.0011624 0.00107356 0.000973696 0.000139377 0.000186119 0.000369683 0.000184985 0.00053425 0.000191258 0 0 0 0 0 0 0 0 0 0 0 0 0 0 0 
0 0 0 0 0 0 0 0 0 0 0 0 0 4.77195e-06 0.00048666 0.000562393 0.00094064 0.00108991 0 0 0 0 6.548e-05 0.000684969 8.58435e-05 0.000640091 0.00114561 0.000842161 0.00119739 0.000139445 0.000498587 0.000282701 0.000623228 0.00111974 0.000847311 0.000564358 0.000236196 6.52633e-05 0.000647868 0.000733789 0.00104886 0.000749876 0.000390773 0.000232634 0 0.000342344 0.000333277 0.000427723 0.00079107 0.000418327 0.000188552 0.000587156 0.000603293 0 0 0 0 0 0 0 0 0 0 0 0 0 0 0 0 
0 0 0 0 0 0 0 0 0 0 0 0 0 0 0.000306439 3.21542e-05 4.81071e-05 0.0001267 0.000652726 0.000490042 8.88127e-05 0 0 0.000888022 0.00157067 0.000410839 0.000555689 8.29832e-05 3.18157e-05 0 0.000267464 0.000241246 0.000104564 0.000445662 0.000711689 0.000938482 0.000365595 0 0 0.00104937 0.000916879 0.00133038 0.000736744 0.000404549 0.000116833 6.20654e-05 0.000569216 0.000219218 0.000184431 7.13468e-05 0.000262486 0.000716953 0.000315679 0 0 0 0 0 0 0 0 0 0 0 0 0 0 0 0 
0 0 0 0 0 0 0 0 0 0 0 0 0 0 0 0 0 0.000340821 0.000187146 0.000325628 0.000506164 3.85881e-05 0.00111574 0.000870234 0.000675064 0.000167366 0.000445184 0 0 0 0 0.00063234 0.000175984 2.9106e-05 7.37079e-05 0.000118395 5.3655e-05 0 0.000460588 0.000701716 0.000160917 0.000369772 0.000806531 0.000472629 0.000557332 0.000215886 0.000152612 0.000228083 0.00025593 0.000550576 0.00017811 0.000916649 0.000336639 0 0 0 0 0 0 0 0 0 0 0 0 0 0 0 0 
0 0 0 0 0 0 0 0 0 0 0 0 0 0 0 0 0 0.000999255 0.000560968 0.000472907 0.000620748 2.35305e-05 0.00070187 0.000510726 0 0 6.469e-06 4.80107e-06 0 0 0 0.000953044 0.00166831 0.0015011 0.000253638 0.000242135 0.000619431 0.000450814 0.00106345 0.00142925 0.00149741 0.000912355 0.000923695 0.000148887 6.88314e-05 0.000257261 0.00017676 0.000958547 0.00103779 0.000867575 0.000181748 0.00162222 0.000768302 0 0 0 0 0 0 0 0 0 0 0 0 0 0 0 0 
0 0 0 0 0 0 0 0 0 0 0 0 0 0 0 0 0 0.000651257 0.0016511 0.00190371 0.00029963 0 0 0.000695984 8.27107e-06 0 0.000788853 0.000834323 0.000386207 0.000441222 0.000208695 0.000316029 0.00154096 0.000618712 0.000761407 7.52869e-05 0.000713197 0.00130027 0.000501715 0.000254156 0.00081138 0.0014456 0.000448356 0.00147592 0.000927062 0.000470781 0.000136498 0.000897663 0.0011681 0.00102788 0.000224818 0.000227125 0.000134925 0 0 0 0 0 0 0 0 0 0 0 0 0 0 0 0 
0 0 0 0 0 0 0 0 0 0 0 0 0 0 0 0 0 3.03335e-05 9.5983e-05 0.0012352 3.49068e-05 0 0 9.57792e-05 1.13824e-06 0 0.000305102 0.000917096 0.000216795 0.000102685 0.000756142 0.00064882 0.00227243 0.000408383 0.000750259 4.97342e-05 0.000767104 0.00111651 0.000283347 0.000210991 0.000358686 0.00196158 0.00111332 0.00110561 0.000726743 3.13547e-05 0.000307136 0.000401242 0.000101843 0 0 0 0 0 0 0 0 0 0 0 0 0 0 0 0 0 0 0 0 
0 0 0 0 0 0 0 0 0 0 0 0 0 0 0 0 0 0 0 0.000595229 0.000273976 0 0.000194464 0.000507242 0 0.0001625 0.000470724 0.000469594 0.000252071 0.000154843 0.000458074 0.000440986 0.000250848 0 0.000781684 2.80517e-06 0.000463359 0.00118219 0.000224171 0.00117315 0.0011648 0.0013337 0.00119543 0.00115512 0.000606885 0.00122368 0.00102306 0.00023532 0.00109793 0.000421686 0 0 0 0 0 0 0 0 0 0 0 0 0 0 0 0 0 0 0 
0 0 0 0 0 0 0 0 0 0 0 0 0 0 0 0 0 0 0 0.000560012 0.000950161 0.000323423 0.000575469 0.000745605 0 0.000252195 0.00025729 0.000155379 0.000152644 0.000316391 0.000498693 2.58223e-06 0.000181066 0.000473799 0.000110235 8.50396e-06 0.000446843 0.00067041 0 0.000173588 0.000922673 0.00324048 0.000888876 0.000283367 0.000771006 0.000796665 0.000321093 0.000169272 0.000506456 0.00013623 0 0 0 0 0 0 0 0 0 0 0 0 0 0 0 0 0 0 0 
0 0 0 0 0 0 0 0 0 0 0 0 0 0 0 0 0 0 0 4.29341e-05 5.02879e-05 0.000159119 0.000757776 0.00113572 0.000591379 0.000440674 0.00100464 0.0009213 0.000737175 0 0.000516607 4.81291e-06 4.04531e-05 0.000105854 0.0010391 0.000345565 9.0662e-05 0.000133775 0 0 2.94702e-05 0.000711698 0.00085032 0.000270189 0.00111894 0.000120802 0 0 0 0 0 0 0 0 0 0 0 0 0 0 0 0 0 0 0 0 0 0 0 
0 0 0 0 0 0 0 0 0 0 0 0 0 0 0 0 0 0 0 0 0 0.000416308 0.00037918 0.000150447 0.0014756 0.00121511 0.000145091 0.000599476 0.00129351 7.87281e-05 0.000678113 0 0 0 5.71372e-05 4.18006e-05 0 0 0 0 0.000204405 0.000876135 0.00211609 0.00048988 0 0 0 0 0 0 0 0 0 0 0 0 0 0 0 0 0 0 0 0 0 0 0 0 0 
0 0 0 0 0 0 0 0 0 0 0 0 0 0 0 0 0 0 0 0 0 0 0 0.000443959 0.00116616 0.00155071 0.000492121 0.00124269 8.35176e-05 0.00130528 0.00162509 0 0 0 0 0 0 0 0 0 0.000515661 0.000204773 0.00106311 9.35369e-05 0 0 0 0 0 0 0 0 0 0 0 0 0 0 0 0 0 0 0 0 0 0 0 0 0 
0 0 0 0 0 0 0 0 0 0 0 0 0 0 0 0 0 0 0 0 0 0 0 0.000936894 0.000852557 0.000654586 0.00132831 0.000966668 0.000665635 0.000976009 6.61096e-05 0 0 0 0 0 0 0 0 0 0 0 0 0 0 0 0 0 0 0 0 0 0 0 0 0 0 0 0 0 0 0 0 0 0 0 0 0 0 
0 0 0 0 0 0 0 0 0 0 0 0 0 0 0 0 0 0 0 0 0 0 0 0 0 9.0311e-05 0.000437203 0.000346755 0.000664588 0 0 0 0 0 0 0 0 0 0 0 0 0 0 0 0 0 0 0 0 0 0 0 0 0 0 0 0 0 0 0 0 0 0 0 0 0 0 0 0 
0 0 0 0 0 0 0 0 0 0 0 0 0 0 0 0 0 0 0 0 0 0 0 0 0 0 0 0 0 0 0 0 0 0 0 0 0 0 0 0 0 0 0 0 0 0 0 0 0 0 0 0 0 0 0 0 0 0 0 0 0 0 0 0 0 0 0 0 0 
0 0 0 0 0 0 0 0 0 0 0 0 0 0 0 0 0 0 0 0 0 0 0 0 0 0 0 0 0 0 0 0 0 0 0 0 0 0 0 0 0 0 0 0 0 0 0 0 0 0 0 0 0 0 0 0 0 0 0 0 0 0 0 0 0 0 0 0 0 
0 0 0 0 0 0 0 0 0 0 0 0 0 0 0 0 0 0 0 0 0 0 0 0 0 0 0 0 0 0 0 0 0 0 0 0 0 0 0 0 0 0 0 0 0 0 0 0 0 0 0 0 0 0 0 0 0 0 0 0 0 0 0 0 0 0 0 0 0 
0 0 0 0 0 0 0 0 0 0 0 0 0 0 0 0 0 0 0 0 0 0 0 0 0 0 0 0 0 0 0 0 0 0 0 0 0 0 0 0 0 0 0 0 0 0 0 0 0 0 0 0 0 0 0 0 0 0 0 0 0 0 0 0 0 0 0 0 0 
0 0 0 0 0 0 0 0 0 0 0 0 0 0 0 0 0 0 0 0 0 0 0 0 0 0 0 0 0 0 0 0 0 0 0 0 0 0 0 0 0 0 0 0 0 0 0 0 0 0 0 0 0 0 0 0 0 0 0 0 0 0 0 0 0 0 0 0 0 
0 0 0 0 0 0 0 0 0 0 0 0 0 0 0 0 0 0 0 0 0 0 0 0 0 0 0 0 0 0 0 0 0 0 0 0 0 0 0 0 0 0 0 0 0 0 0 0 0 0 0 0 0 0 0 0 0 0 0 0 0 0 0 0 0 0 0 0 0 
0 0 0 0 0 0 0 0 0 0 0 0 0 0 0 0 0 0 0 0 0 0 0 0 0 0 0 0 0 0 0 0 0 0 0 0 0 0 0 0 0 0 0 0 0 0 0 0 0 0 0 0 0 0 0 0 0 0 0 0 0 0 0 0 0 0 0 0 0 
0 0 0 0 0 0 0 0 0 0 0 0 0 0 0 0 0 0 0 0 0 0 0 0 0 0 0 0 0 0 0 0 0 0 0 0 0 0 0 0 0 0 0 0 0 0 0 0 0 0 0 0 0 0 0 0 0 0 0 0 0 0 0 0 0 0 0 0 0 
0 0 0 0 0 0 0 0 0 0 0 0 0 0 0 0 0 0 0 0 0 0 0 0 0 0 0 0 0 0 0 0 0 0 0 0 0 0 0 0 0 0 0 0 0 0 0 0 0 0 0 0 0 0 0 0 0 0 0 0 0 0 0 0 0 0 0 0 0 
0 0 0 0 0 0 0 0 0 0 0 0 0 0 0 0 0 0 0 0 0 0 0 0 0 0 0 0 0 0 0 0 0 0 0 0 0 0 0 0 0 0 0 0 0 0 0 0 0 0 0 0 0 0 0 0 0 0 0 0 0 0 0 0 0 0 0 0 0 
0 0 0 0 0 0 0 0 0 0 0 0 0 0 0 0 0 0 0 0 0 0 0 0 0 0 0 0 0 0 0 0 0 0 0 0 0 0 0 0 0 0 0 0 0 0 0 0 0 0 0 0 0 0 0 0 0 0 0 0 0 0 0 0 0 0 0 0 0 
