0 0 0 0 0 0 0 0 0 0 0 0 0 0 0 0 0 0 0 0 0 0 0 0 0 0 0 0 0 0 0 0 0 0 0 0 0 0 0 0 0 0 0 0 0 0 0 0 0 0 0 0 0 0 0 0 0 0 0 0 0 0 0 0 0 0 0 0 0 
0 0 0 0 0 0 0 0 0 0 0 0 0 0 0 0 0 0 0 0 0 0 0 0 0 0 0 0 0 0 0 0 0 0 0 0 0 0 0 0 0 0 0 0 0 0 0 0 0 0 0 0 0 0 0 0 0 0 0 0 0 0 0 0 0 0 0 0 0 
0 0 0 0 0 0 0 0 0 0 0 0 0 0 0 0 0 0 0 0 0 0 0 0 0 0 0 0 0 0 0 0 0 0 0 0 0 0 0 0 0 0 0 0 0 0 0 0 0 0 0 0 0 0 0 0 0 0 0 0 0 0 0 0 0 0 0 0 0 
0 0 0 0 0 0 0 0 0 0 0 0 0 0 0 0 0 0 0 0 0 0 0 0 0 0 0 0 0 0 0 0 0 0 0 0 0 0 0 0 0 0 0 0 0 0 0 0 0 0 0 0 0 0 0 0 0 0 0 0 0 0 0 0 0 0 0 0 0 
0 0 0 0 0 0 0 0 0 0 0 0 0 0 0 0 0 0 0 0 0 0 0 0 0 0 0 0 0 0 0 0 0 0 0 0 0 0 0 0 0 0 0 0 0 0 0 0 0 0 0 0 0 0 0 0 0 0 0 0 0 0 0 0 0 0 0 0 0 
0 0 0 0 0 0 0 0 0 0 0 0 0 0 0 0 0 0 0 0 0 0 0 0 0 0 0 0 0 0 0 0 0 0 0 0 0 0 0 0 0 0 0 0 0 0 0 0 0 0 0 0 0 0 0 0 0 0 0 0 0 0 0 0 0 0 0 0 0 
0 0 0 0 0 0 0 0 0 0 0 0 0 0 0 0 0 0 0 0 0 0 0 0 0 0 0 0 0 0 0 0 0 0 0 0 0 0 0 0 0 0 0 0 0 0 0 0 0 0 0 0 0 0 0 0 0 0 0 0 0 0 0 0 0 0 0 0 0 
0 0 0 0 0 0 0 0 0 0 0 0 0 0 0 0 0 0 0 0 0 0 0 0 0 0 0 0 0 0 0 0 0 0 0 0 0 0 0 0 0 0 0 0 0 0 0 0 0 0 0 0 0 0 0 0 0 0 0 0 0 0 0 0 0 0 0 0 0 
0 0 0 0 0 0 0 0 0 0 0 0 0 0 0 0 0 0 0 0 0 0 0 0 0 0 0 0 0 0 0 0 0 0 0 0 0 0 0 0 0 0 0 0 0 0 0 0 0 0 0 0 0 0 0 0 0 0 0 0 0 0 0 0 0 0 0 0 0 
0 0 0 0 0 0 0 0 0 0 0 0 0 0 0 0 0 0 0 0 0 0 0 0 0 0 0 0 0 0 0 0 0 0 0 0 0 0 0 0 0 0 0 0 0 0 0 0 0 0 0 0 0 0 0 0 0 0 0 0 0 0 0 0 0 0 0 0 0 
0 0 0 0 0 0 0 0 0 0 0 0 0 0 0 0 0 0 0 0 0 0 0 0 0 0 0 0 0 0 0 0 0 0 0 0 0 0 0 0 0 0 0 0 0 0 0 0 0 0 0 0 0 0 0 0 0 0 0 0 0 0 0 0 0 0 0 0 0 
0 0 0 0 0 0 0 0 0 0 0 0 0 0 0 0 0 0 0 0 0 0 0 0 0 0 0 0 0 0 0 0 0 0 0 0 0 0 0 0 0 0 0 0 0 0 0 0 0 0 0 0 0 0 0 0 0 0 0 0 0 0 0 0 0 0 0 0 0 
0 0 0 0 0 0 0 0 0 0 0 0 0 0 0 0 0 0 0 0 0 0 0 0 0 0 0 0 0 0 0 0 0 0 0 0 0 0 0 0 0 0 0 0 0 0 0 0 0 0 0 0 0 0 0 0 0 0 0 0 0 0 0 0 0 0 0 0 0 
0 0 0 0 0 0 0 0 0 0 0 0 0 0 0 0 0 0 0 0 0 0 0 0 0 0 0 0 0 0 0 0 0 0 0 0 0 0 0 0 0 0 0 0 0 0 0 0 0 0 0 0 0 0 0 0 0 0 0 0 0 0 0 0 0 0 0 0 0 
0 0 0 0 0 0 0 0 0 0 0 0 0 0 0 0 0 0 0 0 0 0 0 0 0 0 0 0 0 0 0.000426529 0.000261461 0.000857121 0.000152021 0 0.000182046 0.000675598 0 0 0.000368009 0.000133456 0 0 0 0 0 0 0 0 0 0 0 0 0 0 0 0 0 0 0 0 0 0 0 0 0 0 0 0 
0 0 0 0 0 0 0 0 0 0 0 0 0 0 0 0 0 0 0 0 0 0 0 0 0 0 0.000169409 8.82078e-05 0 0.000270759 0.00121816 0.000171594 0.00104045 0.00103634 0.000209124 0.00109714 0.00113115 0.000604819 0.000321856 0.000372075 0.000580977 0 0.000192718 0.000213558 0 0 0 0 0 0 0 0 0 0 0 0 0 0 0 0 0 0 0 0 0 0 0 0 0 
0 0 0 0 0 0 0 0 0 0 0 0 0 0 0 0 0 0 0 0 0 0 0 0 8.29415e-05 2.5828e-05 0.000357443 0.00062892 0.00102686 0.000360455 0.00167749 0.000971009 0.000236282 0.000190185 1.15122e-05 0.000349014 0.0012493 0.00116184 0.000188004 0.000785969 0.00208875 0.000609638 0.000466986 0.000207576 0.000205645 0.000130693 0 0 0 0 0 0 0 0 0 0 0 0 0 0 0 0 0 0 0 0 0 0 0 
0 0 0 0 0 0 0 0 0 0 0 0 0 0 0 0 0 0 0 0 0 0 0 3.07514e-05 0.000820874 0.000164809 0.000297297 0.000905401 0.00090313 0.00106525 0.000442895 0.000403367 0 0 0.00014618 0.001147 0.00017227 0.000532754 0.000833345 0.000841894 0.00130374 0.000906761 0.000639267 0.000660304 0.000779735 0.000180624 0.000274066 2.03678e-05 0 0 0 0 0 0 0 0 0 0 0 0 0 0 0 0 0 0 0 0 0 
0 0 0 0 0 0 0 0 0 0 0 0 0 0 0 0 0 0 0 0 0 0.000103741 0.000527822 0.000954598 0.000967186 0.000314185 0.00100519 0.000790374 0.00141199 0.000653159 0.000688157 0.000180185 0.000483687 9.83796e-05 2.76753e-05 0.000272402 0.000775325 0.000849781 0.00110549 0.000613845 0.000530095 0.000575806 3.04076e-05 0.000546495 0.000728985 0.0011016 0.0014699 0.000279632 0 0 0 0 0 0 0 0 0 0 0 0 0 0 0 0 0 0 0 0 0 
0 0 0 0 0 0 0 0 0 0 0 0 0 0 0 0 0 0 0 0 0 0.000351945 0.000553083 0.00114301 0.00056237 0.000152658 0.000495581 0.000781015 0.000132162 0.000279924 0.000442009 0.000136321 0.000318369 0.000420029 0.000694517 0.0001724 0.00108049 0.000343249 2.98129e-05 0.000291966 0.00145682 0.000551024 0.000174452 0 0.000300413 0.0018102 0.000484628 0.00158919 0.000280751 0 0 0 0 0 0 0 0 0 0 0 0 0 0 0 0 0 0 0 0 
0 0 0 0 0 0 0 0 0 0 0 0 0 0 0 0 0 0 0 0.000208188 0.000412216 0.0011981 2.07969e-05 0.000295242 0.000961031 0.00180612 0.00074809 0.00106324 0.00101028 9.16275e-05 0.000604799 0.00230749 0.00062059 0.00172908 0.00147813 0.000144582 0.000573304 0.000968331 0.00118726 0.000381021 0.00206879 0.00112446 0.00039901 0.00101541 0.000167414 0.000320719 0.00118166 0.00111733 0.000473042 0.000133202 0 0 0 0 0 0 0 0 0 0 0 0 0 0 0 0 0 0 0 
0 0 0 0 0 0 0 0 0 0 0 0 0 0 0 0 0 0 0 0.00029954 0.000745014 0.000512597 0.000493642 0.00149967 0.000226622 0.000957754 0.00074195 0.00111009 0.000399584 0.000351277 0.00127061 0.000252395 0.000102406 0.000956474 0.0003581 0.000304262 0.0017772 0.00126358 0.000282296 0.000517538 0.000563784 0.000525733 0.000811663 0.000386569 0.000110694 0.000295571 0.000594212 0.000364887 0.000490104 0.000137598 0 0 0 0 0 0 0 0 0 0 0 0 0 0 0 0 0 0 0 
0 0 0 0 0 0 0 0 0 0 0 0 0 0 0 0 0 0 4.23293e-05 0.000222481 0.00102882 0.00240412 0.00099299 0.000765929 0.000371655 0.000816478 0.000918724 0.000776446 5.20425e-05 0.000762974 0.000299414 0 0 0.000467681 0.000676908 0.000551044 0.00177862 0.000430228 0.000641845 0.000268736 0.000567237 0.00043684 0.00081124 0.00141228 0.000533773 0.00144836 0.000284024 0.0012125 0.000799271 0 0.000114075 0.000166032 0 0 0 0 0 0 0 0 0 0 0 0 0 0 0 0 0 
0 0 0 0 0 0 0 0 0 0 0 0 0 0 0 0 0 0 0.000541702 0.000369565 0.000336288 3.21162e-05 0.000155606 0.00119404 0.000651182 0.000745459 0.000645683 5.42752e-05 0.00123274 0.000417169 2.93686e-05 0.000811891 0.000158442 0.000787382 0.000693821 0.000538907 1.79873e-05 0.000515149 0.000879629 0.000489689 0.000591502 0.00075366 0.000148636 0.00183017 0.000807293 0.000439848 0.000586712 0.000770789 0.000567712 0 0.000953096 0.000339048 0 0 0 0 0 0 0 0 0 0 0 0 0 0 0 0 0 
0 0 0 0 0 0 0 0 0 0 0 0 0 0 0 0 0 0 1.72935e-06 0.000488237 0.000285323 0.000286735 0.00176296 0.0012749 0.000331525 0.000242073 0.00054536 0.000680292 0.00275964 0.000320348 0.0006183 0.00137835 0.00144052 0 0.0013679 0.000934089 0.00075075 0.00106324 0.000208947 0.000310271 0.000752056 0.000103098 0 0.000743068 0.000217833 0.000596057 0.00116697 0.000527556 0.000411937 6.56819e-05 0.00100852 0.000410193 0.000298289 0 0 0 0 0 0 0 0 0 0 0 0 0 0 0 0 
0 0 0 0 0 0 0 0 0 0 0 0 0 0 0 0 0 0 6.28361e-06 0.00137083 0.00129262 0.00158513 0.0027571 0.00138996 0.000282135 3.541e-05 0.00100045 0.00119197 0.00147317 0.000435711 7.45193e-05 0.000176693 0.000822127 0.000675067 0.000205568 0.000104283 0.000854622 0.00151756 0.0001337 0.000676476 0.00178056 0.000961852 0.00026521 0.000422571 1.67137e-05 4.11954e-06 0.000650053 0.00107001 0.0006718 0.000271806 0.00218662 0.000761144 0.00061837 0.000930174 0 0 0 0 0 0 0 0 0 0 0 0 0 0 0 
0 0 0 0 0 0 0 0 0 0 0 0 0 0 0 0 0.000280218 0.00021267 0.000511714 0.000721567 0.00189304 0.000848144 0.000223591 0.000212939 0.000555745 0.000789362 0 0.00152613 0.00188438 0.00123906 0.00029188 0.000495946 0.000224634 0.000145172 0.000310025 0.000890654 0.000172364 0.000534688 0.000673952 0.00044622 0.00113801 0.000614232 0.000232651 0.000335003 0.000728395 0.000126799 0.000838936 0.00172346 0.000797075 0.000123877 0.000525681 0.000513191 0.00119693 0.000964756 0 0 0 0 0 0 0 0 0 0 0 0 0 0 0 
0 0 0 0 0 0 0 0 0 0 0 0 0 0 0 0 0.00181487 0.000442775 0.000388908 0.000841145 0.000949391 0.000320522 0.000306827 0.000415833 0.000684801 0.000615554 0 0.00023811 0.00143723 0.00017025 0.000176209 0.0015791 0.00130024 0.000467582 0.000646585 0.00165886 0.00125898 0 0 0.000402372 0.000909546 0.000193946 0.000776302 0.000820085 0.000208828 0.000195164 0.000456518 0.00143598 0.000541287 0.000459912 0.000445825 0.00103089 0.000612181 9.00171e-05 1.55149e-05 0 0 0 0 0 0 0 0 0 0 0 0 0 0 
0 0 0 0 0 0 0 0 0 0 0 0 0 0 0 0 0.000327573 0.00214231 0.00072002 0.000322963 0.000908334 0.00039264 0.000713173 0.000414806 0.000572145 0 0.000306983 0.00302151 0.0018726 0.00187439 0.000284625 0.000480623 8.89459e-05 1.96379e-05 0.000136816 0.000294476 0.000302994 0.00158421 0.000489422 0.000206011 0.000737666 0.00101435 0.00012647 1.80019e-05 0 0.000752719 0.000692738 0.000923435 0.000783813 0.000762933 0.000364245 0.000335961 0.000880627 0.00103722 0.000845753 4.33968e-05 0 0 0 0 0 0 0 0 0 0 0 0 0 
0 0 0 0 0 0 0 0 0 0 0 0 0 0 5.23089e-05 0.000484286 0.00128388 0.00230339 0.00125886 9.48936e-05 0.000829499 0.00118717 0.00107752 0.000685728 0.000222088 0 0.000424803 0.00105066 0.000471955 0.00101874 6.44473e-05 0 0.000285347 0.000484624 0.000428174 0.000261279 0.000757837 0.000232947 0.000529465 7.54389e-05 0.000863769 0.000542055 0.000449391 0.000340087 0 0.000372944 0.000982985 0.000173466 9.19822e-05 0.000360815 0.0011653 0.000368334 0.00103896 0.00182711 0.00147099 9.60775e-05 0 0 0 0 0 0 0 0 0 0 0 0 0 
0 0 0 0 0 0 0 0 0 0 0 0 0 0 0.000362151 0.00111854 0.000291802 0.00129101 0.000774359 0.000165649 0.000414419 0.000157718 0.00145537 0.000631339 0.000354899 0.00061531 0.000852703 0.000747722 0.000781686 0.000383586 0 1.95865e-05 0.00117362 0.000421679 0.000155305 0.00105502 0.00136428 0.000138531 0.00112818 0.000248817 0.000691608 0.00243079 0.000591701 0.000264803 0.000687423 0.000760369 0.00121912 0.00112514 0.0006831 6.58113e-05 0.00116336 0.00159664 0.000514089 0.00218554 0.00136825 0.000188372 0 0 0 0 0 0 0 0 0 0 0 0 0 
0 0 0 0 0 0 0 0 0 0 0 0 0 0 0.000483715 0.000734427 0.000510787 0.000331886 0 0.000172881 0.000895901 0.00134849 0.00197188 0.000455946 0.0011024 0.0016301 0.000748864 0.000846441 0.000226549 0.000312315 0.000391241 2.45476e-06 0.000390528 0.000578572 0.00104202 0.000356551 0.00124855 0.000966824 0.0005974 0.00130851 0.000435291 0.000278231 0.000592561 0.000383744 0.000289514 0.00168034 0.00044466 0.000506047 0.000936925 0.000322708 0.00110781 0.000648881 0.000643398 0.00112806 0.000990866 0.000286766 0 0 0 0 0 0 0 0 0 0 0 0 0 
0 0 0 0 0 0 0 0 0 0 0 0 0 0 6.17007e-05 0.00104434 0.000481586 1.21725e-05 0.00021562 0.000211109 0.000542677 0.00158083 0.000301394 0.000248825 0.000475414 0.000263176 0.0001473 0.00122818 0.000889412 0.000557601 0.000670543 0.000577074 0.000422406 0.000723459 0.00146611 0.00120064 0.000975629 0.000241309 0.000361272 0.000576894 9.50369e-06 0.000129489 0.000744669 0.000102119 0.000358477 0.000948878 0.000225607 0.000465891 0.000610534 0.00146621 6.84323e-05 0.000850142 0.000375968 0.000660613 0.000566965 0.000750191 0 0 0 0 0 0 0 0 0 0 0 0 0 
0 0 0 0 0 0 0 0 0 0 0 0 0 0 1.21014e-05 0.000162006 0.000598314 0.000755979 0.000705712 0.000257381 0.00163272 0.00135046 0.000302644 0.000597133 0.000814654 0.0012605 0.00107154 0.000914123 0.000301831 0.000338531 0.000390039 0.000476903 0.000616635 0.0126837 0.0543455 0.0234911 0.00166041 0.000124107 0.000255766 0.000131099 8.30034e-05 0.000682069 0.00143662 0.00259973 0.00141406 0.000324503 0 0 0.000111268 0.00081151 0.000921228 0.00125136 0.00109376 0.00117126 0.000857005 0.00113784 0 0 0 0 0 0 0 0 0 0 0 0 0 
0 0 0 0 0 0 0 0 0 0 0 0 0 0 0.000525395 0.000214945 0.000643182 0.00141328 0.000963784 0.000523359 0.000401898 0.000774655 0.000310769 0 0.0010685 0.00174164 0.000879818 8.20084e-06 0.00015938 0.000245442 6.7854e-05 9.08239e-05 0.000492121 0.0447757 0.224624 0.206935 0.0368879 0.000135081 0.00038966 0.000576268 0.000610091 0.00100856 0.000272616 0.00166826 0.00183321 0.000500207 0.000185286 0.000216224 0.00042673 0.000630885 0.000837208 0.000119775 0.00147383 0.000306007 4.03555e-05 0.000187786 0 0 0 0 0 0 0 0 0 0 0 0 0 
0 0 0 0 0 0 0 0 0 0 0 0 0 0 4.31705e-05 1.76615e-05 0.000105064 0.000194375 0.000481402 0.000275243 0.000866874 0.00115061 0.000595011 0.000842195 0.00200846 0.00186556 0.00050374 0.000528144 0.00166062 0.00115669 0.000889614 0.00032424 0.000597151 0.0175514 0.186159 0.216926 0.0690805 1.26379e-05 6.19981e-06 0.00120031 0.00079777 0.000937068 5.71425e-05 2.20597e-05 0.000939506 0.000811124 0.00129218 0.000518339 0 0.000434553 0.000468845 1.81263e-05 0.000714304 0.00229904 0.000483108 0 0 0 0 0 0 0 0 0 0 0 0 0 0 
0 0 0 0 0 0 0 0 0 0 0 0 0 0 0 0.000296112 0.000176723 0.00175609 0.00174911 0.000722139 0.000877818 0.000484683 0.00101135 0.00156532 0.00167923 0.0012889 0.000182564 0.000431855 0.00221344 0.00062264 0.000360181 0.000679587 0.000415097 0.00105183 0.0205935 0.0347454 0.0052809 0.000115084 9.13466e-05 0.000390841 0.000420743 0.000384751 0.00073333 0.000676053 0.00100835 0.000576022 0.00101876 0.000184592 0.000231683 0.000186698 0.000827703 0.000187404 0.00137959 0.00109056 0.000204655 0 0 0 0 0 0 0 0 0 0 0 0 0 0 
0 0 0 0 0 0 0 0 0 0 0 0 0 0 0.000365133 0.000535419 0.000604103 0.00178842 0.00318373 0.000384026 9.53281e-05 2.28559e-07 0.000323022 0.000786779 0.00123296 0.00129663 0.000173764 0.000575561 0.000496199 0.000299971 0.000632333 0.000541613 0.000611731 0.00122157 0.000170665 0.000848328 0.000100347 0.000369949 0.000261959 4.61185e-05 0.000524633 0 0.000392458 0.000899211 0.00144058 0.000310889 0.000881679 0.000739638 0.000949973 8.2328e-05 0.000697558 0.000456927 0.00104216 0.000238142 0.000316933 0 0 0 0 0 0 0 0 0 0 0 0 0 0 
0 0 0 0 0 0 0 0 0 0 0 0 0 0 0.000336068 0.00120008 0.000666279 8.87066e-05 0.000638132 0.00188019 0.00339663 0.000537399 0 0.0013963 0.00219615 0.000952733 0.000588645 0.00146593 0.000339196 0 0.000149721 0.000936468 0.00128834 0.0011248 0.000607831 0.000497473 0.000366881 0.000386209 0.000150184 0 0.000246421 0.000864052 0.000800313 0.00167602 0.00104406 0.000105252 0.00145834 0.000385393 0.000351123 0.000516644 0.000260716 0.000493722 0.00155676 0.00122509 0.00175884 0.000578783 0 0 0 0 0 0 0 0 0 0 0 0 0 
0 0 0 0 0 0 0 0 0 0 0 0 0 0 0.000125939 0.000763724 0.000533822 0.000139127 0.00220696 0.00191271 0.000908075 0.0014025 0.000208709 0.0013003 0.00145664 0.00137052 0.000468254 0.000929195 0.000375298 0 0.00106263 0.00156742 0.00100614 0.000920818 0.000307708 0.000236212 0.000519354 0.00074374 0.00146541 0.000204151 0.000626017 0.000746339 0.000239112 0.00184762 0.00208415 0 9.19995e-05 0.000477583 4.28652e-05 0.000210789 1.85337e-05 0.000260507 0.00116349 0.00115502 0.000809692 6.9522e-05 0 0 0 0 0 0 0 0 0 0 0 0 0 
0 0 0 0 0 0 0 0 0 0 0 0 0 0 0.000402598 0.000609556 0.000627769 0.000367985 0.00107567 0.00199171 0.000685439 0.000519793 0.000367034 0.000187417 0.000180919 0.000468789 0.00120686 0.000826913 0.000455745 0.000270043 0.00130284 0.00144394 0.000717366 0.000542462 0.000734054 0.000190988 0.000583148 0.000271205 1.94984e-05 8.69061e-05 0.00051376 0.000972583 0.000860273 0.000730685 0.00071828 3.81167e-05 0.00143161 0.00070253 0.000487736 0.00108806 0.000584814 6.38545e-05 7.96613e-05 0.000516545 0.000224886 0 0 0 0 0 0 0 0 0 0 0 0 0 0 
0 0 0 0 0 0 0 0 0 0 0 0 0 0 0.000136934 0.00150971 0.000730816 0.00220246 0.00190034 0.00084144 0.000308556 0.000164811 0.001409 0.000728808 0.000428278 0.000642691 0.00052862 0.00155899 0.00111496 0.000639923 0.000695109 0.00107376 0.000857298 1.95505e-07 0.000236863 0.00097377 0.00143244 0.000640581 0.000885763 0.000820982 0.000674967 0.00202109 0.00149201 0.000432212 0.000169529 0.000410468 0.000661223 0.000810853 0.000707369 0.000678096 0.00062817 1.86848e-05 0.000197449 0.00120147 0.000848519 0 0 0 0 0 0 0 0 0 0 0 0 0 0 
0 0 0 0 0 0 0 0 0 0 0 0 0 0 0 0.000421195 0.000427336 0.00200776 0.000900857 0.000554694 0.000442015 0.000487592 0.000182324 4.5228e-06 1.2611e-05 0.000512587 0.00193111 0.00098326 0.000345653 0.000685575 0.000188171 0.000269138 0.000526509 0.000179603 0.00041311 0.000578542 0.00110753 0.000637019 0.000769296 0.000463245 0.00028853 0.000676252 0.00159984 0.000739571 1.23036e-05 0 0.000408018 0.00214943 0.00152936 0.000422787 0.00111709 0.00116032 4.91018e-05 0.000385077 0.0001281 0 0 0 0 0 0 0 0 0 0 0 0 0 0 
0 0 0 0 0 0 0 0 0 0 0 0 0 0 0 0 0.000544062 0.000537629 0.000114245 0.000350798 0.000580402 0.00144232 0.000690039 0.000773423 0.00125975 0.00141324 0.00366838 0.00212337 5.24302e-06 0.00040744 0.000456961 0.000708754 0.00116164 0.00105189 0.000819305 0.00079094 0.000260074 0.000930466 0.00050075 0.000973089 0.000905202 0.000373796 0.00111699 0.00135498 0.000221973 0.00161975 0.00110898 0.000870962 0.0011623 0.00124516 0.000330579 3.1402e-05 0.000822008 0.00035422 0 0 0 0 0 0 0 0 0 0 0 0 0 0 0 
0 0 0 0 0 0 0 0 0 0 0 0 0 0 0 0 0 0.000252424 0.000455024 0.000806884 0.00135539 0.00164535 0.00102496 0.000480507 0.000754395 0.00229626 0.000754493 0.000435577 0.000566413 1.84492e-05 0.000664544 0.00102932 0.0015643 0.00118071 0.000670122 0.000361044 0.000653825 0.000663583 0.000417907 0.00139931 0.000619709 0.000544301 0.00109515 0.000496685 2.47576e-05 0.00143244 0.000648949 0.000761815 0.000497895 0.000552508 0.000763771 0.000583407 0.000173456 0 0 0 0 0 0 0 0 0 0 0 0 0 0 0 0 
0 0 0 0 0 0 0 0 0 0 0 0 0 0 0 0 0 0.00096771 0.000898578 0.00137419 0.000975309 0.00100663 0.000218788 0.000449039 0.00069532 0.000131938 1.81645e-05 8.40866e-05 1.00594e-05 2.63642e-05 0.000560416 0.000447469 0.00118554 0.000819788 1.55618e-05 0.000904362 0.000648391 0.0024885 0.00189636 0.00190223 0.000836057 0.000283727 0.000723278 0.000923363 0.00103596 0.00052942 0.000536956 0.000905515 0.000595562 0.000338845 0.000188192 3.41543e-05 1.01546e-05 0 0 0 0 0 0 0 0 0 0 0 0 0 0 0 0 
0 0 0 0 0 0 0 0 0 0 0 0 0 0 0 0 0 0.00083405 0.000378325 0.000630059 0.000543325 0.000919001 0.00025883 0.000626793 0.000583166 0.000651324 0.00227898 0.00138127 0.000201756 0.000932529 7.57025e-05 0.00100318 0.000529403 0.00245166 0.00188366 0.00135952 0.000433114 0.00144285 0.000728639 0.00146323 0.000300551 0.000986326 0.00118752 0.00049745 1.32014e-05 0.000107744 0.000532089 0.00101175 0.000349189 0.00111558 4.30576e-05 0.000520504 4.12417e-05 0 0 0 0 0 0 0 0 0 0 0 0 0 0 0 0 
0 0 0 0 0 0 0 0 0 0 0 0 0 0 0 0 0 0 0.000456008 0.00199308 0.00104183 0.00098581 0.001054 0.000554357 4.3669e-05 0.000582838 0.00183852 0.00152655 0.000961826 0.0023992 0.000826848 0.000319181 8.27967e-05 0.000764186 0.000812186 0.00146692 0.000868067 0.000555064 0.000815444 0.00114161 0.000604907 0.000859801 0.000372582 0.000325797 0.000100367 0.000154658 0.000677139 0.00125871 0.000680927 0.00026814 0.000147201 0.000817127 3.61357e-05 0 0 0 0 0 0 0 0 0 0 0 0 0 0 0 0 
0 0 0 0 0 0 0 0 0 0 0 0 0 0 0 0 0 0 8.29217e-06 0.000748095 0.000523412 0.00209306 0.000997634 0.000819799 0.000287015 0.000992751 0.00149941 0.000897992 0.00052177 8.96598e-05 0.000690329 0.00120468 0.000110445 0.000393307 0.000444841 0.00188311 0.00104086 0.000829559 6.18032e-05 0.000723226 0.000622716 0.001011 0.00055264 0 0.000606507 0.000724556 0.00141003 0.00180112 0.000663154 9.9757e-05 0.000570891 0 0 0 0 0 0 0 0 0 0 0 0 0 0 0 0 0 0 
0 0 0 0 0 0 0 0 0 0 0 0 0 0 0 0 0 0 0 0 0.000404657 0.00108834 0.000878192 0.000727963 0.00104655 0.000673114 0.00124779 0.00181831 0.000757302 0.000774476 0.00175847 0.00076413 0.000538383 0.000358076 0.000482292 0.000624093 0.00312911 0.00101247 9.4461e-05 0.00182337 0.000114989 0.000671992 0.000729824 0.000389423 0.000290284 0.000361529 0.000601181 0.000425294 0.000437408 0.000374265 0.000115152 0 0 0 0 0 0 0 0 0 0 0 0 0 0 0 0 0 0 
0 0 0 0 0 0 0 0 0 0 0 0 0 0 0 0 0 0 0 0 0.000260985 0.000908378 0.000487789 0.000612431 0.000438527 0.000699231 0.000353031 0.000920402 0.00117527 0.0012847 0.000371909 0.000586567 0.000390454 0.000507011 0.00184427 0.00151438 4.38788e-05 1.8904e-05 0.000213065 0.000602676 0.000118111 0.000150592 0.00104378 0.000955031 6.73791e-05 5.80385e-05 0.000118759 0.000262519 0 0 0 0 0 0 0 0 0 0 0 0 0 0 0 0 0 0 0 0 0 
0 0 0 0 0 0 0 0 0 0 0 0 0 0 0 0 0 0 0 0 0 0 0.00025574 0.0013324 0.000558902 0.000270936 0.000618573 0.000160073 0.000738462 0.00168863 0.000949684 0.00127665 0.00118088 0.000463923 0.000960032 0.00062471 1.84042e-05 0.000211764 0.000383649 0.000522821 0.000474354 0.00045893 0.000218907 0.000104931 0.000925301 0.000312713 0.000130787 0.000289107 0 0 0 0 0 0 0 0 0 0 0 0 0 0 0 0 0 0 0 0 0 
0 0 0 0 0 0 0 0 0 0 0 0 0 0 0 0 0 0 0 0 0 0 0 0.000792836 0.00126134 0.000791872 0.000226824 0.00073117 0.000990348 0.000246055 0.00104327 0.000277157 0.00120898 0.00100369 0.000326153 0.000587437 0.000394032 0.00165144 0.00108457 0.000913169 0.000545557 0.000586283 0.000727205 0.000536203 0.000600774 0 0 0 0 0 0 0 0 0 0 0 0 0 0 0 0 0 0 0 0 0 0 0 0 
0 0 0 0 0 0 0 0 0 0 0 0 0 0 0 0 0 0 0 0 0 0 0 3.35408e-06 0.000185299 0.000326404 0.000134071 0.00133242 0.000561614 0.000514912 0.000190677 0.000771814 0.00135329 0.000590822 0.00113983 0.00138241 0.00109623 0.00119165 0.00181657 0.00088357 0.000241783 0.00223135 0.000670422 0.00052706 0 0 0 0 0 0 0 0 0 0 0 0 0 0 0 0 0 0 0 0 0 0 0 0 0 
0 0 0 0 0 0 0 0 0 0 0 0 0 0 0 0 0 0 0 0 0 0 0 0 0 0 4.8084e-05 0.000495289 0.000827808 0.000477526 0.000181923 0.000914973 0.000625067 0.00156082 0.00160618 0.00211305 0.000613987 0.00105749 0.00066 3.33375e-05 0.000120743 0.00089543 0 0 0 0 0 0 0 0 0 0 0 0 0 0 0 0 0 0 0 0 0 0 0 0 0 0 0 
0 0 0 0 0 0 0 0 0 0 0 0 0 0 0 0 0 0 0 0 0 0 0 0 0 0 0 0 0 0 0 0.000177447 0.000473747 0.000784127 0.000653313 0.000434792 0.000563786 0.00103928 0.000680085 0 0 0 0 0 0 0 0 0 0 0 0 0 0 0 0 0 0 0 0 0 0 0 0 0 0 0 0 0 0 
0 0 0 0 0 0 0 0 0 0 0 0 0 0 0 0 0 0 0 0 0 0 0 0 0 0 0 0 0 0 0 0 0 0 0 0 0 0 0 0 0 0 0 0 0 0 0 0 0 0 0 0 0 0 0 0 0 0 0 0 0 0 0 0 0 0 0 0 0 
0 0 0 0 0 0 0 0 0 0 0 0 0 0 0 0 0 0 0 0 0 0 0 0 0 0 0 0 0 0 0 0 0 0 0 0 0 0 0 0 0 0 0 0 0 0 0 0 0 0 0 0 0 0 0 0 0 0 0 0 0 0 0 0 0 0 0 0 0 
0 0 0 0 0 0 0 0 0 0 0 0 0 0 0 0 0 0 0 0 0 0 0 0 0 0 0 0 0 0 0 0 0 0 0 0 0 0 0 0 0 0 0 0 0 0 0 0 0 0 0 0 0 0 0 0 0 0 0 0 0 0 0 0 0 0 0 0 0 
0 0 0 0 0 0 0 0 0 0 0 0 0 0 0 0 0 0 0 0 0 0 0 0 0 0 0 0 0 0 0 0 0 0 0 0 0 0 0 0 0 0 0 0 0 0 0 0 0 0 0 0 0 0 0 0 0 0 0 0 0 0 0 0 0 0 0 0 0 
0 0 0 0 0 0 0 0 0 0 0 0 0 0 0 0 0 0 0 0 0 0 0 0 0 0 0 0 0 0 0 0 0 0 0 0 0 0 0 0 0 0 0 0 0 0 0 0 0 0 0 0 0 0 0 0 0 0 0 0 0 0 0 0 0 0 0 0 0 
0 0 0 0 0 0 0 0 0 0 0 0 0 0 0 0 0 0 0 0 0 0 0 0 0 0 0 0 0 0 0 0 0 0 0 0 0 0 0 0 0 0 0 0 0 0 0 0 0 0 0 0 0 0 0 0 0 0 0 0 0 0 0 0 0 0 0 0 0 
0 0 0 0 0 0 0 0 0 0 0 0 0 0 0 0 0 0 0 0 0 0 0 0 0 0 0 0 0 0 0 0 0 0 0 0 0 0 0 0 0 0 0 0 0 0 0 0 0 0 0 0 0 0 0 0 0 0 0 0 0 0 0 0 0 0 0 0 0 
0 0 0 0 0 0 0 0 0 0 0 0 0 0 0 0 0 0 0 0 0 0 0 0 0 0 0 0 0 0 0 0 0 0 0 0 0 0 0 0 0 0 0 0 0 0 0 0 0 0 0 0 0 0 0 0 0 0 0 0 0 0 0 0 0 0 0 0 0 
0 0 0 0 0 0 0 0 0 0 0 0 0 0 0 0 0 0 0 0 0 0 0 0 0 0 0 0 0 0 0 0 0 0 0 0 0 0 0 0 0 0 0 0 0 0 0 0 0 0 0 0 0 0 0 0 0 0 0 0 0 0 0 0 0 0 0 0 0 
0 0 0 0 0 0 0 0 0 0 0 0 0 0 0 0 0 0 0 0 0 0 0 0 0 0 0 0 0 0 0 0 0 0 0 0 0 0 0 0 0 0 0 0 0 0 0 0 0 0 0 0 0 0 0 0 0 0 0 0 0 0 0 0 0 0 0 0 0 
0 0 0 0 0 0 0 0 0 0 0 0 0 0 0 0 0 0 0 0 0 0 0 0 0 0 0 0 0 0 0 0 0 0 0 0 0 0 0 0 0 0 0 0 0 0 0 0 0 0 0 0 0 0 0 0 0 0 0 0 0 0 0 0 0 0 0 0 0 
0 0 0 0 0 0 0 0 0 0 0 0 0 0 0 0 0 0 0 0 0 0 0 0 0 0 0 0 0 0 0 0 0 0 0 0 0 0 0 0 0 0 0 0 0 0 0 0 0 0 0 0 0 0 0 0 0 0 0 0 0 0 0 0 0 0 0 0 0 
0 0 0 0 0 0 0 0 0 0 0 0 0 0 0 0 0 0 0 0 0 0 0 0 0 0 0 0 0 0 0 0 0 0 0 0 0 0 0 0 0 0 0 0 0 0 0 0 0 0 0 0 0 0 0 0 0 0 0 0 0 0 0 0 0 0 0 0 0 
