7.14646 0 0 0 0 0 0 0 0 0 0 0 0 0 0 0 0 0 0 0 0 0 0 0 0 0 0 0 0 1.81323e-05 2.28656e-05 0 0 0 1.96401e-05 6.17314e-05 0.000523438 0.000838415 0.000291866 2.05678e-05 0 0 0 0 0 0 0 0 0 0 0 0 0 0 0 0 0 0 0 0 0 0 0 0 0 0 0 0 0 
0 0 0 0 0 0 0 0 0 0 0 0 0 0 0 0 0 0 0 0 0 0 0 0 0 0 0.000874366 0.00551089 0.0103198 0.0158708 0.00637798 0 0 0 0.000572216 0.00237752 0.00282669 0.0167922 0.00776778 0.00189274 0.000550691 0 0.000131656 0.000388209 0 0 0 0 0 0 0 0 0 0 0 0 0 0 0 0 0 0 0 0 0 0 0 0 0 
0 0 0 0 0 0 0 0 0 0 0 0 0 0 0 0 0 0 0 0 0 0 0 0.000870008 0.00336387 0.00493445 0.0213859 0.0413207 0.0267073 0.0178116 0.00672005 0.000313471 0.000716974 0.000608211 0.00199645 0.005555 0.00866711 0.0244021 0.0110624 0.00431946 0.000346675 1.80364e-05 0.00237522 0.00552542 0.000599922 0.000270708 0.000532843 6.94495e-05 0 0 0 0 0 0 0 0 0 0 0 0 0 0 0 0 0 0 0 0 0 
0 0 0 0 0 0 0 0 0 0 0 0 0 0 0 0 0 0 0 0 9.24237e-05 0.00306637 0.0085724 0.0179614 0.0252972 0.030024 0.0290208 0.0476631 0.0588769 0.017774 0.00405911 0.00168105 0.00742029 0.00367655 0.00814133 0.0191483 0.0223649 0.0209691 0.0172146 0.0156902 0.00580027 0.000894359 0.00268265 0.00722401 0.00496344 0.00302047 0.00402002 0.00278651 0.000279013 0.000607166 1.77197e-05 0 0 0 0 0 0 0 0 0 0 0 0 0 0 0 0 0 0 
0 0 0 0 0 0 0 0 0 0 0 0 0 0 0 0 0 0 0 0.000301557 0.00515279 0.0155868 0.0167633 0.0302794 0.0370237 0.0377575 0.0334901 0.0458408 0.0465375 0.0229456 0.0109193 0.00524463 0.0171522 0.0179317 0.0176594 0.0112256 0.0220703 0.0185504 0.0391136 0.0430898 0.0241722 0.00945062 0.00123931 0.00523363 0.0125805 0.00905953 0.00697699 0.00826306 0.00249693 0.00294806 0.00123541 0.000126067 0 0 0 0 0 0 0 0 0 0 0 0 0 0 0 0 0 
0 0 0 0 0 0 0 0 0 0 0 0 0 0 0 0 0.000107513 0.00148356 0.00109301 0.000661397 0.0052778 0.00640278 0.00570903 0.0136 0.016394 0.0263536 0.0268444 0.0431881 0.0294321 0.0231701 0.0289149 0.0338727 0.0314471 0.0273441 0.0247655 0.0168752 0.0255981 0.0393015 0.0513686 0.0616094 0.0383143 0.0236651 0.0112723 0.00639503 0.0115224 0.0108607 0.00909299 0.0104585 0.00557754 0.00489306 0.0104248 0.00404864 0.000370876 0 0 0 0 0 0 0 0 0 0 0 0 0 0 0 0 
0 0 0 0 0 0 0 0 0 0 0 0 0 0 1.58404e-05 0.000351604 0.00273644 0.019208 0.0169169 0.0205358 0.0115857 0.0100114 0.0219326 0.0399954 0.0284773 0.0146021 0.0342739 0.0384689 0.0306687 0.0250389 0.0313851 0.038779 0.0218842 0.0215991 0.0215976 0.0242726 0.0234043 0.0378008 0.0294731 0.0464823 0.0301552 0.0234849 0.0143057 0.0156348 0.0167272 0.0163814 0.00719839 0.0106461 0.00937138 0.012317 0.010223 0.0116922 0.00156392 0 0 0 0 0 0 0 0 0 0 0 0 0 0 0 0 
0 0 0 0 0 0 0 0 0 0 0 0 0 0 0.00167436 0.00457249 0.00734625 0.00927608 0.00858526 0.0200115 0.0284752 0.0296292 0.0355849 0.0606869 0.0236073 0.0244953 0.0498552 0.0400324 0.0228487 0.0376782 0.0379739 0.0563462 0.0325981 0.0209795 0.0327094 0.0249778 0.0246163 0.0281019 0.0171909 0.0313609 0.0271807 0.0195397 0.0295692 0.0364236 0.0333031 0.0208972 0.00789906 0.00460354 0.00770491 0.0152236 0.00659192 0.0163133 0.00991321 0.00104501 0.0040776 0.00192254 1.00603e-05 0 0 0 0 0 0 0 0 0 0 0 0 
0 0 0 0 0 0 0 0 0 0 0 0 0 0.00294652 0.0140295 0.02551 0.0246728 0.0360638 0.0165251 0.0135671 0.0146094 0.0211509 0.0354018 0.0385756 0.0240408 0.0441493 0.073785 0.0679646 0.0444284 0.025818 0.0223168 0.0389742 0.0423309 0.0205624 0.0308855 0.0217929 0.0240128 0.0187432 0.0185352 0.0480757 0.029654 0.015358 0.0179458 0.0336857 0.0232974 0.0205692 0.0108544 0.00539626 0.00726234 0.0135208 0.0124406 0.0151267 0.0177826 0.00690603 0.00757055 0.00684936 0.001029 0 0 0 0 0 0 0 0 0 0 0 0 
0 0 0 0 0 0 0 0 0 0 0 0 0.000244346 0.0209635 0.0474711 0.0384627 0.0349305 0.0445147 0.0317648 0.0281203 0.027301 0.0447985 0.0441201 0.0415364 0.04353 0.0350789 0.037431 0.0430972 0.0345939 0.0201363 0.0213287 0.0390998 0.0423865 0.0197974 0.0194007 0.0255929 0.0211037 0.0121689 0.0296884 0.047339 0.0385127 0.0373376 0.0183299 0.0257382 0.0160623 0.00692642 0.00623662 0.0135616 0.00751613 0.0115414 0.0123641 0.015575 0.0208064 0.0132742 0.00792254 0.00576853 0.00212331 0.00027867 0 0 0 0 0 0 0 0 0 0 0 
0 0 0 0 0 0 0 0 0 0 0 0 0.000315201 0.00871183 0.0264533 0.0433276 0.0426879 0.0395245 0.0265996 0.0218573 0.0168151 0.0397625 0.034604 0.0376917 0.0500016 0.0385196 0.0325869 0.0327076 0.0334453 0.0464882 0.0441225 0.0603235 0.0491665 0.0204414 0.0187485 0.0277549 0.0259361 0.0172264 0.0354356 0.0334733 0.0222314 0.039639 0.0209137 0.0301951 0.0272018 0.0059798 0.00650731 0.0179846 0.0264525 0.00845361 0.0140111 0.0137752 0.0159239 0.00783889 0.00510426 0.00381683 0.00207102 0.00112944 0.00129327 0.000234357 0 0 0 0 0 0 0 0 0 
0 0 0 0 0 0 0 0 0 3.89187e-05 0.00196151 0.00407572 0.00593869 0.0136992 0.02378 0.039241 0.0462742 0.0414179 0.0249804 0.0166094 0.0117691 0.0257819 0.0279696 0.0325195 0.0483167 0.0454805 0.0373554 0.0574445 0.0477118 0.0318502 0.0302389 0.0475276 0.0392024 0.0285797 0.0219064 0.0278348 0.0212561 0.033193 0.0477141 0.0321969 0.0179966 0.011507 0.0165197 0.0247989 0.0402393 0.0154546 0.00778149 0.0227546 0.0534887 0.00994551 0.0110831 0.0118003 0.0119497 0.00991356 0.00928761 0.00576396 0.00427281 0.00342054 0.00760917 0.00369042 3.98159e-05 0 0 0 0 0 0 0 0 
0 0 0 0 0 0 0 0 0 0.0019302 0.0129345 0.0180236 0.0344059 0.0224467 0.0139997 0.037658 0.055415 0.0409203 0.045112 0.0363189 0.0219386 0.035294 0.0678132 0.0552167 0.0333597 0.0461016 0.016002 0.0292696 0.0445014 0.0222932 0.0298236 0.0292269 0.0322566 0.0333772 0.0366425 0.0333241 0.0304417 0.0386537 0.0451777 0.0384359 0.0190533 0.022474 0.029584 0.0367723 0.0433653 0.0125861 0.00768869 0.0153097 0.0168543 0.0123399 0.0157557 0.0232176 0.0163755 0.0149745 0.00890345 0.00799742 0.00745169 0.00465778 0.0047079 0.00413248 0.000594161 0 0 0 0 0 0 0 0 
0 0 0 0 0 0 0 0 0.000243724 0.00647443 0.00800964 0.0133601 0.0246282 0.0310951 0.0393018 0.0385866 0.0458773 0.0482837 0.0445222 0.0396782 0.0315749 0.023406 0.0248157 0.0198387 0.0353628 0.0535737 0.033819 0.0255133 0.0322682 0.0235435 0.0266563 0.0342045 0.0366133 0.0341633 0.0320023 0.0296386 0.0232629 0.0207709 0.0249236 0.0263937 0.0144043 0.0113375 0.0150886 0.01733 0.01916 0.0100269 0.0153239 0.022129 0.0147299 0.0140185 0.013295 0.0181423 0.0127777 0.01439 0.0072925 0.00403167 0.00641606 0.00857344 0.00328895 0.00774874 0.0025305 0.000140988 0 0 0 0 0 0 0 
0 0 0 0 0 0 0 0.000165155 0.00295079 0.00918482 0.0190041 0.0232492 0.0211786 0.0361238 0.0647772 0.0572671 0.0384663 0.0414916 0.0401723 0.0396986 0.0455903 0.0154065 0.0112028 0.0161101 0.0245816 0.0305884 0.0187929 0.0272792 0.0350052 0.0403026 0.0506036 0.0389403 0.0327581 0.0363743 0.0236226 0.0235095 0.0167721 0.0246987 0.0275963 0.02418 0.0176299 0.0139352 0.028509 0.0283129 0.0225153 0.0147863 0.0139099 0.0135256 0.0128416 0.0118642 0.0141637 0.0112858 0.0184765 0.0222513 0.020849 0.0133985 0.010541 0.00823524 0.00480956 0.00487509 0.00359983 0.000148625 0 0 0 0 0 0 0 
0 0 0 0 0 0 5.39859e-05 0.000168895 0.00181779 0.0195364 0.0430069 0.028513 0.0373557 0.0319715 0.0404288 0.0623629 0.0258229 0.0332517 0.0373134 0.0324113 0.025658 0.0269736 0.0222686 0.0183383 0.021134 0.0327852 0.0268202 0.0285 0.0335826 0.0347149 0.0472864 0.054212 0.03761 0.0225145 0.0145944 0.0091168 0.0259651 0.0223544 0.0227953 0.0298866 0.02866 0.0188339 0.0155015 0.0245631 0.0148959 0.00711075 0.0109781 0.0131468 0.0144743 0.0202144 0.0180391 0.0150128 0.0199996 0.0213632 0.0210413 0.0140896 0.0155571 0.00901537 0.00653025 0.00266607 0.00382494 0.00171036 0.000185562 0 0 0 0 0 0 
0 0 0 0 0 3.07633e-05 0.0036604 0.00748786 0.00458066 0.0235109 0.0333688 0.0231315 0.0329514 0.0345168 0.052753 0.0436704 0.0202753 0.0277265 0.0382197 0.0224749 0.0203964 0.0231544 0.0241486 0.0201659 0.0264618 0.0431439 0.0325603 0.0328033 0.0312609 0.0242033 0.0244567 0.0465663 0.0432555 0.0274073 0.0172145 0.0197111 0.0378163 0.0402774 0.0196728 0.0190148 0.0199622 0.0278031 0.0173875 0.0251036 0.0193323 0.00977531 0.0144614 0.0166164 0.0156961 0.0208104 0.0218903 0.0187983 0.0333217 0.0242936 0.013946 0.0117182 0.0114534 0.00871382 0.00424761 0.00512883 0.00746644 0.00770829 0.00187424 0 0 0 0 0 0 
0 0 0 0 0 0.00138064 0.0177254 0.0254725 0.0280981 0.0278022 0.0275782 0.050641 0.0373997 0.0263654 0.0341908 0.0290022 0.0241447 0.0210323 0.0254479 0.0281429 0.0443727 0.0443535 0.0563803 0.0458183 0.0267499 0.039325 0.0404636 0.0377142 0.032312 0.025421 0.0324419 0.0447704 0.032503 0.0378307 0.01985 0.021073 0.021119 0.0196563 0.0245021 0.0111997 0.0165729 0.0279902 0.0297007 0.0211433 0.0167311 0.00916483 0.0119698 0.0151861 0.0111824 0.0152833 0.0256746 0.019858 0.0269043 0.0123061 0.00997904 0.0109328 0.0139851 0.0148506 0.009118 0.0069599 0.00593642 0.00751297 0.00802502 0.0019366 1.35633e-07 0 0 0 0 
0 0 0 0 0 0.00190899 0.0170574 0.0241357 0.0429319 0.0426737 0.0358314 0.0445022 0.0288522 0.0344495 0.0270291 0.0219011 0.0247388 0.0270047 0.0237105 0.0325334 0.0343827 0.0386263 0.0493377 0.0473778 0.0230036 0.0152523 0.0341251 0.03774 0.120008 0.0656171 0.0240431 0.0237024 0.0255819 0.0387639 0.0293109 0.0327812 0.0106196 0.0125432 0.0235686 0.0271583 0.0299271 0.0412142 0.0387823 0.0162526 0.0143304 0.00775173 0.00903704 0.0123781 0.0190242 0.0149887 0.0133806 0.0123192 0.0107584 0.00642331 0.016032 0.00767435 0.00765539 0.0133864 0.0147612 0.00851835 0.0028163 0.00768675 0.00862648 0.00535872 0.000221187 0 0 0 0 
0 0 0 2.82012e-06 6.90723e-05 0.000182385 0.0128378 0.0193828 0.0285787 0.0506595 0.0450073 0.034609 0.0557074 0.0449719 0.0374748 0.0311375 0.0314149 0.0388206 0.0449 0.0564644 0.0319352 0.0256483 0.0383882 0.0368696 0.0165664 0.0127574 0.0292449 0.0512786 0.0762974 0.0587198 0.0213502 0.0110284 0.0190934 0.0354334 0.0312942 0.0278457 0.0185054 0.0102277 0.0177425 0.0270444 0.0256325 0.0184198 0.0237212 0.012836 0.0122139 0.00649817 0.0150176 0.0130031 0.0166978 0.0160452 0.0161081 0.0164556 0.0150792 0.00975117 0.0129911 0.0139658 0.00647616 0.00795859 0.00701392 0.00787599 0.00396323 0.00557965 0.00488088 0.00719846 0.0013737 0 0 0 0 
0 0 0 0.000497738 0.0164621 0.0106617 0.00507396 0.0144511 0.0280446 0.037179 0.0790851 0.0321922 0.0523008 0.057589 0.0614573 0.0399865 0.0426129 0.0499357 0.0445786 0.0354614 0.026345 0.0304977 0.045144 0.0292187 0.0231193 0.0155583 0.0202432 0.0286146 0.0345328 0.0175127 0.0239818 0.0258726 0.0167087 0.0190289 0.019807 0.0254951 0.0245837 0.0252607 0.0524931 0.0835435 0.0330516 0.0187911 0.0189976 0.0189316 0.0155557 0.0115132 0.0145649 0.0150714 0.0215441 0.0188588 0.0251063 0.0246585 0.0291222 0.0200049 0.0181889 0.0168496 0.0103068 0.00570393 0.00486898 0.00809278 0.00485148 0.00483056 0.00362726 0.00504844 0.00133966 0 0 0 0 
0 0 0 0.00767708 0.0589944 0.0379565 0.0192512 0.0261645 0.0506811 0.0380899 0.0722176 0.0266567 0.045825 0.0660288 0.0802219 0.0384188 0.043537 0.0468557 0.0419959 0.0301857 0.0299184 0.0373548 0.049683 0.058975 0.0454489 0.0262139 0.0161961 0.028083 0.0272253 0.0275383 0.026773 0.0319821 0.024098 0.0146665 0.012447 0.0262024 0.0297805 0.0573583 0.0805057 0.075857 0.0249942 0.0136176 0.0199955 0.0278185 0.0189739 0.00995501 0.00914448 0.0187989 0.0272202 0.0195627 0.0212814 0.0176249 0.023398 0.0262793 0.0195574 0.0117994 0.0142576 0.00981742 0.00400098 0.00877401 0.012171 0.0125006 0.0106362 0.00324012 0.0024021 0.00062141 0 0 0 
0 0 2.80361e-05 0.00443878 0.0479969 0.0373865 0.0182599 0.031324 0.0369392 0.0496462 0.0719022 0.0396253 0.036219 0.0332707 0.0506669 0.0355868 0.0552454 0.0428308 0.04129 0.0219359 0.0263921 0.0461232 0.0474516 0.0527854 0.070859 0.0406742 0.0271608 0.0371782 0.0376966 0.040312 0.0423223 0.0288204 0.0299144 0.0179663 0.0241632 0.0259129 0.0379194 0.064671 0.0704409 0.0510755 0.0108336 0.00681026 0.0170492 0.0247916 0.0233038 0.0323699 0.0148319 0.00808054 0.0160146 0.0177079 0.0150398 0.0163083 0.0131322 0.0433641 0.0372196 0.00977297 0.0136227 0.0140808 0.0171431 0.00553285 0.0152084 0.0161555 0.0191653 0.00785985 0.00437462 0.00446756 0.000167643 0 0 
0 0 0.00314441 0.0217119 0.0421631 0.0487135 0.039561 0.025274 0.030998 0.0537315 0.0514281 0.0382757 0.043329 0.0535099 0.0490539 0.025609 0.0322994 0.0305661 0.0229392 0.0174067 0.0212517 0.0289192 0.0456169 0.0449989 0.0638076 0.0319051 0.0180652 0.0223401 0.0330507 0.0333704 0.0315777 0.031055 0.0330235 0.0269557 0.07757 0.0745402 0.0600191 0.0468964 0.0338488 0.0335537 0.0225739 0.00774439 0.0144157 0.0220851 0.0376023 0.0381839 0.0203011 0.009432 0.0134068 0.01091 0.0134313 0.00881857 0.0127831 0.0297935 0.0488772 0.0180979 0.0150872 0.0155703 0.0321595 0.0208342 0.0219932 0.0169269 0.022461 0.0167345 0.002691 0.00808021 0.00268456 0.000146709 0 
0 0 0.0111095 0.0374682 0.0365389 0.0417485 0.0357029 0.034045 0.0513697 0.0397946 0.0497791 0.0447753 0.0323304 0.055716 0.0398562 0.0344777 0.031738 0.0296448 0.0321379 0.0237803 0.0247989 0.0240516 0.0350921 0.0252992 0.0385448 0.0189215 0.015446 0.0172747 0.0262597 0.0226339 0.030924 0.037837 0.0325362 0.0475073 0.0786046 0.0710749 0.0481701 0.050331 0.0364711 0.0363111 0.0318633 0.0293564 0.023754 0.0140221 0.0185741 0.0339909 0.0171274 0.017808 0.0119116 0.00579674 0.0160281 0.0168975 0.0314486 0.0236315 0.029472 0.0165003 0.0101294 0.00927526 0.0212269 0.0358348 0.0202565 0.0155826 0.0148028 0.0132171 0.0042992 0.00595249 0.00178178 0.000162411 0 
0 0.000219765 0.0135025 0.0359028 0.0308009 0.029315 0.0192819 0.0273853 0.0404092 0.0441879 0.0532753 0.0353838 0.01932 0.0362198 0.0419804 0.06997 0.0573096 0.0419252 0.0212888 0.0237292 0.0266722 0.0369118 0.0397045 0.0515758 0.0346836 0.0183415 0.0232999 0.0248732 0.0317112 0.0352784 0.0492358 0.0518988 0.0604053 0.0710644 0.0522799 0.0285073 0.028046 0.0290295 0.0234373 0.0230911 0.0210092 0.0235692 0.0527111 0.0160033 0.0173482 0.0289029 0.0211681 0.0154797 0.0123095 0.00613953 0.0246262 0.0208405 0.0228167 0.0191024 0.0155689 0.0125809 0.0134252 0.0108794 0.0145249 0.0221514 0.020442 0.01201 0.00682852 0.00844403 0.00750058 0.0060052 0.00234622 0.00015307 0 
0 0.0013749 0.0214568 0.0437018 0.0291119 0.0177463 0.016066 0.0320245 0.0310288 0.0254681 0.0530725 0.0416029 0.0328305 0.0378163 0.0456032 0.0495448 0.0380228 0.035893 0.0208007 0.0375627 0.0294089 0.0223791 0.0402367 0.0555366 0.0272975 0.0178121 0.0317884 0.0259828 0.0487305 0.098748 0.070203 0.0549561 0.0951771 0.0698745 0.0401647 0.0317708 0.0270273 0.0302659 0.0303 0.0365094 0.0412352 0.0613547 0.0491898 0.0236143 0.0179537 0.0180021 0.0307971 0.0123941 0.0189564 0.0280216 0.0233144 0.0139332 0.012727 0.0167096 0.0151816 0.0118215 0.0145151 0.0133744 0.0178354 0.0202689 0.0266735 0.0111782 0.0112074 0.0149766 0.00917275 0.0060005 0.00860245 8.97474e-05 0 
0 0.00102173 0.0290722 0.0372153 0.0231874 0.0177612 0.0132348 0.0347298 0.0319322 0.0318738 0.0434856 0.0501165 0.0293904 0.0201323 0.0210562 0.0299916 0.0260835 0.0246349 0.0217682 0.0426079 0.0269862 0.0329636 0.0153297 0.0338285 0.0365262 0.038663 0.0721599 0.0521798 0.0542387 0.104145 0.0508033 0.0526422 0.0525354 0.0330819 0.0325723 0.0445256 0.0549732 0.0741376 0.0789917 0.0565156 0.0379084 0.0558882 0.0396763 0.0301948 0.0214747 0.0216141 0.0320375 0.0094194 0.0116423 0.015942 0.0148216 0.0134481 0.0114957 0.0112983 0.00969549 0.0102452 0.0142309 0.0210271 0.0216472 0.0244744 0.0169081 0.0104136 0.0111153 0.0107668 0.00949735 0.00651374 0.00719726 0.00238678 0.000509643 
0 0.000784047 0.0193761 0.0255419 0.0296545 0.0184872 0.0125121 0.0389622 0.0383182 0.0492448 0.0531115 0.0347369 0.0340316 0.0223477 0.016279 0.0269782 0.0266523 0.0259465 0.0272816 0.0259921 0.0264817 0.0440371 0.0293824 0.030631 0.03566 0.0396709 0.078647 0.0762952 0.0337519 0.0790112 0.0399806 0.0531779 0.0519309 0.0376819 0.0309178 0.0647431 0.0826189 0.115674 0.109265 0.095212 0.0492177 0.0228079 0.0169701 0.0140221 0.0102179 0.019155 0.0112214 0.0120677 0.0114705 0.0157384 0.0177075 0.022891 0.0145958 0.0156127 0.0309915 0.015053 0.0124548 0.0118991 0.0108268 0.0117616 0.0079405 0.0142942 0.0191922 0.0118188 0.00619246 0.00578702 0.00933565 0.00860954 0.00109701 
1.5585e-05 0.00244749 0.0129628 0.0206074 0.0367328 0.0469494 0.0355884 0.0400174 0.0281166 0.0417201 0.0616049 0.0507145 0.0427374 0.0585424 0.0244389 0.0132309 0.0272958 0.0436625 0.0371084 0.0401728 0.0279033 0.0447768 0.0466886 0.0563114 0.0627115 0.0511114 0.0624771 0.0629626 0.0246818 0.044797 0.0519822 0.0398013 0.0495677 0.045774 0.0419253 0.0585548 0.0743029 0.114376 0.113334 0.0618951 0.0567253 0.050282 0.0191344 0.0123986 0.0087259 0.00968839 0.00781836 0.0158081 0.0204605 0.020776 0.0250234 0.0288589 0.0175679 0.0198324 0.0422801 0.0179579 0.0128371 0.0118171 0.010883 0.010269 0.0131381 0.0208148 0.0184399 0.0113987 0.00768458 0.00832834 0.00577588 0.00308892 0.000591596 
0.000219432 0.00511766 0.00342461 0.0157025 0.0322377 0.0525126 0.065442 0.040073 0.037387 0.0411686 0.0625155 0.0478439 0.043522 0.0458368 0.0282424 0.0233931 0.025176 0.0395213 0.0292672 0.0342424 0.0314732 0.0417406 0.0528543 0.0790945 0.0601321 0.0265789 0.0539955 0.0685361 0.0401484 0.0363155 0.0418136 0.0553304 0.0373068 0.0338903 0.0420116 0.0805673 0.0736214 0.10083 0.109146 0.0571173 0.04246 0.0736361 0.0359651 0.0152328 0.028053 0.0180107 0.00676553 0.025215 0.0238126 0.0333799 0.0512073 0.0270185 0.0214153 0.0275124 0.0290606 0.0274691 0.0180379 0.0144905 0.011126 0.0108442 0.0188991 0.0189299 0.0181472 0.00779118 0.00720541 0.00866502 0.00437507 0.00176291 0.000198187 
0.000271021 0.0098004 0.0067722 0.0096986 0.0373529 0.0444651 0.0539891 0.0419597 0.0411188 0.0321548 0.0339915 0.0317672 0.0202035 0.0315952 0.0383581 0.0463438 0.0197876 0.0318591 0.0333514 0.0238609 0.0183014 0.0580724 0.0498813 0.0786117 0.083018 0.0397417 0.0415667 0.076793 0.0950395 0.0845228 0.0857893 0.0776667 0.0539522 0.0317093 0.0378908 0.0480429 0.0725721 0.0975945 0.100877 0.0611275 0.0432285 0.0361412 0.0262532 0.0219124 0.0400658 0.0380489 0.0183464 0.0364646 0.0335919 0.0347318 0.0401112 0.0190476 0.0225667 0.0304843 0.037759 0.0234737 0.0289833 0.0123735 0.00702624 0.00662966 0.00879721 0.0105025 0.0106656 0.00761223 0.0102975 0.013724 0.00816673 0.00194079 0.000309579 
0.00019203 0.00579295 0.00465842 0.00917963 0.026719 0.0257193 0.0305329 0.028647 0.0262207 0.0216559 0.033018 0.0229013 0.0263711 0.0360593 0.055561 0.0619342 0.0405482 0.0237184 0.0244655 0.0458829 0.0619081 0.0607426 0.0364736 0.042909 0.0900762 0.0960295 0.0668682 0.058499 0.0670945 0.0896896 0.0717102 0.0941864 0.0918261 0.0634292 0.0657752 0.0885795 0.113781 0.117894 0.100581 0.0604498 0.0496939 0.0197235 0.0303369 0.0323276 0.0529047 0.0477154 0.0308466 0.0318056 0.0457586 0.0340084 0.0220458 0.00932504 0.0178496 0.0238779 0.0317442 0.0233702 0.0362386 0.022998 0.00876349 0.00784554 0.0106009 0.00680664 0.00551662 0.0087016 0.00767766 0.0074894 0.0051834 0.00459997 0.00183632 
1.8357e-05 0.000799851 0.00374531 0.0181199 0.0312796 0.0180504 0.0193404 0.0245327 0.0142799 0.0337774 0.0334612 0.0558681 0.0741332 0.0579403 0.0702446 0.0558674 0.0556099 0.0499073 0.0394437 0.0448174 0.0472355 0.0369682 0.0391222 0.0390406 0.0492289 0.0546107 0.0662817 0.0711201 0.0778302 0.0812552 0.0894885 0.0768564 0.103211 0.145637 0.146576 0.104019 0.0722922 0.058614 0.0640554 0.0559401 0.0541922 0.0718584 0.0441998 0.0247746 0.0309863 0.0377664 0.0286357 0.0250008 0.0329857 0.0418846 0.0257082 0.0180972 0.0159664 0.024789 0.027238 0.0249051 0.019207 0.0172325 0.0107283 0.00782006 0.00993336 0.00987955 0.00591887 0.00757124 0.00740937 0.00547758 0.00364678 0.00978217 0.00186745 
0 0 0.0066754 0.026709 0.04057 0.0401159 0.0356095 0.0345445 0.0309081 0.0422193 0.0333988 0.0410791 0.094203 0.0397246 0.0369431 0.0433546 0.054365 0.0531108 0.053178 0.0578204 0.0494188 0.0309755 0.0302315 0.0423961 0.0318382 0.0339448 0.0791143 0.0838064 0.0553569 0.0671361 0.0771695 0.0689167 0.10653 0.203804 0.278669 0.2003 0.0683317 0.033916 0.0714917 0.0594451 0.0690527 0.0691551 0.0574949 0.0344775 0.0419634 0.0349479 0.0405327 0.0666814 0.040353 0.0506342 0.0526972 0.0178052 0.0329798 0.0363528 0.017827 0.0190956 0.020424 0.0109023 0.00603158 0.00459554 0.00995356 0.0111736 0.00772996 0.00750671 0.00819777 0.00849151 0.00893115 0.0103866 0.00224357 
0 0 0.0115412 0.0181557 0.0273626 0.0531177 0.0285737 0.0441191 0.0430128 0.0397291 0.0416699 0.0259407 0.0334894 0.0292081 0.0386529 0.0358522 0.0493397 0.0547343 0.0588602 0.0516337 0.0555031 0.0464886 0.0602307 0.0469364 0.0276957 0.032733 0.0754869 0.0973982 0.0750963 0.0555564 0.0772443 0.111013 0.111588 0.154111 0.220504 0.191548 0.0724879 0.0519569 0.0819865 0.0850536 0.0687807 0.0589532 0.0471677 0.023489 0.0457521 0.0344643 0.032201 0.0674179 0.0473684 0.0231196 0.0281081 0.025989 0.0362484 0.032616 0.0325491 0.0359764 0.0348472 0.024106 0.00501697 0.00505855 0.00772832 0.00526403 0.00743358 0.00687781 0.00720119 0.0178549 0.0157068 0.010432 0.00297618 
0 1.7287e-05 0.011926 0.0261802 0.0321173 0.0833335 0.0616996 0.0468419 0.0477468 0.0480333 0.0472689 0.0488997 0.0457455 0.0445378 0.0323555 0.0290872 0.0406125 0.0724527 0.0999382 0.0534985 0.0473078 0.0442065 0.0586377 0.0577128 0.0224694 0.0357625 0.0498279 0.0798348 0.0976975 0.0882177 0.0740415 0.0624849 0.0906653 0.114154 0.111204 0.129751 0.0751137 0.0536648 0.0787639 0.142265 0.106616 0.0431741 0.0414501 0.0402554 0.0469827 0.0489958 0.0562835 0.0425586 0.0438272 0.0279718 0.0342589 0.030431 0.0349024 0.0342595 0.0476199 0.0388342 0.03051 0.0283304 0.00950482 0.00732709 0.00840465 0.00587879 0.00884734 0.0106274 0.0122991 0.0214345 0.0144084 0.00699953 0.00193508 
0 0.000209864 0.0178543 0.0366638 0.0215834 0.0565298 0.049111 0.0280224 0.0321377 0.0375804 0.0185242 0.0299753 0.0445461 0.0318182 0.0327521 0.0301526 0.0518197 0.0534133 0.0854363 0.0442014 0.0358323 0.0385733 0.0546744 0.0593668 0.0870865 0.069265 0.057599 0.0573717 0.0656575 0.0764192 0.0704502 0.05871 0.0981314 0.0920801 0.107163 0.094145 0.077315 0.0390059 0.0437526 0.089232 0.0803056 0.0497493 0.0405686 0.0620407 0.0619323 0.0558125 0.0711004 0.0421763 0.0519202 0.043391 0.0473425 0.0369805 0.0364995 0.0510676 0.0441013 0.0255142 0.0219341 0.0204787 0.0174345 0.0191396 0.0100847 0.00897197 0.00654077 0.00718101 0.00917836 0.00858809 0.00560565 0.00827346 0.0026842 
0 1.67222e-05 0.0152868 0.0397281 0.0202303 0.0261228 0.0224477 0.0240842 0.0257086 0.0255765 0.0206484 0.014243 0.031614 0.028941 0.0288773 0.0372995 0.0713298 0.0546605 0.0944126 0.086918 0.0421045 0.0465386 0.0410039 0.0747569 0.103732 0.0682948 0.028863 0.0356321 0.0548704 0.0738592 0.0673658 0.0614838 0.0782382 0.0380096 0.0628867 0.0886713 0.0697899 0.113415 0.0883842 0.0693955 0.045391 0.0420529 0.0384784 0.0462861 0.0288547 0.0389382 0.0517977 0.0490776 0.044931 0.0354195 0.0245081 0.0357849 0.035681 0.053993 0.0477269 0.0256514 0.0225966 0.03369 0.0386857 0.0283608 0.0241532 0.0157518 0.0116873 0.0132746 0.0126156 0.00917127 0.0113978 0.00926016 0.00278998 
0 2.38398e-05 0.00408828 0.0210981 0.017256 0.0157847 0.018483 0.0275685 0.0399937 0.0496011 0.0305177 0.021747 0.0287945 0.0377012 0.0379708 0.0457756 0.069318 0.0759113 0.08314 0.048405 0.0390378 0.0495384 0.0596529 0.0531468 0.0659871 0.0817018 0.0526329 0.0571119 0.0489691 0.0699644 0.0559787 0.0471431 0.0467197 0.0811838 0.088841 0.134009 0.0753383 0.0848737 0.0760488 0.0666744 0.0680268 0.0475999 0.0361907 0.0469942 0.0375899 0.044073 0.0501416 0.0468318 0.0287475 0.0268213 0.0281465 0.0406962 0.0405799 0.0328927 0.033718 0.0376033 0.0422843 0.0444075 0.0308007 0.0345755 0.0357748 0.0192377 0.0173941 0.0127528 0.0151407 0.0120673 0.0133103 0.0047976 0.00113509 
0 0.00192192 0.0117655 0.028285 0.0272565 0.0182905 0.0327779 0.0471834 0.0448469 0.0392967 0.0330566 0.028695 0.0298804 0.0381874 0.037953 0.0397535 0.0546484 0.0669908 0.0681789 0.0304624 0.0352046 0.0374273 0.0384071 0.0326069 0.0524667 0.0760898 0.0542401 0.0692275 0.0715626 0.0661146 0.0467828 0.0612234 0.0862932 0.212217 0.1753 0.0846808 0.0639186 0.0345877 0.0407107 0.0514685 0.0614045 0.0582634 0.0428499 0.0595848 0.070043 0.0373069 0.046672 0.0490946 0.0172122 0.0259098 0.0225497 0.0245318 0.0230523 0.0272193 0.0284368 0.0238335 0.0316403 0.05174 0.0249788 0.0205493 0.0375747 0.0239611 0.0187015 0.0159366 0.0201056 0.0214786 0.012081 0.00728659 0.00228088 
0 0.00188482 0.0152893 0.0273443 0.0314154 0.0175667 0.0460022 0.0483447 0.0230931 0.0292045 0.0322373 0.0408714 0.0486733 0.0493235 0.0381877 0.0465109 0.0455554 0.0332179 0.0384742 0.0312319 0.0455993 0.0634127 0.0453233 0.0385929 0.0599837 0.0760966 0.0771641 0.0741934 0.0561355 0.0499034 0.0326985 0.0712893 0.0676009 0.0747587 0.0803166 0.0478095 0.0379778 0.04405 0.0335483 0.0389854 0.0379296 0.0574563 0.0400102 0.0270122 0.0547419 0.0380914 0.0625368 0.0596013 0.0506579 0.0379833 0.0370077 0.0301461 0.0293656 0.0201534 0.0364786 0.0379647 0.0443919 0.042742 0.0281125 0.0230752 0.0167288 0.0123436 0.0135319 0.0135309 0.0216669 0.02192 0.00670443 0.00991364 0.0021454 
0 0.00122654 0.0112573 0.0175391 0.0216126 0.00838078 0.0158907 0.0198349 0.00991158 0.0138539 0.0116238 0.0322976 0.0511638 0.0343996 0.0313758 0.0639242 0.0350369 0.022751 0.0297189 0.0354937 0.035176 0.0409799 0.0428926 0.0442362 0.0510133 0.0736008 0.0704728 0.0682103 0.0693682 0.0678138 0.0497998 0.0582164 0.0789886 0.0915271 0.047566 0.0202546 0.0364814 0.0752595 0.0560192 0.0523008 0.0229488 0.0592327 0.0346519 0.030298 0.0305707 0.030988 0.0642794 0.0424567 0.0615394 0.0608832 0.0536328 0.0347039 0.0209027 0.0261686 0.0397161 0.0392431 0.0404603 0.033422 0.034233 0.028327 0.014956 0.00908771 0.0163522 0.0165875 0.025443 0.0225384 0.00802194 0.00800198 0.00181987 
0 0.000448253 0.00667901 0.0108179 0.00813612 0.00274731 0.00572929 0.0070377 0.0104604 0.0110191 0.00895186 0.0245697 0.0286766 0.0284607 0.0363009 0.0680869 0.0334967 0.027366 0.0199491 0.0346446 0.0243555 0.029334 0.0335303 0.0299157 0.037651 0.0481482 0.0216931 0.0222898 0.0456819 0.0712636 0.0497597 0.0497546 0.0688978 0.0493808 0.0348086 0.0345645 0.0409141 0.0590514 0.0447261 0.0395267 0.0365956 0.0779764 0.0368925 0.0321591 0.0381733 0.0457139 0.0598796 0.0493534 0.0393792 0.0550212 0.0521044 0.025874 0.0212313 0.0268616 0.0327442 0.0327454 0.0246253 0.0284964 0.058109 0.0396838 0.0244129 0.0207029 0.0171338 0.0301638 0.0269995 0.0210099 0.0048742 0.00331023 0.000305658 
0 6.72477e-05 0.00604107 0.00796884 0.00756887 0.00487671 0.0064301 0.00713097 0.0123634 0.00798482 0.0197643 0.0447133 0.0273594 0.0262587 0.0272659 0.0431358 0.0431494 0.045574 0.0197988 0.0239828 0.0228245 0.0226584 0.0264175 0.0262211 0.0230905 0.0466742 0.0273291 0.0151707 0.0457569 0.0552744 0.0335662 0.0438892 0.0306806 0.0289585 0.0422304 0.0253495 0.0243323 0.024915 0.0318387 0.0484927 0.0553937 0.0279679 0.0348933 0.0444542 0.038931 0.0471894 0.0455034 0.0639152 0.033175 0.0513913 0.0552916 0.0350708 0.0253968 0.0274735 0.0354297 0.0334242 0.0315451 0.0264241 0.0383093 0.0308786 0.0361769 0.0337618 0.0383333 0.0401546 0.0303889 0.0192167 0.0110441 0.00350742 0 
0 0 0.00395141 0.0133788 0.0131456 0.00622932 0.00605412 0.0048471 0.00774893 0.00542674 0.00952403 0.0375795 0.0226223 0.0273643 0.0199981 0.0159651 0.0214283 0.025087 0.0104505 0.0152956 0.00852981 0.0143526 0.0286574 0.047627 0.0306834 0.022084 0.0265877 0.0209385 0.0317321 0.0516831 0.0388882 0.0342151 0.0325765 0.0597121 0.0200345 0.0220245 0.0386391 0.0248966 0.0313171 0.0629646 0.0660152 0.0142775 0.0291865 0.0461761 0.0332483 0.0489113 0.0440204 0.0413283 0.027912 0.0383774 0.0407126 0.0349778 0.0231459 0.0226272 0.0250322 0.0228942 0.0295877 0.0215649 0.0312032 0.0246243 0.0305077 0.0322757 0.0307264 0.0337948 0.0215976 0.0142499 0.0128614 0.00424275 0 
0 0 0.000696573 0.012103 0.0196531 0.00436407 0.00270847 0.00749628 0.00395656 0.00303662 0.0037607 0.0182914 0.018255 0.0190092 0.0161597 0.00825362 0.0109909 0.0137965 0.0110398 0.0145256 0.0143589 0.0524819 0.0663367 0.0511843 0.0388167 0.027261 0.0277316 0.027063 0.0541741 0.0796191 0.0404266 0.038635 0.0502606 0.0476276 0.0221352 0.0265598 0.0355041 0.0227437 0.0239838 0.0329282 0.0368413 0.0152143 0.0216869 0.0384157 0.0410976 0.111857 0.0763212 0.0226434 0.0265425 0.0247509 0.0336259 0.0394572 0.0304884 0.0346796 0.0269914 0.0182308 0.0346939 0.0201987 0.0292774 0.0243438 0.0330349 0.0298154 0.0256818 0.0361521 0.0228486 0.00558253 0.00602341 0.00147575 0 
0 0 1.67175e-05 0.00122218 0.00444669 0.0010843 0.00223594 0.0111454 0.00370075 0.00464824 0.0100424 0.00978145 0.0102545 0.0157665 0.0134357 0.0076236 0.0098582 0.010494 0.0141885 0.0181315 0.0206644 0.0324085 0.0265239 0.0205531 0.0312711 0.0362237 0.0232643 0.0304857 0.0300585 0.0300731 0.035351 0.0382437 0.046791 0.0344272 0.0426068 0.0335741 0.0254645 0.0181282 0.0252869 0.0264798 0.0447375 0.043668 0.0409031 0.0537249 0.0448642 0.0537313 0.0342611 0.0205446 0.0416338 0.032527 0.0370374 0.0595348 0.0456256 0.0394859 0.0227585 0.0238591 0.0465838 0.0293787 0.034349 0.0230423 0.0186998 0.0347154 0.0359475 0.0244228 0.015904 0.00926226 0.00339179 5.34085e-06 0 
0 0 0 0 0 0.000275888 0.00616989 0.0112885 0.00354693 0.0115629 0.0163976 0.0137834 0.0128936 0.0125147 0.0125496 0.0190252 0.0122752 0.00994375 0.00539022 0.010996 0.026825 0.0213414 0.0157624 0.0105632 0.0158983 0.0532799 0.0291979 0.0229716 0.0186342 0.0141974 0.0360639 0.0479622 0.0466475 0.0252251 0.0268079 0.0198152 0.0299574 0.0350627 0.0293355 0.0258363 0.0347183 0.0277532 0.0252379 0.0370807 0.026259 0.0381456 0.036605 0.0371606 0.0262098 0.0275595 0.0256225 0.0449197 0.0519978 0.0406028 0.0305148 0.0578432 0.0659588 0.0467203 0.0286281 0.024246 0.0329163 0.0531193 0.0396423 0.0150084 0.0173352 0.00881531 0.0010994 0 0 
0 0 0 0 0 0.000224389 0.00539686 0.0105045 0.00412626 0.0111096 0.0134029 0.0149182 0.0170425 0.0177553 0.02392 0.0220013 0.0143438 0.00920253 0.00581099 0.00523577 0.0196614 0.0231924 0.0180526 0.0171443 0.0197998 0.0310667 0.0320472 0.032205 0.0318376 0.0233816 0.0237311 0.0477129 0.0508522 0.0195374 0.0186019 0.0188995 0.0223127 0.032634 0.0259168 0.0336807 0.0331448 0.0190767 0.0129815 0.00888832 0.0117051 0.0531366 0.0457544 0.0447651 0.0295951 0.0273527 0.0230964 0.0210954 0.0257212 0.0268694 0.0265415 0.0445491 0.0331967 0.0548498 0.0342313 0.0263159 0.0275898 0.0373342 0.0293803 0.0184418 0.0190838 0.00360459 0 0 0 
0 0 0 0 0 0.00146724 0.0109422 0.00979205 0.0073779 0.0179097 0.0127097 0.0169469 0.0253807 0.0202171 0.0123582 0.0138221 0.0086744 0.00995071 0.0148279 0.00873034 0.0109094 0.0141132 0.0182414 0.0196522 0.038062 0.0394546 0.0329861 0.0516704 0.0486384 0.0364448 0.0208763 0.02494 0.0562837 0.0301681 0.0226538 0.028256 0.0247261 0.0301348 0.0270084 0.044455 0.028298 0.0246403 0.0169621 0.0134206 0.0153648 0.0252385 0.0246718 0.0216871 0.028388 0.0248204 0.0198493 0.0174021 0.017437 0.0194261 0.0338575 0.0368087 0.0437505 0.0307489 0.0277129 0.0412917 0.038939 0.0240656 0.0234071 0.0121251 0.0105255 0.00224495 0 0 0 
0 0 0 0 0 0.00106339 0.0159945 0.00697943 0.0150091 0.0211272 0.0142177 0.0132669 0.0244085 0.0179512 0.0039004 0.0180704 0.0190255 0.0156372 0.0114905 0.0178207 0.0123702 0.00843266 0.0142092 0.0274901 0.0430852 0.0318254 0.0244168 0.0533222 0.0446942 0.0407554 0.0493935 0.0458877 0.030137 0.0194278 0.0346251 0.0289968 0.0315029 0.0248201 0.0252216 0.0467863 0.028876 0.0155007 0.0079634 0.0116604 0.0198066 0.0233391 0.021214 0.0214275 0.0250082 0.0342936 0.0229118 0.0220846 0.016797 0.0260375 0.0305833 0.0330976 0.027595 0.0348798 0.0325824 0.0312633 0.0306815 0.0268138 0.0437623 0.0313576 0.0119066 0.000187121 0 0 0 
0 0 0 0 0 0.000222941 0.0101179 0.00386448 0.00725369 0.0163488 0.0163536 0.0144999 0.0221491 0.0140097 0.00752214 0.0254591 0.0215969 0.0233702 0.0200226 0.0295401 0.0202238 0.0107761 0.016699 0.0240647 0.0300611 0.0289587 0.0232981 0.030152 0.0362381 0.0147522 0.0346852 0.0344178 0.0192473 0.0214462 0.0238939 0.0246109 0.0365939 0.0246 0.0352674 0.0349744 0.025502 0.0261238 0.0294273 0.0140709 0.00801331 0.0216075 0.0311064 0.0337019 0.0376429 0.0389586 0.0235343 0.0243197 0.0268082 0.0356692 0.0366826 0.0488873 0.0369088 0.0292002 0.0457105 0.019495 0.0118978 0.0160414 0.0343622 0.0297712 0.00510547 0 0 0 0 
0 0 0 0 0 5.54686e-06 0.00248536 0.00408922 0.00158271 0.00168419 0.00805972 0.00435458 0.00900479 0.00890319 0.00589876 0.011793 0.0111521 0.0112578 0.0145333 0.0253922 0.0239658 0.014214 0.0179918 0.0280327 0.0272887 0.0248771 0.022581 0.030742 0.0353593 0.0209112 0.0348214 0.0195712 0.015538 0.0144891 0.0122522 0.0137315 0.0297823 0.0259444 0.0271975 0.0335845 0.0283447 0.0280713 0.036101 0.0113351 0.013763 0.0275902 0.0353812 0.0159035 0.0217962 0.0239188 0.0268122 0.0298057 0.0371409 0.0422657 0.0249853 0.0339756 0.0394641 0.0246229 0.0416149 0.0290618 0.0316037 0.0140694 0.0363348 0.00825702 0.000135384 0 0 0 0 
0 0 0 0 0 0 0.000169691 0.000598236 0.000412259 1.90744e-05 0.00433412 0.00505428 0.00643448 0.00941001 0.0113702 0.00450865 0.00387081 0.0120792 0.0103968 0.0159301 0.0218844 0.0182039 0.016025 0.0286147 0.0212788 0.0138239 0.0196025 0.0431638 0.0438027 0.0391994 0.0556938 0.0331638 0.0228126 0.0169808 0.0169501 0.0224742 0.0240683 0.0146771 0.0169954 0.0244493 0.0234846 0.015931 0.00551899 0.00644723 0.0303267 0.0277261 0.0209385 0.00894604 0.0152308 0.0251263 0.0411076 0.0245349 0.0260658 0.0239909 0.0187833 0.0231802 0.0283062 0.0282739 0.0429108 0.0286971 0.0101418 0.00343343 0.0122761 0.00140433 0 0 0 0 0 
0 0 0 0 0 0 0 0 0 0.000156861 0.00214566 0.00815028 0.00573051 0.0025674 0.0076851 0.00901186 0.00680933 0.00489085 0.0155695 0.0137849 0.014777 0.0247399 0.0243143 0.0220248 0.0214214 0.016503 0.0224623 0.0386888 0.03617 0.0344235 0.022831 0.0180047 0.0294847 0.0279509 0.0242658 0.0195442 0.0241459 0.0262078 0.0227343 0.0177726 0.0181143 0.0179288 0.00357697 0.00814877 0.0202111 0.0223529 0.00952964 0.0153929 0.0165833 0.0192198 0.0415711 0.0293162 0.0243316 0.0206831 0.024751 0.0226994 0.0210224 0.0197789 0.0376146 0.013379 0.00166231 0.000898078 6.56407e-05 0 0 0 0 0 0 
0 0 0 0 0 0 0 0 0 0.00288149 0.011502 0.0128733 0.00890947 0.00341461 0.00617021 0.0059782 0.00916732 0.0127573 0.012653 0.0129514 0.0149459 0.0116136 0.0112834 0.0204656 0.0207444 0.0184592 0.0240822 0.0288205 0.0294152 0.0356282 0.0227356 0.0211108 0.0338287 0.0300475 0.0267992 0.0190119 0.0207296 0.0260894 0.0212194 0.0130048 0.0191726 0.00623893 0.00935193 0.0118382 0.0228779 0.0224719 0.0083572 0.0236127 0.0235859 0.0274638 0.0366391 0.0288698 0.0171901 0.0145177 0.021553 0.0179869 0.0216204 0.0268228 0.0169812 0.00992535 0.0032616 0.00013302 0 0 0 0 0 0 0 
0 0 0 0 0 0 0 0 0 0.00295653 0.00789044 0.00463091 0.00376142 0.00619924 0.00256946 0.0192865 0.0160709 0.0133763 0.0124722 0.0173761 0.0177725 0.0211161 0.0304293 0.0259461 0.0173113 0.0103966 0.0179844 0.0226686 0.0239429 0.0242465 0.0265504 0.029107 0.0265818 0.0312899 0.0312414 0.0230824 0.0225918 0.0292135 0.0193034 0.0194 0.0173147 0.0103672 0.0153202 0.0121793 0.015117 0.0133859 0.0182814 0.0275673 0.0242263 0.0217756 0.0298842 0.0266626 0.0197135 0.0221385 0.0248727 0.0164771 0.0222194 0.0167241 0.00520152 0.00863062 0.00221757 0 0 0 0 0 0 0 0 
0 0 0 0 0 0 0 0 0 0.000175324 0.000664842 0.000980879 0.00210738 0.00510547 0.0104916 0.0208994 0.0124964 0.0132454 0.0218203 0.0221866 0.0290308 0.0420028 0.059716 0.0343024 0.0227632 0.010347 0.0117402 0.0127086 0.0182601 0.0222221 0.0203642 0.0312569 0.0157352 0.0156893 0.0176522 0.0213138 0.0200896 0.0335895 0.0247756 0.0165562 0.0080069 0.00857957 0.00890103 0.0155084 0.0147158 0.0126073 0.0289379 0.0303111 0.0187729 0.0105484 0.0162198 0.0308323 0.035055 0.0374487 0.0210341 0.0244998 0.0278792 0.0353724 0.0156011 0.00234497 9.56895e-06 0 0 0 0 0 0 0 0 
0 0 0 0 0 0 0 0 0 0 0 0 0.000651661 0.017569 0.0225294 0.0145783 0.0136673 0.0143372 0.0241765 0.0176253 0.0237056 0.0261707 0.0208051 0.0229944 0.0374999 0.0112774 0.0140925 0.00813353 0.01723 0.0281495 0.0241954 0.0323769 0.0212368 0.0140448 0.0133398 0.0158793 0.00888529 0.0074549 0.011155 0.0193762 0.0147458 0.0139848 0.0322516 0.0394119 0.023513 0.0181367 0.0420368 0.0432487 0.0366833 0.0298729 0.0296723 0.0314261 0.0191532 0.0307321 0.0224408 0.0284513 0.0311765 0.0218489 0.00397659 5.76606e-05 0 0 0 0 0 0 0 0 0 
0 0 0 0 0 0 0 0 0 0 0 0 0.000749712 0.00893928 0.0131845 0.0122145 0.0200284 0.0145878 0.013277 0.0141769 0.0154343 0.0300291 0.0324238 0.0354042 0.0543101 0.0198418 0.0109098 0.0100647 0.0141467 0.0156852 0.0240645 0.0316432 0.026795 0.0162401 0.0135242 0.023155 0.0203063 0.00278994 0.00942913 0.0205552 0.030413 0.0522769 0.0502407 0.019807 0.0114933 0.0146027 0.0311331 0.0383144 0.0230649 0.0328908 0.0296578 0.0167037 0.0104725 0.00867141 0.019782 0.0333979 0.0134272 0.00201564 2.89632e-05 0 0 0 0 0 0 0 0 0 0 
0 0 0 0 0 0 0 0 0 0 0 0 6.20714e-06 0.0026006 0.012341 0.014619 0.0173776 0.0174678 0.00786046 0.00653356 0.0116472 0.0119371 0.0169349 0.0224784 0.0243816 0.0281849 0.0107828 0.00369053 0.00655725 0.00696506 0.00898924 0.0146913 0.0340741 0.0235249 0.0236541 0.0305746 0.0274077 0.00445587 0.00640102 0.0121246 0.0124199 0.0300631 0.0344924 0.0250328 0.0106971 0.0116565 0.0180277 0.0223435 0.0143034 0.0310351 0.0153124 0.00675838 0.00657641 0.00164372 0.0011496 0.00341512 0.000170708 0 0 0 0 0 0 0 0 0 0 0 0 
0 0 0 0 0 0 0 0 0 0 0 0 0 0.000110031 0.00414108 0.00497253 0.00460175 0.0130439 0.00880243 0.00646226 0.00856423 0.00226198 0.000572339 0.000596855 0.00279257 0.0127692 0.0226324 0.00324823 0.0011026 0.00138135 0.00253723 0.00738659 0.0117089 0.0129433 0.0124833 0.0230735 0.0217142 0.00699381 0.0120999 0.0100616 0.00434788 0.00314655 0.0109533 0.0177508 0.0180755 0.0136166 0.00996785 0.0123184 0.0153477 0.0163764 0.0177426 0.0179107 0.0134882 0.00245275 0.000682752 7.7281e-05 0 0 0 0 0 0 0 0 0 0 0 0 0 
0 0 0 0 0 0 0 0 0 0 0 0 0 0 0 0 0.000514768 0.00779308 0.0117332 0.0122247 0.0059956 0.00320313 0.00394984 0.010653 0.00523788 0.0109135 0.0335513 0.00600633 2.74858e-05 0.00281697 0.00984267 0.00632821 0.00355279 0.0061658 0.00841203 0.00988239 0.0126083 0.010282 0.0127504 0.00925426 0.0120456 0.000502421 0.00189272 0.00540012 0.0209194 0.0195392 0.0195916 0.0122439 0.0111921 0.0104579 0.0168796 0.0154379 0.00576635 9.58257e-05 5.87301e-06 0 0 0 0 0 0 0 0 0 0 0 0 0 0 
0 0 0 0 0 0 0 0 0 0 0 0 0 0 0 0 0 0.00112311 0.00418838 0.00919233 0.00743425 0.00709095 0.00672722 0.011638 0.00912002 0.00771864 0.0259779 0.0179078 0.00267814 0.00640526 0.0136359 0.00757502 0.00408126 0.00390905 0.00851507 0.0133793 0.00951298 0.0125646 0.0115946 0.0174405 0.0164954 0.00353396 0.00186443 0.0015218 0.0109787 0.0176288 0.0180355 0.00595194 0.00568656 0.00343026 0.000726407 0.00013358 0 0 0 0 0 0 0 0 0 0 0 0 0 0 0 0 0 
0 0 0 0 0 0 0 0 0 0 0 0 0 0 0 0 0 0 0.000268872 0.00189013 0.0049143 0.00921804 0.00675184 0.00812788 0.00526578 0.00534043 0.00518752 0.00760631 0.00251475 0.00448511 0.0079892 0.00468586 0.0111956 0.0111403 0.00818752 0.0147606 0.0225063 0.0241203 0.0127775 0.0114152 0.0049025 0.0155257 0.0116117 0.00893506 0.00897257 0.00775263 0.00345727 0.000329472 0.00069554 0.00010872 0 0 0 0 0 0 0 0 0 0 0 0 0 0 0 0 0 0 0 
0 0 0 0 0 0 0 0 0 0 0 0 0 0 0 0 0 0 0 0 0.000364853 0.00205028 0.00328223 0.00350529 0.00139732 0.00365942 0.00791141 0.00244861 0.000507495 0.00482583 0.00384836 0.00342468 0.00981703 0.0173321 0.0152817 0.0207157 0.0323145 0.0372121 0.0192188 0.0111805 0.00394324 0.0129364 0.0189428 0.0147526 0.00766347 0.00452571 0.000741586 0 0 0 0 0 0 0 0 0 0 0 0 0 0 0 0 0 0 0 0 0 0 
0 0 0 0 0 0 0 0 0 0 0 0 0 0 0 0 0 0 0 0 0 1.12286e-06 4.80017e-05 0 2.17475e-05 0.000752313 0.00193834 0.000708576 0.000491229 0.00219926 0.00222119 0.00414758 0.00940329 0.00945328 0.0157969 0.0157111 0.0110603 0.00869615 0.00866983 0.00939658 0.00362861 0.00475246 0.00661539 0.00244158 3.18828e-05 0 0 0 0 0 0 0 0 0 0 0 0 0 0 0 0 0 0 0 0 0 0 0 0 
0 0 0 0 0 0 0 0 0 0 0 0 0 0 0 0 0 0 0 0 0 0 0 0 0 0 8.59135e-05 0.000671438 0.000180477 0.00026502 0.00089772 0.00166961 0.00184286 0.00130937 0.00160112 0.00136843 0.000835713 0.000697346 0.00101359 0.00336292 0.00292019 0.00209501 0.00118248 5.20605e-05 0 0 0 0 0 0 0 0 0 0 0 0 0 0 0 0 0 0 0 0 0 0 0 0 0 
