0 0 0 0 0 0 0 0 0 0 0 0 0 0 0 0 0 0 0 0 0 0 0 0 0 0 0 0 0 0 0 0 0 0 0 0 0 0 0 0 0 0 0 0 0 0 0 0 0 0 0 0 0 0 0 0 0 0 0 0 0 0 0 0 0 0 0 0 0 
0 0 0 0 0 0 0 0 0 0 0 0 0 0 0 0 0 0 0 0 0 0 0 0 0 0 0 0 0 0 0 0 0 0 0 0 0 0 0 0 0 0 0 0 0 0 0 0 0 0 0 0 0 0 0 0 0 0 0 0 0 0 0 0 0 0 0 0 0 
0 0 0 0 0 0 0 0 0 0 0 0 0 0 0 0 0 0 0 0 0 0 0 0 0 0 0 0 0 0 0 0 0 0 0 0 0 0 0 0 0 0 0 0 0 0 0 0 0 0 0 0 0 0 0 0 0 0 0 0 0 0 0 0 0 0 0 0 0 
0 0 0 0 0 0 0 0 0 0 0 0 0 0 0 0 0 0 0 0 0 0 0 0 0 0 0 0 0 0 0 0 0 0 0 0 0 0 0 0 0 0 0 0 0 0 0 0 0 0 0 0 0 0 0 0 0 0 0 0 0 0 0 0 0 0 0 0 0 
0 0 0 0 0 0 0 0 0 0 0 0 0 0 0 0 0 0 0 0 0 0 0 0 0 0 0 0 0 0 0 0 0 0 0 0 0 0 0 0 0 0 0 0 0 0 0 0 0 0 0 0 0 0 0 0 0 0 0 0 0 0 0 0 0 0 0 0 0 
0 0 0 0 0 0 0 0 0 0 0 0 0 0 0 0 0 0 0 0 0 0 0 0 0 0 0 0 0 0 0 0 0 0 0 0 0 0 0 0 0 0 0 0 0 0 0 0 0 0 0 0 0 0 0 0 0 0 0 0 0 0 0 0 0 0 0 0 0 
0 0 0 0 0 0 0 0 0 0 0 0 0 0 0 0 0 0 0 0 0 0 0 0 0 0 0 0 0 0 0 0 0 0 0 0 0 0 0 0 0 0 0 0 0 0 0 0 0 0 0 0 0 0 0 0 0 0 0 0 0 0 0 0 0 0 0 0 0 
0 0 0 0 0 0 0 0 0 0 0 0 0 0 0 0 0 0 0 0 0 0 0 0 0 0 0 0 0 0 0 0 0 0 0 0 0 0 0 0 0 0 0 0 0 0 0 0 0 0 0 0 0 0 0 0 0 0 0 0 0 0 0 0 0 0 0 0 0 
0 0 0 0 0 0 0 0 0 0 0 0 0 0 0 0 0 0 0 0 0 0 0 0 0 0 0 0 0 0 0 0 0 0 0 0 0 0 0 0 0 0 0 0 0 0 0 0 0 0 0 0 0 0 0 0 0 0 0 0 0 0 0 0 0 0 0 0 0 
0 0 0 0 0 0 0 0 0 0 0 0 0 0 0 0 0 0 0 0 0 0 0 0 0 0 0 0 0 0 0 0 0 0 0 0 0 0 0 0 0 0 0 0 0 0 0 0 0 0 0 0 0 0 0 0 0 0 0 0 0 0 0 0 0 0 0 0 0 
0 0 0 0 0 0 0 0 0 0 0 0 0 0 0 0 0 0 0 0 0 0 0 0 0 0 0 0 0 0 0 0 0 0 0 0 0 0 0 0 0 0 0 0 0 0 0 0 0 0 0 0 0 0 0 0 0 0 0 0 0 0 0 0 0 0 0 0 0 
0 0 0 0 0 0 0 0 0 0 0 0 0 0 0 0 0 0 0 0 0 0 0 0 0 0 0 0 0 0 0 0 0 0 0 0 0 0 0 0 0 0 0 0 0 0 0 0 0 0 0 0 0 0 0 0 0 0 0 0 0 0 0 0 0 0 0 0 0 
0 0 0 0 0 0 0 0 0 0 0 0 0 0 0 0 0 0 0 0 0 0 0 0 0 0 0 0 0 0 0 0 0 0 0 0 0 0 0 0 0 0 0 0 0 0 0 0 0 0 0 0 0 0 0 0 0 0 0 0 0 0 0 0 0 0 0 0 0 
0 0 0 0 0 0 0 0 0 0 0 0 0 0 0 0 0 0 0 0 0 0 0 0 0 0 0 0 0 0 0 0 0 0 0 0 0 0 0 0 0 0 0 0 0 0 0 0 0 0 0 0 0 0 0 0 0 0 0 0 0 0 0 0 0 0 0 0 0 
0 0 0 0 0 0 0 0 0 0 0 0 0 0 0 0 0 0 0 0 0 0 0 0 0 0 0 0 1.57337e-06 4.15604e-05 0.000236764 0.000534 7.48467e-05 0 0.000311026 0.000654846 0 0 0.000576666 0.000185031 0 0 0 0 0 0 0 0 0 0 0 0 0 0 0 0 0 0 0 0 0 0 0 0 0 0 0 0 0 
0 0 0 0 0 0 0 0 0 0 0 0 0 0 0 0 0 0 0 0 0 0 0 0 0 0 0 0 0.000194089 0.00154714 0.000261908 0.00124215 0.00100062 0.000202839 0.00111082 0.00106186 0.000792357 0.000260393 0.000479842 0.00073738 5.60774e-05 0.000366248 0.000354096 0 0 0 0 0 0 0 0 0 0 0 0 0 0 0 0 0 0 0 0 0 0 0 0 0 0 
0 0 0 0 0 0 0 0 0 0 0 0 0 0 0 0 0 0 0 0 0 0 0 0 0 0.000439411 0.000218878 0.000406957 0.000509539 0.00138269 0.000434164 0.000379813 0.000250622 1.77219e-05 0.000524691 0.00123889 0.000993926 6.0089e-05 0.00126084 0.00221516 0.000755668 0.00061367 0.000149149 0.000419642 0.000300302 0 0 0 0 0 0 0 0 0 0 0 0 0 0 0 0 0 0 0 0 0 0 0 0 
0 0 0 0 0 0 0 0 0 0 0 0 0 0 0 0 0 0 0 0 0 0 0 0.000284733 0.000152804 9.53748e-05 0.000266021 0.00106355 0.000655631 0.00101379 0.000580643 0 0 0.000376187 0.000901548 0.000144094 0.000855692 0.00105226 0.000729725 0.000646382 0.000545202 0.000256202 0.00106946 0.00106454 0.00024589 0.00105225 0.00017745 0 0 0 0 0 0 0 0 0 0 0 0 0 0 0 0 0 0 0 0 0 0 
0 0 0 0 0 0 0 0 0 0 0 0 0 0 0 0 0 0 0 0 0 0 0.000170067 0.000968975 0.000167731 0.000805752 0.00118548 0.00112396 0.000859176 0.000474425 6.80912e-05 0.000394891 1.09103e-05 0.000107648 0.000368188 0.000726703 0.000724374 0.000880933 0.000292009 0.000558144 0.000216602 0 6.0489e-05 0.000341012 0.00207123 0.00112219 0.00107274 0.000118601 0 0 0 0 0 0 0 0 0 0 0 0 0 0 0 0 0 0 0 0 0 
0 0 0 0 0 0 0 0 0 0 0 0 0 0 0 0 0 0 0 0 5.6407e-05 0.000779334 0.00124341 0.00070419 0.000440325 0.000541797 0.000420477 0.000792488 0.000497648 0.000641758 3.8212e-05 0.000455173 0.000180744 0.000711655 0.000140753 0.00115898 0.000293312 0.00010815 0.000567273 0.00153879 0.000721194 0.000391159 0.000480443 0.000271453 0.000833978 0.000579227 0.001129 0.000198061 0.000100781 0 0 0 0 0 0 0 0 0 0 0 0 0 0 0 0 0 0 0 0 
0 0 0 0 0 0 0 0 0 0 0 0 0 0 0 0 0 0 0 0 0.000156943 0.000169948 0.000871572 0.00084341 0.000622877 0.000806865 0.00101292 0.000314366 3.36698e-05 0.000447875 0.00154534 0.000596042 0.00185455 0.00103906 0.000135711 0.00058342 0.00144845 0.000482745 0.000219259 0.00166594 0.00079462 0.000387539 0.000859881 1.31136e-05 9.96686e-05 0.000983886 0.000615848 0.000344301 0.000286032 0 0 0 0 0 0 0 0 0 0 0 0 0 0 0 0 0 0 0 0 
0 0 0 0 0 0 0 0 0 0 0 0 0 0 0 0 0 0 5.19633e-05 0.000630013 0.000556883 7.4936e-05 0.000373485 0.000777654 0.00248755 0.000480552 0.000905167 0.00104084 0.000257561 0.00134255 0.000961356 0.000465552 0.00115676 0.000391277 0.000892986 0.00163768 0.000984653 0.000161275 0.000609909 0 0.000394255 0.00110413 0.000777403 0.00044374 0.00119006 0.000387177 0.000827214 0.00122667 0 2.32956e-05 0.000193066 0 0 0 0 0 0 0 0 0 0 0 0 0 0 0 0 0 0 
0 0 0 0 0 0 0 0 0 0 0 0 0 0 0 0 0 0 9.76179e-05 0.000837109 0.000946602 0.000827364 0.00155334 0.000225789 0.000650808 0.0010777 0.00131025 0.000158427 0.00085859 0.000535087 0 3.74774e-05 0.000229361 8.08135e-05 0.00103327 0.00135701 0.000199978 0.000579574 0.000120371 0.000354634 0.000665476 0.00039293 0.00200416 0.000619033 0.000812117 0.000422531 0.000706473 0.000650009 0 0.000574421 0.000720617 0 0 0 0 0 0 0 0 0 0 0 0 0 0 0 0 0 0 
0 0 0 0 0 0 0 0 0 0 0 0 0 0 0 0 0 4.36671e-05 0.000138125 0.000488315 0.00182206 0.00113536 0.00224687 0.00189111 0.000881252 0.000696284 0.000325965 0.000166083 0.000293112 0.0001439 0.000193409 0.000250373 0.000982303 0.000490575 0.00020055 0.000125908 0.000483394 0.000517158 0.00071637 0.000707615 0.000133348 3.5582e-05 0.00103377 0.000378293 0.00038574 0.00125339 0.000444878 0.000663101 2.95012e-05 0.000697558 0.000445231 0 0 0 0 0 0 0 0 0 0 0 0 0 0 0 0 0 0 
0 0 0 0 0 0 0 0 0 0 0 0 0 0 0 0 0 0.00021249 0.000452107 0.000545013 1.72541e-05 9.64336e-06 0.00127818 0.000934231 0.000710114 0.000697446 0.000215711 0.00173494 0.000234556 0.000486589 0.00137356 0.000378898 0.000392837 0.00157263 0.000681933 0.00140197 0.000513148 5.12088e-05 0.000577042 0.00124475 0.000426913 0.000147711 0.000540715 0 5.97347e-05 0.000636934 0.000929466 0.000761401 0.000491749 0.00128536 0.00134303 0.000229303 0.00126595 0.000160171 0 0 0 0 0 0 0 0 0 0 0 0 0 0 0 
0 0 0 0 0 0 0 0 0 0 0 0 0 0 0 0 0 0 0.000188761 0.000508826 4.77468e-05 0.00164102 0.00172946 0.000315043 0.000175569 0.000482496 0.00087146 0.00175447 4.90167e-05 0.000759394 0.00112365 0.000874765 0.000279297 0.000327686 0.000364313 0.00122392 0.000856032 0.000173638 0.00129075 0.00159546 0.000547329 0.000153772 0.000241294 0.000704027 0.000126795 0.000546267 0.00167404 0.00134641 0.000105342 0.000430886 0.000612709 0.000483427 0.00180699 9.74084e-05 0 0 0 0 0 0 0 0 0 0 0 0 0 0 0 
0 0 0 0 0 0 0 0 0 0 0 0 0 0 0 0 0 0 0.000662919 0.00132151 0.00153906 0.00248387 0.00188902 0.000307005 9.28866e-05 0.000952762 0.00119221 0.00114332 0.000445151 0 2.26649e-05 0.00101083 0.000175635 0.00057124 0.000232421 0.000124881 0.0003791 0.000106232 0.000912468 0.000666083 2.77988e-05 0.000655739 0.000325486 0.000192578 0.000207548 0.0004343 0.00114468 0.000998432 0.0003225 0.000439721 0.000985673 0.000631269 0.00032847 8.27563e-05 0 0 0 0 0 0 0 0 0 0 0 0 0 0 0 
0 0 0 0 0 0 0 0 0 0 0 0 0 0 0 8.77065e-05 0.000253311 0.000436939 0.000412339 0.00149462 0.00144735 0.000405738 0.000215777 0.000365553 0.000789309 3.44654e-05 0.00179728 0.00176075 0.00114806 0.000379917 0.000406166 0.000183826 0.00042946 0.00199283 0.00135098 0.000733721 0.000144683 2.59844e-05 0.000729099 0.00118868 0.000452883 0.000230476 5.5565e-05 0 0.000539779 0.000877491 0.000113082 0.000490286 0.0011035 0.00027332 0.000551776 0.000382426 0.00118807 0.00109451 0.000531435 0 0 0 0 0 0 0 0 0 0 0 0 0 0 
0 0 0 0 0 0 0 0 0 0 0 0 0 0 0 0.000722293 0.00216272 0.000214236 0.00063757 0.00113544 0.000428972 0.000453285 0.000178345 0.00050608 0.000967079 3.7891e-05 0.000298656 0.00154968 0.000145314 0.000796067 0.00188078 0.000454015 0.000282364 0.000339955 0.000290668 0.00113782 0.000633443 0 0.000258795 0.0016361 0.000799438 0.000553643 0.000201476 0.000131698 0.000216414 0.0009763 0.000633753 3.97281e-05 0.000216933 0.000698799 0.00105144 0.000135944 0.0017452 0.00184863 0.000721152 0 0 0 0 0 0 0 0 0 0 0 0 0 0 
0 0 0 0 0 0 0 0 0 0 0 0 0 0 0 0 0.000879863 0.00188463 0.000265505 0.000740111 0.000478463 0.000838799 0.000320365 0.000812389 9.69688e-05 2.86401e-05 0.00135462 0.00153923 0.000702892 0.000614994 0.00014488 4.58755e-05 0.000370957 0.000568967 0.000115286 0.000337428 0.0011806 0.000376688 0.000206826 0.000910542 0.00110346 0.000611746 0.000451063 0.000617531 0.000809469 0.00128105 0.000982962 0.000723309 0.000639436 0.000278407 0.00183434 0.000851496 0.00114998 0.00205586 0.000961255 9.6736e-05 0 0 0 0 0 0 0 0 0 0 0 0 0 
0 0 0 0 0 0 0 0 0 0 0 0 0 0 9.27951e-05 0.000279259 0.00130653 0.0020367 0.000609338 0.000215987 0.00110038 0.000850606 0.00087513 0.000603387 0 0.000529969 0.00250594 0.00154327 0.00124896 0.000110061 0.000285002 0.00038059 0.000405393 0.00105038 0.000141266 0 0.000458496 0.000491648 0.000232591 0 0.000173052 0.000735237 8.58237e-05 3.9112e-05 0.00122521 0.000932313 0.000453148 0.00093983 0.000579535 0.00041951 0.00082915 0.000494448 0.000521434 0.000490673 0.000559042 8.87094e-05 0 0 0 0 0 0 0 0 0 0 0 0 0 
0 0 0 0 0 0 0 0 0 0 0 0 0 0 0.000611299 0.00110921 0.000324502 0.00175021 0.000458829 0.00040416 0.000564623 0.000627387 0.00150279 0.000165695 6.51842e-05 0.00027412 0.000255165 0.000611382 0.000686509 0 8.4053e-05 0.000104313 0.00150561 0.000936656 0.000193372 0.000383976 0.000170339 0.000110014 0.000391726 0.000344605 0.000834805 0.00147339 0.00206358 0.00185603 0.000981268 0.000281666 0.000135812 0.000104217 0.000402354 0.000974801 0.000174875 0.00145359 0.000352784 0.00107419 0.000795597 0.00076991 0 0 0 0 0 0 0 0 0 0 0 0 0 
0 0 0 0 0 0 0 0 0 0 0 0 0 0 0.000615436 0.000465812 0.000489287 0.000280139 8.89203e-06 0.000250092 0.000701682 0.0010521 0.00184031 0.000418183 0.000949135 0.00166408 0.000748431 0.00063726 0.000242558 0 0.00112705 0.000600118 0.000540813 0.000429487 8.24171e-05 0.000360578 6.74632e-05 0 0.000773655 0.000969067 0.00103823 0.000992193 0.000836958 0.0030735 0.000399785 6.38749e-06 0 0 0.000362742 0.000609803 0.000828725 0.00109024 0.00117351 0.000963403 0.000639364 0.000852982 0 0 0 0 0 0 0 0 0 0 0 0 0 
0 0 0 0 0 0 0 0 0 0 0 0 0 0 0.000130393 0.00104674 0.000512859 4.66263e-05 0.000184048 0.000205615 0.000376076 0.00172774 0.000440776 0.000136226 0.0014546 0.000485775 0.000648149 0.000490099 8.46075e-05 0.000216051 0.000101325 0.000569318 0.000186216 0.00200299 0.0617602 0.112364 0.0252785 9.74238e-06 0.000760596 0.000478841 0.000640021 0.000240133 0 0.000432212 0.0016563 0.00092204 0.000754058 0.000406053 0.000299377 0.000692486 0.000872279 0.000135895 0.00107279 0.000468194 6.8922e-05 6.4599e-05 0 0 0 0 0 0 0 0 0 0 0 0 0 
0 0 0 0 0 0 0 0 0 0 0 0 0 0 2.89827e-05 0.000289511 0.000597851 0.000310111 0.00064895 0.000206734 0.00186997 0.00145659 0.000508555 0.000755622 0.00025592 0.000290908 0.000360522 0.00161409 0.000437489 0.000359666 6.42119e-05 0.00091019 0.00150242 0.0105447 0.207303 0.294749 0.0577949 0.000354336 0.00045082 0 0.00039209 0.000216861 0.000249927 0.000524578 0.000646841 0.000275281 0.00142995 0.00157635 0.000667964 0.000362914 0.00040261 6.14491e-05 0.000931344 0.00240655 0.00050781 0 0 0 0 0 0 0 0 0 0 0 0 0 0 
0 0 0 0 0 0 0 0 0 0 0 0 0 0 0.000425584 0.000196547 0.000641183 0.000978174 0.000989221 0.000459801 0.000673907 0.000876682 3.6095e-05 0.000142643 0.00115974 0.00149003 0.00150059 0.000767737 0.00052348 0.00111179 0.000579533 0.000815721 0.00216653 0.0126706 0.238001 0.189084 0.00631198 0.000375674 0.000902348 0.000262604 0.000123767 6.84543e-05 0.000289093 0.000850647 0.00154396 0.000698318 0.000606837 0.000672948 0.000676037 0.000112631 0.000994937 0.00031683 0.000957831 0.00068989 0.000106431 0 0 0 0 0 0 0 0 0 0 0 0 0 0 
0 0 0 0 0 0 0 0 0 0 0 0 0 0 0.000122477 5.65638e-05 0.000154185 0.000324081 0.000399502 0.000339146 0.000551619 0.000970457 0.000971202 0.000161962 0.000948576 0.00200888 0.000806156 9.74512e-05 0 0.000154983 0.000302532 0.000241266 0.000516273 0.00584205 0.115719 0.0560538 0.00112989 0.000482536 0.000157487 0.000160763 8.87468e-05 0.000312699 0.000735127 0.000692303 0.000631958 8.56827e-05 0.00128664 0.00101377 0.000791821 0.000314815 0.000488652 0.000367841 0.000746518 0.000210043 0.000772673 7.66747e-05 1.68453e-06 0 0 0 0 0 0 0 0 0 0 0 0 
0 0 0 0 0 0 0 0 0 0 0 0 0 0 0 0.00016743 0.000162938 0.0010879 0.00158166 0.000610784 0.00106729 0.000643286 0.000793322 0.000911253 0.00219044 0.00261653 0.000367753 6.93475e-05 0.00110641 0.0011996 0.000442718 0.000161816 0.000387982 0.000506941 0.00631051 0.00184105 0.000656318 0.00128528 0.000436762 0.00137725 0.000774163 0.000715232 0.000611304 0.00103882 0.00159496 0.000483037 0.000375499 0.000621828 0.000224225 0.000291541 0.00041996 0.000163154 0.00161439 0.00145813 0.00190599 0.000786144 1.79946e-05 0 0 0 0 0 0 0 0 0 0 0 0 
0 0 0 0 0 0 0 0 0 0 0 0 0 0 0.000216149 0.000491979 0.000380574 0.00163453 0.00373749 0.000708406 0.00026841 1.91811e-06 0.000490325 0.00115143 0.00062078 0.000847888 0.000807408 0 0.00100186 0.00222614 0.00102833 0.000577009 0.000437182 0.000557834 0.000820919 0.000395098 0.00100931 0.000472232 0.000524534 0.000404629 7.92946e-05 0.000475619 0.000830637 0.000329753 0.00152698 0.000842614 6.76135e-05 0.000564103 0.000106094 0.00029816 6.70944e-05 5.30384e-05 0.000667448 0.000929334 0.000675554 4.05517e-05 0 0 0 0 0 0 0 0 0 0 0 0 0 
0 0 0 0 0 0 0 0 0 0 0 0 0 0 0.000175285 0.00126285 0.000236894 0.000197511 0.000454894 0.000735013 0.00309093 0.00100872 6.79447e-06 0.000223178 0.00176227 0.00183182 0.000695395 8.39032e-05 0.00113327 0.000498965 0.000222398 0.00029292 0.000476708 0.000227159 0.000744289 0.00158273 0.000514669 0.000169484 0.00084468 0.00116377 0.000179477 0.000475978 0.00100976 0.00142635 0.000863582 0.000220354 0.000701379 0.0013961 0.00033327 0.00139896 0.000630675 0.000372757 0 0.000594171 0.000575599 0 0 0 0 0 0 0 0 0 0 0 0 0 0 
0 0 0 0 0 0 0 0 0 0 0 0 0 0 1.24831e-05 0.000715189 0.000655839 6.88216e-05 0.00138184 0.00309131 0.00136609 0.00137083 0.000551346 0.000305416 0.00240508 0.00142221 0.00122486 0.000441646 0.00160078 0.000509207 0 7.42252e-06 0.000987536 0.00106813 0.001333 0.000352526 0.000967619 0.0011497 0.00140362 0.000809338 0.00119656 0.000558356 0.00166313 0.00116997 9.77121e-05 1.81397e-05 0.000421994 0.000508737 0.00097197 0.000504719 0.000184867 0.000250746 2.95098e-05 0.000798064 0.00101204 0.000204426 0 0 0 0 0 0 0 0 0 0 0 0 0 
0 0 0 0 0 0 0 0 0 0 0 0 0 0 0.000156713 0.000788393 0.0005525 0.000350221 0.000754817 0.0016015 0.00100405 0.000425821 0.00050737 0.00025733 0.000226152 0.000525242 0.00074951 0.000940949 0.00051614 0.000545502 4.30276e-05 0.000326021 0.00109598 0.00115189 0.000627287 3.76908e-05 0 0.000409991 0.00148491 0.000455003 0.000682442 0.000184053 0.000257028 0.00166579 0.00103555 3.86789e-05 0 0.00123725 0.00189522 0.000683296 0.000271506 0.00132124 0.000424863 0.000363757 0.000213979 5.33733e-06 0 0 0 0 0 0 0 0 0 0 0 0 0 
0 0 0 0 0 0 0 0 0 0 0 0 0 0 0 0.00119685 0.000767113 0.00129094 0.0021674 0.00138081 0.000422127 0.000103306 0.000624335 0.00125621 0.000802771 0.000348721 0.000597866 0.000676226 0.00161929 0.00124072 0.000546784 0.000496648 0.00068829 0.00104443 0.000892647 0.00025954 0.00048836 0.000851821 0.000323414 0.000297532 0.000542414 0.00110298 0.000456795 0.000964925 0.0010823 0.000365857 0.00189676 0.00102844 0.000594033 0.00148665 0.000938846 0.000144169 0.000335212 0.000566245 0.000105259 0 0 0 0 0 0 0 0 0 0 0 0 0 0 
0 0 0 0 0 0 0 0 0 0 0 0 0 0 0 0.000354299 0.000287907 0.00126726 0.00220176 0.000181729 0.000636641 0.000531336 0.000373189 0.000108171 3.95087e-05 1.49473e-05 0.000616215 0.00175097 0.00116499 0.000189778 0.000269852 0.000330725 0.000222947 0.000250489 0.000968465 0.00109081 0.000503521 0.000278067 0.000436663 0.000719724 0.00106916 0.00113508 0.000531024 0.00100729 0.000470778 0.000162547 0.00113814 0.000623029 0.000736595 0.000325825 0.000788475 0.000363613 0 0 0 0 0 0 0 0 0 0 0 0 0 0 0 0 0 
0 0 0 0 0 0 0 0 0 0 0 0 0 0 0 0 0.000199452 0.000682997 0.000421196 8.82327e-05 0.00048779 0.0010417 0.00133573 0.000365931 0.00111053 0.00106731 0.001607 0.00341336 0.00189877 0.000196989 0.000100158 0.000279149 0.000816325 0.00113575 0.00137011 0.000621215 0.000153092 0.000783062 0.000802981 0.00157933 0.000770712 0.00109344 0.000118608 0.000786837 0.000879576 0.00114362 0.000480888 0.000528322 0.00110956 0.000321525 0.000400135 5.31697e-05 0 0 0 0 0 0 0 0 0 0 0 0 0 0 0 0 0 
0 0 0 0 0 0 0 0 0 0 0 0 0 0 0 0 0 5.26367e-05 0.000277176 0.000713614 0.000912669 0.00146697 0.0012345 0.000947209 0.000404833 0.000797509 0.00211789 0.000465547 0.000156995 0.000576937 0 0.000432793 0.000372334 0.000638707 0.00167519 0.000242804 0.000561364 0.000513144 0.0024437 0.00163476 0.00180278 0.000798634 0.000477942 0.00128045 0.000439734 2.12425e-05 0.000161095 0.000751927 0.000727423 0.000523986 0.000756453 0.000155965 0.00032912 0 0 0 0 0 0 0 0 0 0 0 0 0 0 0 0 
0 0 0 0 0 0 0 0 0 0 0 0 0 0 0 0 0 0.000173943 0.00116708 0.00100929 0.00156197 0.000633746 0.00112494 8.59154e-05 0.000642261 0.00070675 2.6786e-05 0.000169978 0.000383497 8.08596e-05 0.000384338 2.79563e-05 0.000352047 0.000930898 0.00134106 0.00197038 0.00188736 0.000204267 0.000567753 0.000413396 0.00085615 0.0004085 0.00141406 0.000457986 0.000547962 3.07227e-05 3.97113e-05 0.00096862 0.0011271 0.000547985 0.000236146 0.000488148 0.000629111 0 0 0 0 0 0 0 0 0 0 0 0 0 0 0 0 
0 0 0 0 0 0 0 0 0 0 0 0 0 0 0 0 0 6.89428e-05 0.00102507 0.000253335 0.000800084 0.000430611 0.00080357 0.000402345 0.000377176 0.00043484 0.000974783 0.00241578 0.00155882 0.000228379 0.0018726 0.000784393 0.000543348 0.000175583 0.000590583 0.00103406 0.00138433 0.00190161 0.000698868 0.000406474 0.00132317 0.000646848 0.000572688 0.000347219 0 0.000535163 0.00063517 0.00134542 0.00153599 0.000367866 0.000270169 0.000313425 0 0 0 0 0 0 0 0 0 0 0 0 0 0 0 0 0 
0 0 0 0 0 0 0 0 0 0 0 0 0 0 0 0 0 0 0 0.000847963 0.00183013 0.00117156 0.00166058 0.000821848 0.000539667 2.2171e-05 0.000334938 0.000765364 0.00149926 0.00141711 0.000995491 0.000594266 0.000987903 0.000114617 0.000270845 0.000475638 0.00113062 0.00164831 0.00110013 3.32001e-06 0.00089867 0.000318046 0.001185 0.000873261 9.30213e-05 0.000476263 0.000582863 0.00125507 0.000605378 0.000564264 0.000258555 0.000116853 0 0 0 0 0 0 0 0 0 0 0 0 0 0 0 0 0 
0 0 0 0 0 0 0 0 0 0 0 0 0 0 0 0 0 0 0 7.37762e-05 0.000548273 0.000321242 0.00170838 0.000496421 0.000415384 0.000476088 0.000985502 0.0014296 0.00101748 0.000331646 3.39684e-05 0.0011515 0.00129115 0.000495102 0.000574045 0.000198787 0.000797529 0.001783 0.00150776 0 0.00176059 0.000379834 5.56991e-05 0.000940072 0.00114795 0 0 7.07115e-05 0.000101463 7.55293e-05 2.18337e-05 0 0 0 0 0 0 0 0 0 0 0 0 0 0 0 0 0 0 
0 0 0 0 0 0 0 0 0 0 0 0 0 0 0 0 0 0 0 0 0 0.000696188 0.00143446 0.00108374 0.000533187 0.000671076 0.000707558 0.000552645 0.00174082 0.00107331 0.00138125 0.000658952 0.000333979 0.000648956 0.000352821 0.00120647 0.00228958 0 0 0.000284767 0.000434756 0.000534296 0.000196855 0.000531931 0.000205164 0.000558006 0.000269339 0.000258328 0.00037067 0 0 0 0 0 0 0 0 0 0 0 0 0 0 0 0 0 0 0 0 
0 0 0 0 0 0 0 0 0 0 0 0 0 0 0 0 0 0 0 0 0 0.000111172 0.000435326 0.000219508 0.000873028 0.000144815 0.000383904 0.000502534 0.000274912 0.000710026 0.00164166 0.000614774 0.00130251 0.0010295 0.000546723 0.000602656 0.000995661 1.46188e-05 0.000509615 0.000466973 0.000596059 0.000634991 0.000689996 0.000317912 0.000502252 0.000974891 8.8354e-05 0 0 0 0 0 0 0 0 0 0 0 0 0 0 0 0 0 0 0 0 0 0 
0 0 0 0 0 0 0 0 0 0 0 0 0 0 0 0 0 0 0 0 0 0 0 0.000143594 0.00125304 0.000857505 0.000327417 0.000437928 0.000494111 0.000952554 0.000517712 0.00139857 0.000458285 0.000958409 0.00123582 0.000400802 0.00069884 0.000415873 0.00162794 0.00184125 0.000748101 0.000492478 0.000997468 0.00101183 0.000600716 0 0 0 0 0 0 0 0 0 0 0 0 0 0 0 0 0 0 0 0 0 0 0 0 
0 0 0 0 0 0 0 0 0 0 0 0 0 0 0 0 0 0 0 0 0 0 0 0 0.000217601 0.000833763 0.000905819 5.9221e-05 0.0010727 0.000616128 0.000321882 0.000155125 0.000422608 0.00182745 0.000434202 0.00133711 0.000896713 0.0014763 0.000901848 0.00138518 0.000669193 0.000245817 0.00193132 0.000221149 0.000154307 0 0 0 0 0 0 0 0 0 0 0 0 0 0 0 0 0 0 0 0 0 0 0 0 
0 0 0 0 0 0 0 0 0 0 0 0 0 0 0 0 0 0 0 0 0 0 0 0 0 0 0 3.55463e-05 0.00106222 0.000777741 0.0010367 0.000163303 0.000856543 0.000619825 0.000540475 0.00120551 0.0020724 0.000936157 0.00092179 0.000986609 0 2.43006e-05 0.00031387 0 0 0 0 0 0 0 0 0 0 0 0 0 0 0 0 0 0 0 0 0 0 0 0 0 0 
0 0 0 0 0 0 0 0 0 0 0 0 0 0 0 0 0 0 0 0 0 0 0 0 0 0 0 0 2.74446e-05 0.00015777 0 0 0.000195288 0.000502066 0.000560381 0.000620307 0.00012062 0.000541116 0.000513753 0.000580443 0 0 0 0 0 0 0 0 0 0 0 0 0 0 0 0 0 0 0 0 0 0 0 0 0 0 0 0 0 
0 0 0 0 0 0 0 0 0 0 0 0 0 0 0 0 0 0 0 0 0 0 0 0 0 0 0 0 0 0 0 0 0 0 0 0 0 0 0 0 0 0 0 0 0 0 0 0 0 0 0 0 0 0 0 0 0 0 0 0 0 0 0 0 0 0 0 0 0 
0 0 0 0 0 0 0 0 0 0 0 0 0 0 0 0 0 0 0 0 0 0 0 0 0 0 0 0 0 0 0 0 0 0 0 0 0 0 0 0 0 0 0 0 0 0 0 0 0 0 0 0 0 0 0 0 0 0 0 0 0 0 0 0 0 0 0 0 0 
0 0 0 0 0 0 0 0 0 0 0 0 0 0 0 0 0 0 0 0 0 0 0 0 0 0 0 0 0 0 0 0 0 0 0 0 0 0 0 0 0 0 0 0 0 0 0 0 0 0 0 0 0 0 0 0 0 0 0 0 0 0 0 0 0 0 0 0 0 
0 0 0 0 0 0 0 0 0 0 0 0 0 0 0 0 0 0 0 0 0 0 0 0 0 0 0 0 0 0 0 0 0 0 0 0 0 0 0 0 0 0 0 0 0 0 0 0 0 0 0 0 0 0 0 0 0 0 0 0 0 0 0 0 0 0 0 0 0 
0 0 0 0 0 0 0 0 0 0 0 0 0 0 0 0 0 0 0 0 0 0 0 0 0 0 0 0 0 0 0 0 0 0 0 0 0 0 0 0 0 0 0 0 0 0 0 0 0 0 0 0 0 0 0 0 0 0 0 0 0 0 0 0 0 0 0 0 0 
0 0 0 0 0 0 0 0 0 0 0 0 0 0 0 0 0 0 0 0 0 0 0 0 0 0 0 0 0 0 0 0 0 0 0 0 0 0 0 0 0 0 0 0 0 0 0 0 0 0 0 0 0 0 0 0 0 0 0 0 0 0 0 0 0 0 0 0 0 
0 0 0 0 0 0 0 0 0 0 0 0 0 0 0 0 0 0 0 0 0 0 0 0 0 0 0 0 0 0 0 0 0 0 0 0 0 0 0 0 0 0 0 0 0 0 0 0 0 0 0 0 0 0 0 0 0 0 0 0 0 0 0 0 0 0 0 0 0 
0 0 0 0 0 0 0 0 0 0 0 0 0 0 0 0 0 0 0 0 0 0 0 0 0 0 0 0 0 0 0 0 0 0 0 0 0 0 0 0 0 0 0 0 0 0 0 0 0 0 0 0 0 0 0 0 0 0 0 0 0 0 0 0 0 0 0 0 0 
0 0 0 0 0 0 0 0 0 0 0 0 0 0 0 0 0 0 0 0 0 0 0 0 0 0 0 0 0 0 0 0 0 0 0 0 0 0 0 0 0 0 0 0 0 0 0 0 0 0 0 0 0 0 0 0 0 0 0 0 0 0 0 0 0 0 0 0 0 
0 0 0 0 0 0 0 0 0 0 0 0 0 0 0 0 0 0 0 0 0 0 0 0 0 0 0 0 0 0 0 0 0 0 0 0 0 0 0 0 0 0 0 0 0 0 0 0 0 0 0 0 0 0 0 0 0 0 0 0 0 0 0 0 0 0 0 0 0 
0 0 0 0 0 0 0 0 0 0 0 0 0 0 0 0 0 0 0 0 0 0 0 0 0 0 0 0 0 0 0 0 0 0 0 0 0 0 0 0 0 0 0 0 0 0 0 0 0 0 0 0 0 0 0 0 0 0 0 0 0 0 0 0 0 0 0 0 0 
0 0 0 0 0 0 0 0 0 0 0 0 0 0 0 0 0 0 0 0 0 0 0 0 0 0 0 0 0 0 0 0 0 0 0 0 0 0 0 0 0 0 0 0 0 0 0 0 0 0 0 0 0 0 0 0 0 0 0 0 0 0 0 0 0 0 0 0 0 
0 0 0 0 0 0 0 0 0 0 0 0 0 0 0 0 0 0 0 0 0 0 0 0 0 0 0 0 0 0 0 0 0 0 0 0 0 0 0 0 0 0 0 0 0 0 0 0 0 0 0 0 0 0 0 0 0 0 0 0 0 0 0 0 0 0 0 0 0 
