0 0 0 0 0 0 0 0 0 0 0 0 0 0 0 0 0 0 0 0 0 0 0 0 0 0 0 0 0 0 0 0 0 0 0 0 0 0 0 0 0 0 0 0 0 0 0 0 0 0 0 0 0 0 0 0 0 0 0 0 0 0 0 0 0 0 0 0 0 
0 0 0 0 0 0 0 0 0 0 0 0 0 0 0 0 0 0 0 0 0 0 0 0 0 0 0 0 0 0 0 0 0 0 0 0 0 0 0 0 0 0 0 0 0 0 0 0 0 0 0 0 0 0 0 0 0 0 0 0 0 0 0 0 0 0 0 0 0 
0 0 0 0 0 0 0 0 0 0 0 0 0 0 0 0 0 0 0 0 0 0 0 0 0 0 0 0 0 0 0 0 0 0 0 0 0 0 0 0 0 0 0 0 0 0 0 0 0 0 0 0 0 0 0 0 0 0 0 0 0 0 0 0 0 0 0 0 0 
0 0 0 0 0 0 0 0 0 0 0 0 0 0 0 0 0 0 0 0 0 0 0 0 0 0 0 0 0 0 0 0 0 0 0 0 0 0 0 0 0 0 0 0 0 0 0 0 0 0 0 0 0 0 0 0 0 0 0 0 0 0 0 0 0 0 0 0 0 
0 0 0 0 0 0 0 0 0 0 0 0 0 0 0 0 0 0 0 0 0 0 0 0 0 0 0 0 0 0 0 0 0 0 0 0 0 0 0 0 0 0 0 0 0 0 0 0 0 0 0 0 0 0 0 0 0 0 0 0 0 0 0 0 0 0 0 0 0 
0 0 0 0 0 0 0 0 0 0 0 0 0 0 0 0 0 0 0 0 0 0 0 0 0 0 0 0 0 0 0 0 0 0 0 0 0 0 0 0 0 0 0 0 0 0 0 0 0 0 0 0 0 0 0 0 0 0 0 0 0 0 0 0 0 0 0 0 0 
0 0 0 0 0 0 0 0 0 0 0 0 0 0 0 0 0 0 0 0 0 0 0 0 0 0 0 0 0 0 0 0 0 0 0 0 0 0 0 0 0 0 0 0 0 0 0 0 0 0 0 0 0 0 0 0 0 0 0 0 0 0 0 0 0 0 0 0 0 
0 0 0 0 0 0 0 0 0 0 0 0 0 0 0 0 0 0 0 0 0 0 0 0 0 0 0 0 0 0 0 0 0 0 0 0 0 0 0 0 0 0 0 0 0 0 0 0 0 0 0 0 0 0 0 0 0 0 0 0 0 0 0 0 0 0 0 0 0 
0 0 0 0 0 0 0 0 0 0 0 0 0 0 0 0 0 0 0 0 0 0 0 0 0 0 0 0 0 0 0 0 0 0 0 0 0 0 0 0 0 0 0 0 0 0 0 0 0 0 0 0 0 0 0 0 0 0 0 0 0 0 0 0 0 0 0 0 0 
0 0 0 0 0 0 0 0 0 0 0 0 0 0 0 0 0 0 0 0 0 0 0 0 0 0 0 0 0 0 0 0 0 0 0 0 0 0 0 0 0 0 0 0 0 0 0 0 0 0 0 0 0 0 0 0 0 0 0 0 0 0 0 0 0 0 0 0 0 
0 0 0 0 0 0 0 0 0 0 0 0 0 0 0 0 0 0 0 0 0 0 0 0 0 0 0 0 0 0 0 0 0 0 0 0 0 0 0 0 0 0 0 0 0 0 0 0 0 0 0 0 0 0 0 0 0 0 0 0 0 0 0 0 0 0 0 0 0 
0 0 0 0 0 0 0 0 0 0 0 0 0 0 0 0 0 0 0 0 0 0 0 0 0 0 0 0 0 0 0 0 0 0 0 0 0 0 0 0 0 0 0 0 0 0 0 0 0 0 0 0 0 0 0 0 0 0 0 0 0 0 0 0 0 0 0 0 0 
0 0 0 0 0 0 0 0 0 0 0 0 0 0 0 0 0 0 0 0 0 0 0 0 0 2.52309e-06 1.63172e-05 0.000130182 0.000779009 2.22648e-05 0 0 0.000293634 0.000129611 8.75603e-07 6.41856e-07 0 0 0 0 0 0 0 0 0 0 0 0 0 0 0 0 0 0 0 0 0 0 0 0 0 0 0 0 0 0 0 0 0 
0 0 0 0 0 0 0 0 0 0 0 0 0 0 0 0 0 0 0 0 0 0 0 0.000106333 0.00015261 0.0001857 0.000895476 0.000143515 0.000693917 0.0002403 0 0.000264478 0.000319565 0.000271686 0.000483602 0.000338238 0 0 0 0 0 0 0 0 0 0 0 0 0 0 0 0 0 0 0 0 0 0 0 0 0 0 0 0 0 0 0 0 0 
0 0 0 0 0 0 0 0 0 0 0 0 0 0 0 0 0 0 0 0 0 0 0 0.000904723 0.000977058 0.000362018 0.00155505 0.00064756 0.000948368 0.0010084 0 0.000393881 9.53965e-05 0.000638634 0.000234948 0.000475115 0.00069116 0 0 0 0 0 0 0 0 0 0 0 0 0 0 0 0 0 0 0 0 0 0 0 0 0 0 0 0 0 0 0 0 
0 0 0 0 0 0 0 0 0 0 0 0 0 0 0 0 0 0 0 0 0 0 0 0.000250073 1.27196e-05 0.000109545 0.000871215 0.00011228 0.000513499 4.55386e-05 0 0 6.73663e-05 0.00097258 0.0010143 0.000996582 0.000609134 0 0 0 0 0 0 0 0 0 0 0 0 0 0 0 0 0 0 0 0 0 0 0 0 0 0 0 0 0 0 0 0 
0 0 0 0 0 0 0 0 0 0 0 0 0 0 0 0 0 0 0 0 6.45098e-07 2.08897e-05 0.000375653 0.00038304 0.000397831 4.35904e-05 7.91127e-05 0.000160374 0.000273176 0 0 0 0 0.000338912 0.000999885 0.000224587 0.000202702 0 0 0 0 0 4.37456e-06 0.000233645 0 0 0 0 0 0 0 0 0 0 0 0 0 0 0 0 0 0 0 0 0 0 0 0 0 
0 0 0 0 0 0 0 0 0 0 0 0 0 0 0 0 0 0 0 0 0.000334481 0.00169553 0.000868739 0.000427716 0.000381976 0.000469855 0.0009307 0.000878661 0.000314025 0.000107245 0.000363336 0.000576644 0 0.000126792 0.00125469 0.000695068 0 0 1.12058e-06 4.54367e-06 0.000424962 5.08929e-05 0.000705599 0.000994742 0 0 0 0 0 0 0 0 0 0 0 0 0 0 0 0 0 0 0 0 0 0 0 0 0 
0 0 0 0 0 0 0 0 0 0 0 0 0 0 0 0 0 0 0 5.81481e-05 0.000641181 0.000579888 0.000835337 0.000568981 0.000251058 0.00155868 0.000219782 4.93049e-05 0.000170136 0.000672647 0.000585631 0.00100973 8.50854e-05 0.000146991 0.000509427 0.000104093 0 0 0.000157378 0.00063813 0.000368959 7.95471e-05 0.000635067 0.000508073 0 0 0 0 0 0 0 0 0 0 0 0 0 0 0 0 0 0 0 0 0 0 0 0 0 
0 0 0 0 0 0 0 0 0 0 0 0 0 0 0 0 0 0 0 3.52017e-05 0.000393931 0.000649477 0.000356237 0.000628716 1.67677e-05 0.000594837 0.000358157 2.75252e-06 0.000557691 0.0011706 3.12499e-05 0.00027128 0.000338425 0.00102144 0.000201089 9.16044e-06 0 0 0.000652608 0.000346822 8.14707e-05 0 0 0 0 0 0 0 0 0 0 0 0 0 0 0 0 0 0 0 0 0 0 0 0 0 0 0 0 
0 0 0 0 0 0 0 0 0 0 0 0 0 0 0 0 0 0 0 0.000387188 0.000490977 0.000408975 0.00161612 0.000499357 8.89598e-06 0.000470739 0.000459221 0.00062728 0.000743127 9.14439e-05 0.00022313 0.000172452 0.000232561 0.000754058 0.000892005 0.000262814 5.80186e-05 0.000306283 2.63331e-05 0.000687613 0.000214315 0 0 0 0 0 0 0 0 0 0 0 0 0 0 0 0 0 0 0 0 0 0 0 0 0 0 0 0 
0 0 0 0 0 0 0 0 0 0 0 0 0 0 0 0 0 0 0 0 0.000719634 0.000620549 0.000196807 1.14974e-05 5.65216e-05 0.000712868 0.000196474 0.000219317 0.000350276 0.000621492 0.000367277 0.000405963 0.000513599 8.1196e-05 0.000181046 0.000340983 0.000148884 0.00100507 0.000834867 0.000459607 0.000235672 0 0 0 0 0 0 0 0 0 0 0 0 0 0 0 0 0 0 0 0 0 0 0 0 0 0 0 0 
0 0 0 0 0 0 0 0 0 0 0 0 0 0 0 0 0 0 0 0 0 0 0.000560144 3.27234e-05 0 0 0.000255044 0.00011063 0.00038867 0.000128715 0.000163318 0.000463271 0.00103171 0.000252593 0 0.000366651 0.000137973 0.000439251 7.6555e-05 0.000246694 0.000253553 0 0 0 0 0.00059458 0.000548717 0.000206456 1.9664e-06 0 0 0 0 0 0 0 0 0 0 0 0 0 0 0 0 0 0 0 0 
0 0 0 0 0 0 0 0 0 0 0 0 0 0 0 0 0 0 0 0 0 0 0 0 0.00011097 0.000781724 0.000448878 0.000131754 0.000988768 0.000426097 0 6.48688e-05 0.00028314 0.000861709 0 0.000333928 0.000870316 0.000689428 0.000109595 0.000351776 0 0 0 0.00035618 1.63509e-05 0.000853655 0.000790966 0.00075359 0.000278498 0 6.28696e-06 5.15104e-05 0 0 0 0 0 0 0 0 0 0 0 0 0 0 0 0 0 
0 0 0 0 0 0 0 0 0 0 0 0 0 0 0 0 0 0 0 0 0 0 0 0 0.000185008 0.000366967 1.25415e-05 0 0.000196235 0.000347926 0.00031295 0.000624596 8.75263e-05 0 4.48294e-05 0.000259541 0.000107977 0.000786573 8.54309e-05 0.000832626 5.43152e-05 7.37623e-05 0.000336314 0.00051547 0.000308517 0.000458437 0.000197884 0.000137072 0.000283667 0.00062327 0.000249927 0.00124712 0 0 0 0 0 0 0 0 0 0 0 0 0 0 0 0 0 
0 0 0 0 0 0 0 0 0 0 0 0 0 0 0 0 0 0 0 0 0 0 0 2.50261e-05 0.000182816 0.000575874 0.000166283 0 0 0.000544407 0.000569787 0.000355059 0.000551784 0.000794646 0.000516872 0.00042363 0.000370807 0.000336988 7.20277e-05 0.000877466 2.02798e-05 0.000153272 0.000980612 0.000378855 0.000642944 0.000290084 0 0 1.02753e-05 0.000108723 1.06551e-05 3.68441e-05 0 0 0 0 0 0 0 0 0 0 0 0 0 0 0 0 0 
0 0 0 0 0 0 0 0 0 0 0 0 0 0 0 0 0 0 0 0 0 0 0.000600495 0.000485352 0.000521888 4.57927e-05 0.000454033 9.94934e-05 0 0.000597162 0.000371553 0.000868375 0.00026762 0.000785491 0.000248327 7.31859e-05 7.7812e-05 0.000148569 0 0 0 6.5179e-06 5.18663e-05 0 0.000307425 0.000149314 0 0 0 0 5.86109e-06 2.32466e-05 0 0 0 0 0 0 0 0 0 0 0 0 0 0 0 0 0 
0 0 0 0 0 0 0 0 0 0 0 0 0 0 0 0 3.62698e-05 0.000112439 0.000101249 0.000561007 0 0 0.000169827 0.000418112 8.30542e-05 0.000447339 0.000518387 4.80371e-05 1.46618e-05 6.58209e-06 0.000290377 0.000977656 0.000328054 0.000316944 0.000893392 0.000801551 0.000275146 0.000485279 0 0.000752593 0.000268305 6.18087e-05 0.00097174 0.00153323 0.000620727 0.000238654 0.000855715 2.9655e-06 0 0 0.000462325 0.000748342 0.00057735 0 0 0 0 0 0 0 0 0 0 0 0 0 0 0 0 
0 0 0 0 0 0 0 0 0 0 0 0 0 0 0 0 0.000159135 0.000649578 2.22941e-05 0.000117678 0 0 0 0 4.5003e-05 0.000253069 0.000468322 0 0.00053828 0.000241648 0 5.41884e-05 0.000395769 0 6.72137e-05 0.000323378 0.000257239 0.000358299 0.00022623 0.000976246 0.000226624 0.00019107 0.000748509 0.00165395 0.000972733 0.000517653 0.00123101 1.05943e-05 0 9.00778e-05 0.000294888 0.000108243 0.000190335 0 0 0 0 0 0 0 0 0 0 0 0 0 0 0 0 
0 0 0 0 0 0 0 0 0 0 0 0 0 0 0 0 0.000115802 0.00156446 0.000258527 8.09044e-05 0 0 0 0.000268326 0.000271769 4.03178e-05 0.000652755 6.71687e-06 0.000566284 0.000241141 0.000472286 0 2.58853e-05 0.00146195 0.000223994 0 0 0 0.000300229 0.00151336 0.000796683 0.000796699 0.000326368 7.13439e-05 0.000666724 6.38077e-05 0.000173751 1.80302e-05 0.00015595 0.00122017 0.000858014 0.000514868 7.24042e-05 0.000123421 0.000389766 8.05919e-06 0 0 0 0 0 0 0 0 0 0 0 0 0 
0 0 0 0 0 0 0 0 0 0 0 0 0 0 0 0 0.000124986 0.000347964 0.000632629 0.000232986 0 0.000335923 0.000336186 0.000518418 0.000543831 0.000173768 0.0012966 3.86915e-05 6.13038e-05 5.4048e-05 0.000207281 0 1.78565e-06 0.000408001 0.000466505 0.000569707 0.000101185 0.000268665 4.23848e-05 0.00152363 0.00104325 0.000561071 0 1.18174e-05 0.000228019 0 0 6.49979e-05 0.000562194 0.000102197 0.000797808 0.00136092 0.000233328 0.000386963 0.00081507 9.56944e-05 0 0 0 0 0 0 0 0 0 0 0 0 0 
0 0 0 0 0 0 0 0 0 0 0 0 0 0 0 6.61873e-05 0.000451823 0.000786575 0.000902261 0.000280014 7.85177e-05 0.00089308 0.000186388 8.21379e-05 0.000856129 0.000266632 0.000154502 0.000816407 0.000184589 0 0.000138503 0.000192666 0.000353353 8.47988e-05 0.000279693 3.53889e-05 0.000118003 0.000886344 0.000223707 0.000624421 0.000978392 0.000124254 0 0 0 0 0.000288455 0.000233492 0 7.57793e-05 0.000704567 0.000352429 0.000187186 0.000282123 0.000384512 5.06692e-05 0 0 0 0 0 0 0 0 0 0 0 0 0 
0 0 0 0 0 0 0 0 0 0 0 0 0 0 0 6.24097e-05 0.000287096 0.000776401 0.000776737 0.0010196 0.000409681 0.000606627 0.000760337 0.000491769 0.00102863 0.000314536 0.000518738 0.00118643 0.00126674 0 0.000496949 0.000966075 0.00111977 0.000256042 0.00040656 0.000265263 0.00110437 0.000963279 0.000463902 0.000213055 0.000665551 0.000171062 0 0 0 0.000123837 0.000161248 0.000124911 0 0.000761316 0.00117961 0.000352544 0.000141397 0.000251532 0.000126091 0 0 0 0 0 0 0 0 0 0 0 0 0 0 
0 0 0 0 0 0 0 0 0 0 0 0 0 0 0 0.00029052 0.000444308 0.000138183 0.000456936 0.000275376 7.83164e-05 0 0 0.000556294 0.000286106 0 0.000248384 0.00053928 0.000457207 0 0 0.000377078 0.000571684 0 7.87707e-05 0.000551705 0.000174669 0.000291556 0.000164324 0 0.000528611 0.000609729 0 0 2.05965e-05 0.00076525 0.00027344 0 0 8.94058e-05 0.000794881 7.42938e-06 0 8.71608e-05 0.000136486 6.9509e-05 0 0 0 0 0 0 0 0 0 0 0 0 0 
0 0 0 0 0 0 0 0 0 0 0 0 0 0 0 0 0.000147909 0.000260071 0.000750055 0.000234583 7.46098e-05 5.63552e-06 0 0.000795924 0.000216529 0 0 4.4411e-05 0.00131289 9.39835e-05 3.09167e-05 0.000643745 0.000372705 0 0.000299599 0.00147245 6.05214e-05 0.000195845 0.000545451 0.000146353 0.000834885 0.000785628 0.000359463 0.000211108 0.000339107 0.00103211 0.000371031 0 0 0.000134739 0.00176695 0.000177421 0 0.000467328 0.00057834 0.00026352 0 0 0 0 0 0 0 0 0 0 0 0 0 
0 0 0 0 0 0 0 0 0 0 0 0 0 0 0 0 0.000877435 0.000552826 0 0.000457639 0.00049339 0.000516765 0 0.000329593 0.00066096 0.000857528 0.00039767 6.12365e-07 0.000678182 0.00058275 0.000439347 0.000351198 0.00190019 0.000100667 0.000502662 0.000264145 0.000563992 0.000468739 0.000831852 0.000157759 0.000685024 8.86497e-05 0.000281367 0.000100569 0 0.000365654 0.000200465 0.000811481 0.000230733 0.000141422 0.00188993 0.0004245 0.000459952 0 0.000269446 0.000316298 0 0 0 0 0 0 0 0 0 0 0 0 0 
0 0 0 0 0 0 0 0 0 0 0 0 0 0 0 0 0.00092091 0.000432514 1.28103e-05 0.000435577 0.000722637 0 0 2.60841e-05 0.000105822 0.00100305 0.000627168 0.00072322 0.000532481 0.000159882 0 9.08934e-06 0.000312503 8.61252e-05 0.000164833 9.28317e-05 0.000382405 0.00048038 0.000562392 0.000469303 0.000455086 4.60048e-05 0.00058436 6.54767e-05 0 0.00053163 0.00104896 0.00125016 0.000593225 0.00047527 0.000416953 0.000329714 0.000176657 0.000606731 0.000243661 0.00011633 0 0 0 0 0 0 0 0 0 0 0 0 0 
0 0 0 0 0 0 0 0 0 0 0 0 0 0 0 0 0.000203802 6.63909e-05 0.00025066 0.000884388 0.000220666 0.000191275 0.000186799 0.000747778 0.000542052 0.000691475 0.000395367 0.00088697 0.000711017 0.000531838 0 0 0.000273557 0.000441598 0 0.000204411 0.000205167 0.000512367 0.000707806 0 0.000318428 0.000728898 0.000214328 0.000179776 0.000474617 0.000454199 0.000531318 0.000505646 0.00162579 0.000526914 0.00136187 0.000607839 0.000147066 4.02816e-05 0.000778302 0.000666638 0 0 0 0 0 0 0 0 0 0 0 0 0 
0 0 0 0 0 0 0 0 0 0 0 0 0 0 0 0.000374676 0.000347377 0 0.000478454 0.000516997 0 0.000481481 0.00010964 6.68284e-05 9.8883e-05 0.000835114 0.000663257 0.000705321 0.000187724 0 0.000172549 0.000262417 0.00073131 0.000247284 0.000307922 0.000195436 0.000249273 0.00010515 0.000132967 0.000137835 0.000209054 0.000191276 0.000250982 0.000556434 0.000947881 0.000588333 0.000795124 0.000286814 0.000549513 0.000911187 0.000642485 0.000296299 0.000157206 0 0.000744006 0.000224168 0 0 0 0 0 0 0 0 0 0 0 0 0 
0 0 0 0 0 0 0 0 0 0 0 0 0 0 0.000222479 0.000276899 3.80636e-05 0 0.000995784 0.00014671 6.51491e-05 0.000450646 0.000844865 9.84949e-05 0 0.000299127 0.000632362 4.17051e-05 0 0.000210095 0.000875129 0.000743244 0.000710516 0.000702406 0.000197077 0.000189114 0.000553097 0.000427144 0.000486504 0.000426357 0.000310496 0 0.00021877 0.00019735 0.0007683 0.0010366 0.00010864 0.000522565 0 0.000628567 0.000740106 0.000321032 0.000354098 0.000324436 0.000129957 0.00051142 0 0 0 0 0 0 0 0 0 0 0 0 0 
0 0 0 0 0 0 0 0 0 0 0 0 0 0 0.000166426 0.000176423 0 0 0.000692257 0.000444942 0.000942255 0.00116924 0.00108748 0.000694107 0.000246213 0 0.000343903 0.000304312 0.00112992 0.000333408 0.000272465 5.2849e-05 0.000684327 0 0 0.000370313 0.0010121 0.000165984 0.000545763 0.000213079 6.59176e-05 0.000553533 0.000162362 0.0006034 0.00037574 9.31551e-05 0.000116863 0.000269496 0 0 0.000411042 0.000177976 0.000244665 0.000437627 0.000102278 0.00117269 0.000415579 0 0 0 0 0 0 0 0 0 0 0 0 
0 0 0 0 0 0 0 0 0 0 0 0 0 0 0 0.000286121 0.000293459 0.00103711 0.000616482 3.02101e-05 0.000388972 0.00138616 0.000818265 0.000138367 0.000189095 0.000129157 0.00019016 0.000532106 0.000428065 0.000204577 0.000777242 6.85838e-05 5.94084e-05 0 0.000177721 0.00106366 0.00037464 0.000239662 0.000946117 0.00104141 0.000514867 0.000253815 0.000620689 0.000177113 0.00126487 0.00031369 0.000820935 0.000290758 0 0 0 0.000879901 0.00149744 0.00087121 0.000642317 0.000965175 0.000900214 0 0 0 0 0 0 0 0 0 0 0 0 
0 0 0 0 0 0 0 0 0 0 0 0 0 0 0.000850444 0.0012472 0.000956837 0.00165713 0.000469421 0.000642775 0.000837685 0.000196337 0.000661911 0.000192698 0.000357207 0.00028592 0.0004909 0 0 0 0.000710122 0.000218048 0 0 6.0108e-05 0.000425875 0.000407464 0.000316334 0.000879159 0.000503089 0.000543657 7.33942e-05 0.000590921 0.000396379 0.000269088 1.43224e-05 0.000304425 0.000547947 0.000409937 0.000606638 7.47886e-05 6.67838e-05 0.000537231 0.000487524 0.000228286 1.21004e-05 9.73602e-06 0 0 0 0 0 0 0 0 0 0 0 0 
0 0 0 0 0 0 0 0 0 0 0 0 0 0.00033086 0.00112312 0.000575642 0.000665877 0.000724676 0.000253927 0.000348193 0.000333183 0.000149859 8.69986e-05 0.00036219 0.000690577 0.000562613 0.00074646 0.000234748 3.03925e-06 0.00073501 0.000643627 0.000447994 0 0 0 0.000143448 0.000543425 0.00136467 0.00121473 0.000102174 0 0.000451417 0.000553235 0.000778465 0.000836715 6.69941e-05 0.000240798 0.000737183 0.00040844 0.000597869 0.00113211 0 0 0 0 0 0 0 0 0 0 0 0 0 0 0 0 0 0 
0 0 0 0 0 0 0 0 0 0 0 0 0 0.000207539 0.00108303 6.49793e-06 0 0 0 0 0.000112262 0.00117277 0.000482382 0.000335547 0.000709438 8.63931e-05 0.000617996 0.00121631 7.20084e-06 1.98672e-05 0.00110968 0.00049097 0.000256642 0.000461977 6.5186e-05 0.000178543 0.000315686 0.00036602 0.000749979 0.000378294 0.000543202 0 0.000421649 0.00054178 0.000283064 0.000179073 0.000577689 0.00146032 0.000491212 0.000622864 0.000385192 0.000412574 0.000439375 0.000264987 0.000623211 0 0 0 0 0 0 0 0 0 0 0 0 0 0 
0 0 0 0 0 0 0 0 0 0 0 0 0 1.43885e-06 0.000980046 0.000251812 0.000373249 0.000107809 0.000657665 0.0002372 0.000638144 0.000604684 0.000733914 0.000233203 0.000995466 0.000233584 0.00108552 0.000469522 0 0 0.000552578 0.000281833 8.15867e-05 0.000184334 0.00110013 0.000749259 0.000107641 0.000506927 4.13286e-05 0.000483695 0.000314928 0 0 0 0.00144498 0.000872842 0.000497162 0.000762463 0.000506757 0.00112869 0.00184414 0.002072 0.000972234 0.000560687 0.00139395 0 0 0 0 0 0 0 0 0 0 0 0 0 0 
0 0 0 0 0 0 0 0 0 0 0 0 0 0.000540588 0.000370171 0.00029776 0.00101794 0.000157485 7.25593e-05 0.00066404 0.00105685 6.36513e-05 0 3.76769e-05 0.000711906 0.00030553 0.00044786 0.000940817 0.00040391 0 2.62646e-05 1.43202e-05 0.000198478 0.00044472 0.000311507 5.24557e-05 0 0.000256322 7.80107e-05 0 0.000153172 0.000489951 0.000319671 0.00026506 0.000730544 0.000659713 0.000567115 0.000460896 0.000499967 0.000666137 0.000108792 0.000350656 0.000158823 0 0 0 0 0 0 0 0 0 0 0 0 0 0 0 0 
0 0 0 0 0 0 0 0 0 0 0 0 0 4.06667e-05 1.53862e-05 3.04509e-05 0.000514135 0.000277762 0.00044229 0.000431352 0.000112246 0.000360528 0.000685994 9.0225e-05 0.000652668 0.000874395 0.000340971 0.00123671 0.000919454 0.000300764 0 0.00066969 0.000523126 0.000367916 1.13489e-06 0 6.17606e-06 0.000469781 0.000919068 0.000361167 3.76425e-05 0.000149322 0.00091249 0.00114132 0.000842338 0.00140174 0.000709087 0.000522485 0.000341817 0.000482019 0.000488435 0.000265177 3.90792e-05 0 0 0 0 0 0 0 0 0 0 0 0 0 0 0 0 
0 0 0 0 0 0 0 0 0 0 0 0 0 0 0 0 0.000362431 0.000418435 0.000384922 0.000651788 0.000326925 0.000434441 0.000960428 0.000311185 8.84822e-05 0.000412447 0.000415742 0.000365839 9.45875e-05 0.000179871 0.000399689 0.000420515 0.000532315 0.000220824 0.000680813 0 9.48807e-05 0.00155865 0.000897277 0.000334934 0.000275309 2.26789e-05 0.000806753 0.00116034 0.000752414 0.000191318 0.000224579 0.00105002 0.00119069 0.00209296 0.000519532 0.00105194 0.000220355 0 0 0 0 0 0 0 0 0 0 0 0 0 0 0 0 
0 0 0 0 0 0 0 0 0 0 0 0 0 0 0 0.000385937 0.00122317 0.00104694 0.00166404 0.000846449 0.000265645 0.000204796 0.000157092 0 0 0.000167791 0.000201199 0 0.000383902 0.000163511 0.000261153 0.00105045 0.000645436 0.000242037 0 0 1.72789e-06 0.00114999 0.00101958 0 0.000780311 4.42026e-05 7.8189e-05 0.00158129 0.000542641 0 0.00010613 0.000247369 0.000461542 0.00158387 0.000181567 2.05826e-05 5.20609e-06 0 0 0 0 0 0 0 0 0 0 0 0 0 0 0 0 
0 0 0 0 0 0 0 0 0 0 0 0 0 0 0 0.000283944 0.0010837 0.000593966 0.000768133 0.000615908 0.00111611 0 0 0 0 0.000215304 0.000259876 0 0.000381002 0.000675293 4.92051e-05 0.00020446 4.94927e-05 0 0.000572831 0.000286847 0 6.39614e-06 6.86477e-05 0.000242689 0.000428558 7.3806e-05 0 0.000227006 0.000239759 0 0 0 0.000239873 0.0012827 0.000348529 0 0 0 0 0 0 0 0 0 0 0 0 0 0 0 0 0 0 
0 0 0 0 0 0 0 0 0 0 0 0 0 0 0 1.10916e-05 7.56149e-05 0.000662678 0.000128912 7.03623e-08 4.25006e-05 0.000133379 0.000406661 0 0 0 0.000554574 0.00108699 0.000590024 0.000465007 0.00021455 0 0 0 0.000523916 0.000468013 0.000363321 0 2.58597e-05 0.000520567 0 0.00100259 0.000492036 0 0 0 0 0.000160705 0.000909954 0.00230102 0.000176524 0 0 0 0 0 0 0 0 0 0 0 0 0 0 0 0 0 0 
0 0 0 0 0 0 0 0 0 0 0 0 0 0 0 0 0 0 0 0 0 0.000499279 0.000244551 0.000115242 0.000273333 0.000267153 0.00155356 0.000515257 0.000430119 8.32189e-05 3.83964e-05 0 3.10287e-05 0.000301747 0.000379123 0.00123355 0.00119938 0.000514875 0 0 0 8.1229e-05 2.64937e-05 0 0 0 0 0.000405792 0.000168366 2.90253e-05 0 0 0 0 0 0 0 0 0 0 0 0 0 0 0 0 0 0 0 
0 0 0 0 0 0 0 0 0 0 0 0 0 0 0 0 0 0 0 0 0 0.000994358 0.000494605 0.000475907 0.000347944 0.000167583 0.000464775 1.96467e-05 0 0 0.000223719 0.000444427 0.000677273 0.000254925 0.000120838 0.00109957 0.00168039 0.000716273 0 0 0 0 0 0 0 0 0 0 0 0 0 0 0 0 0 0 0 0 0 0 0 0 0 0 0 0 0 0 0 
0 0 0 0 0 0 0 0 0 0 0 0 0 0 0 0 0 0 0 0 0 0.000518113 0.00124971 0.00175855 0.000888846 0.000194289 2.43616e-05 0.000756575 0 0 0.00126952 0.000347196 0.000191228 0.000119848 0.00100007 0.00048463 0.000548587 0.000900766 0 0 0 0 0 0 0 0 0 0 0 0 0 0 0 0 0 0 0 0 0 0 0 0 0 0 0 0 0 0 0 
0 0 0 0 0 0 0 0 0 0 0 0 0 0 0 0 0 0 0 0 0 9.02601e-06 2.11866e-05 0.000978457 0.000505347 0 0 0 0 0 0.000158038 0.000625681 0.000549984 3.52785e-05 0.00106621 0.00064297 0.000101167 0.000116903 0 0 0 0 0 0 0 0 0 0 0 0 0 0 0 0 0 0 0 0 0 0 0 0 0 0 0 0 0 0 0 
0 0 0 0 0 0 0 0 0 0 0 0 0 0 0 0 0 0 0 0 0 0 0 0.000132495 0.000566311 0.000186218 0.000186601 0 0.000600307 0.000561155 0 0.000149392 4.66797e-05 0 0.00033062 0.000557137 0.000571773 0.000342026 0 0 0 0 0 0 0 0 0 0 0 0 0 0 0 0 0 0 0 0 0 0 0 0 0 0 0 0 0 0 0 
0 0 0 0 0 0 0 0 0 0 0 0 0 0 0 0 0 0 0 0 0 0 0 0 0.000253624 0.000939802 0.000397534 0.000155202 0.000677882 0.00061548 0.000522473 9.68175e-05 0.000493064 0.000628059 0.000509137 0.00103516 0.00132129 0.000132746 0 0 0 0 0 0 0 0 0 0 0 0 0 0 0 0 0 0 0 0 0 0 0 0 0 0 0 0 0 0 0 
0 0 0 0 0 0 0 0 0 0 0 0 0 0 0 0 0 0 0 0 0 0 0 0 0 2.38441e-05 2.30186e-06 3.44941e-05 0.000355762 0.000709904 0.000706111 0.000398962 0.000897126 0.00181233 0.000770536 0.000620885 0 0 0 0 0 0 0 0 0 0 0 0 0 0 0 0 0 0 0 0 0 0 0 0 0 0 0 0 0 0 0 0 0 
0 0 0 0 0 0 0 0 0 0 0 0 0 0 0 0 0 0 0 0 0 0 0 0 0 0 0 0 0.00010622 0.000136376 0 0.000721237 0.00140957 0.000332622 0 0 0 0 0 0 0 0 0 0 0 0 0 0 0 0 0 0 0 0 0 0 0 0 0 0 0 0 0 0 0 0 0 0 0 
0 0 0 0 0 0 0 0 0 0 0 0 0 0 0 0 0 0 0 0 0 0 0 0 0 0 0 0 0 0 0 3.18368e-05 1.45977e-05 0 0 0 0 0 0 0 0 0 0 0 0 0 0 0 0 0 0 0 0 0 0 0 0 0 0 0 0 0 0 0 0 0 0 0 0 
0 0 0 0 0 0 0 0 0 0 0 0 0 0 0 0 0 0 0 0 0 0 0 0 0 0 0 0 0 0 0 0 0 0 0 0 0 0 0 0 0 0 0 0 0 0 0 0 0 0 0 0 0 0 0 0 0 0 0 0 0 0 0 0 0 0 0 0 0 
0 0 0 0 0 0 0 0 0 0 0 0 0 0 0 0 0 0 0 0 0 0 0 0 0 0 0 0 0 0 0 0 0 0 0 0 0 0 0 0 0 0 0 0 0 0 0 0 0 0 0 0 0 0 0 0 0 0 0 0 0 0 0 0 0 0 0 0 0 
0 0 0 0 0 0 0 0 0 0 0 0 0 0 0 0 0 0 0 0 0 0 0 0 0 0 0 0 0 0 0 0 0 0 0 0 0 0 0 0 0 0 0 0 0 0 0 0 0 0 0 0 0 0 0 0 0 0 0 0 0 0 0 0 0 0 0 0 0 
0 0 0 0 0 0 0 0 0 0 0 0 0 0 0 0 0 0 0 0 0 0 0 0 0 0 0 0 0 0 0 0 0 0 0 0 0 0 0 0 0 0 0 0 0 0 0 0 0 0 0 0 0 0 0 0 0 0 0 0 0 0 0 0 0 0 0 0 0 
0 0 0 0 0 0 0 0 0 0 0 0 0 0 0 0 0 0 0 0 0 0 0 0 0 0 0 0 0 0 0 0 0 0 0 0 0 0 0 0 0 0 0 0 0 0 0 0 0 0 0 0 0 0 0 0 0 0 0 0 0 0 0 0 0 0 0 0 0 
0 0 0 0 0 0 0 0 0 0 0 0 0 0 0 0 0 0 0 0 0 0 0 0 0 0 0 0 0 0 0 0 0 0 0 0 0 0 0 0 0 0 0 0 0 0 0 0 0 0 0 0 0 0 0 0 0 0 0 0 0 0 0 0 0 0 0 0 0 
0 0 0 0 0 0 0 0 0 0 0 0 0 0 0 0 0 0 0 0 0 0 0 0 0 0 0 0 0 0 0 0 0 0 0 0 0 0 0 0 0 0 0 0 0 0 0 0 0 0 0 0 0 0 0 0 0 0 0 0 0 0 0 0 0 0 0 0 0 
0 0 0 0 0 0 0 0 0 0 0 0 0 0 0 0 0 0 0 0 0 0 0 0 0 0 0 0 0 0 0 0 0 0 0 0 0 0 0 0 0 0 0 0 0 0 0 0 0 0 0 0 0 0 0 0 0 0 0 0 0 0 0 0 0 0 0 0 0 
