0 0 0 0 0 0 0 0 0 0 0 0 0 0 0 0 0 0 0 0 0 0 0 0 0 0 0 0 0 0 0 0 0 0 0 0 0 0 0 0 0 0 0 0 0 0 0 0 0 0 0 0 0 0 0 0 0 0 0 0 0 0 0 0 0 0 0 0 0 
0 0 0 0 0 0 0 0 0 0 0 0 0 0 0 0 0 0 0 0 0 0 0 0 0 0 0 0 0 0 0 0 0 0 0 0 0 0 0 0 0 0 0 0 0 0 0 0 0 0 0 0 0 0 0 0 0 0 0 0 0 0 0 0 0 0 0 0 0 
0 0 0 0 0 0 0 0 0 0 0 0 0 0 0 0 0 0 0 0 0 0 0 0 0 0 0 0 0 0 0 0 0 0 0 0 0 0 0 0 0 0 0 0 0 0 0 0 0 0 0 0 0 0 0 0 0 0 0 0 0 0 0 0 0 0 0 0 0 
0 0 0 0 0 0 0 0 0 0 0 0 0 0 0 0 0 0 0 0 0 0 0 0 0 0 0 0 0 0 0 0 0 0 0 0 0 0 0 0 0 0 0 0 0 0 0 0 0 0 0 0 0 0 0 0 0 0 0 0 0 0 0 0 0 0 0 0 0 
0 0 0 0 0 0 0 0 0 0 0 0 0 0 0 0 0 0 0 0 0 0 0 0 0 0 0 0 0 0 0 0 0 0 0 0 0 0 0 0 0 0 0 0 0 0 0 0 0 0 0 0 0 0 0 0 0 0 0 0 0 0 0 0 0 0 0 0 0 
0 0 0 0 0 0 0 0 0 0 0 0 0 0 0 0 0 0 0 0 0 0 0 0 0 0 0 0 0 0 0 0 0 0 0 0 0 0 0 0 0 0 0 0 0 0 0 0 0 0 0 0 0 0 0 0 0 0 0 0 0 0 0 0 0 0 0 0 0 
0 0 0 0 0 0 0 0 0 0 0 0 0 0 0 0 0 0 0 0 0 0 0 0 0 0 0 0 0 0 0 0 0 0 0 0 0 0 0 0 0 0 0 0 0 0 0 0 0 0 0 0 0 0 0 0 0 0 0 0 0 0 0 0 0 0 0 0 0 
0 0 0 0 0 0 0 0 0 0 0 0 0 0 0 0 0 0 0 0 0 0 0 0 0 0 0 0 0 0 0 0 0 0 0 0 0 0 0 0 0 0 0 0 0 0 0 0 0 0 0 0 0 0 0 0 0 0 0 0 0 0 0 0 0 0 0 0 0 
0 0 0 0 0 0 0 0 0 0 0 0 0 0 0 0 0 0 0 0 0 0 0 0 0 0 0 0 0 0 0 0 0 0 0 0 0 0 0 0 0 0 0 0 0 0 0 0 0 0 0 0 0 0 0 0 0 0 0 0 0 0 0 0 0 0 0 0 0 
0 0 0 0 0 0 0 0 0 0 0 0 0 0 0 0 0 0 0 0 0 0 0 0 0 0 0 0 0 0 0 0 0 0 0 0 0 0 0 0 0 0 0 0 0 0 0 0 0 0 0 0 0 0 0 0 0 0 0 0 0 0 0 0 0 0 0 0 0 
0 0 0 0 0 0 0 0 0 0 0 0 0 0 0 0 0 0 0 0 0 0 0 0 0 0 0 0 0 0 0 0 0 0 0 0 0 0 0 0 0 0 0 0 0 0 0 0 0 0 0 0 0 0 0 0 0 0 0 0 0 0 0 0 0 0 0 0 0 
0 0 0 0 0 0 0 0 0 0 0 0 0 0 0 0 0 0 0 0 0 0 0 0 0 0 0 0 0 0 0 0 0 0 0 0 0 0 0 0 0 0 0 0 0 0 0 0 0 0 0 0 0 0 0 0 0 0 0 0 0 0 0 0 0 0 0 0 0 
0 0 0 0 0 0 0 0 0 0 0 0 0 0 0 0 0 0 0 0 0 0 0 0 0 0 0 0 0 0 0 0 0 0 0 0 0 0 0 0 0 0 0 0 0 0 0 0 0 0 0 0 0 0 0 0 0 0 0 0 0 0 0 0 0 0 0 0 0 
0 0 0 0 0 0 0 0 0 0 0 0 0 0 0 0 0 0 0 0 0 0 0 0 0 0 0 0 0 0 0 0 0 0 0 0 2.10453e-06 2.23763e-05 0 0 0 0 0 0 0 0 0 0 0 0 0 0 0 0 0 0 0 0 0 0 0 0 0 0 0 0 0 0 0 
0 0 0 0 0 0 0 0 0 0 0 0 0 0 0 0 0 0 0 0 0 0 0 0 0 0 0 0 0 0.000186215 9.24687e-05 0 0 0.000474959 0.000337478 0 6.67693e-05 0.000929535 9.38814e-05 0 0.000196782 6.59857e-05 0 0 0 0 0 0 0 0 0 0 0 0 0 0 0 0 0 0 0 0 0 0 0 0 0 0 0 
0 0 0 0 0 0 0 0 0 0 0 0 0 0 0 0 0 0 0 0 0 0 0 0 0 0 0 0.000304025 0.000761959 0.000716238 0.00140729 0.000470856 0.000438472 0.00132393 0.00080081 0.0010212 2.04442e-05 0.000844005 0.000564214 0.0001085 0.000499338 0.000135203 0.000233231 6.72749e-05 0 0 0 0 0 0 0 0 0 0 0 0 0 0 0 0 0 0 0 0 0 0 0 0 0 
0 0 0 0 0 0 0 0 0 0 0 0 0 0 0 0 0 0 0 0 0 0 0 0 9.97308e-05 3.85355e-05 6.45562e-05 0.000840391 0.000913012 8.12824e-05 0.000886824 0.000180245 0.000164409 0.000566648 0.000749817 0.000559378 0.000222842 0.00176169 0.00111423 0.000316289 0.00035207 0.000784861 0.000647907 0.000156886 0.000485181 1.08874e-05 0 0 0 0 0 0 0 0 0 0 0 0 0 0 0 0 0 0 0 0 0 0 0 
0 0 0 0 0 0 0 0 0 0 0 0 0 0 0 0 0 0 0 0 0 0 0 0 0.000499509 0.000327408 0.000886548 0.000420161 0.00214231 0.000251678 0 0 0.000742817 0.000362426 0.000199054 0.00142409 0.00102395 0.000396943 0.000428837 0 3.68828e-05 0.000798183 0.00060237 0.000997952 0.00121528 0.00059574 3.12024e-05 0 0 0 0 0 0 0 0 0 0 0 0 0 0 0 0 0 0 0 0 0 0 
0 0 0 0 0 0 0 0 0 0 0 0 0 0 0 0 0 0 0 0 0 1.59489e-06 0.000426011 0.000204834 0.000126984 0.000654593 0.000660323 0.000922583 0.000205777 5.10645e-05 2.80243e-05 0 0.00043291 0.000605248 0.000638069 0.000577345 0.000644267 0.000357767 0.000845342 0.000362781 1.97143e-05 1.11848e-05 0.000713257 0.00136101 0.000325764 0.00133125 9.95861e-05 3.85926e-05 0 0 0 0 0 0 0 0 0 0 0 0 0 0 0 0 0 0 0 0 0 
0 0 0 0 0 0 0 0 0 0 0 0 0 0 0 0 0 0 0 3.77956e-07 5.60664e-06 0.000301016 0.0011046 0.000172751 0.00104112 0.00117496 0.00148016 0.000551592 0.000677451 0.00024234 0.000517689 0 0 0.000724484 0.000760932 0.000337556 0 0.00174901 0.00115782 0.000775172 0.000687535 0.000831482 4.60436e-05 0.000134732 0.00145317 0.000668542 0.000402914 0.00030941 0 0 0 0 0 0 0 0 0 0 0 0 0 0 0 0 0 0 0 0 0 
0 0 0 0 0 0 0 0 0 0 0 0 0 0 0 0 0 0 0 5.02198e-05 0.000744968 0.000880228 0.000486855 0.000319094 0.00048432 0.000340846 0.000163132 0.00040401 0.000289785 0.00012552 0.000849912 0.00107187 0.000183383 0.000100365 0.000756771 0.00124948 0.000157722 0.000456698 0.000587309 0.000793409 0.00062265 0.00025287 0.00042489 0.000984383 0.000249839 0.000634458 0.00040593 0 0 0.000210001 3.51962e-06 0 0 0 0 0 0 0 0 0 0 0 0 0 0 0 0 0 0 
0 0 0 0 0 0 0 0 0 0 0 0 0 0 0 0 0 0 0 0.000140426 4.7904e-05 0.00055747 0.000954276 0.000968411 0.0011802 0.00100333 0.000484297 9.95221e-05 0.00146285 0.00143945 0.00139742 0.00155346 0.000335069 0.00111138 0.00113995 0.000340036 0.000443698 0.000177412 0.000407104 0.000646044 0.00135235 0.00119493 0.000748204 0.000977185 0.000378341 0.000761793 0.000613127 0 0.000482858 0.000844792 9.68672e-06 0 0 0 0 0 0 0 0 0 0 0 0 0 0 0 0 0 0 
0 0 0 0 0 0 0 0 0 0 0 0 0 0 0 0 0 0 0.000538305 0.00055135 0.000155884 0.000370849 0.000810155 0.00203986 0.000420171 0.000801177 0.000547371 0.000801879 0.000784722 4.50508e-05 0.000270643 0.000109927 0.000421074 0.00206047 0.000310775 0.000646372 0.000365778 0.000508438 0.000544756 2.31133e-05 0.000424554 0.00130934 0.000228658 0.000506827 0.0010575 0.000491228 0.000751756 8.28393e-05 0.000667438 0.000550546 0 2.12914e-05 1.6272e-05 0 0 0 0 0 0 0 0 0 0 0 0 0 0 0 0 
0 0 0 0 0 0 0 0 0 0 0 0 0 0 0 0 0 0 0.000663114 0.0007338 0.000819263 0.00158178 0.000277787 0.000708319 0.0013308 0.00100611 0.00037678 0.000900855 0.000110347 0 0.00072133 0.000461679 0.000375929 2.46203e-05 0.000489773 0.000219235 0.000517539 0.000846551 0.000241657 0.000140642 0.000440332 0.000375961 0 0.000138599 0.000803872 0.000899274 0.00069849 0.000552513 0.00087282 0.00168983 0.000403487 0.00105899 0.000637508 0 0 0 0 0 0 0 0 0 0 0 0 0 0 0 0 
0 0 0 0 0 0 0 0 0 0 0 0 0 0 0 0 0 2.76541e-05 0.000358537 0.00168418 0.00176446 0.00187337 0.0020735 0.000812235 0.000625401 0.00017342 0.000216698 6.15513e-05 0.000423278 5.83974e-05 0.000584382 0.000826783 0.000572348 0.000950185 0.00075707 3.68502e-05 0.000866949 0.00197002 0.00123407 0.000519883 4.71774e-05 0.000425898 0.000672362 0 0.00073101 0.00158333 0.00145682 0.000135956 0.000119159 0.000495235 0.000457387 0.00158227 0.000385609 0 0 0 0 0 0 0 0 0 0 0 0 0 0 0 0 
0 0 0 0 0 0 0 0 0 0 0 0 0 0 0 0 0 0.000712156 0.000346614 0.00015533 0 0.00100498 0.00121809 0.000475023 0.000655228 0.000506366 0.00150448 0.000115609 0.00125254 0.00119819 0.000239402 0.00110225 0.00068653 0.00137826 0.0011224 0.000140607 0.000726374 0.000830191 0.000168886 0.000394465 0.000324313 0.000382296 2.76044e-05 0.00044589 0.000487718 0.000884472 0.00112984 0.000345773 3.60585e-05 0.000613629 0.000802694 0.000462966 0.000272058 2.93143e-05 0 0 0 0 0 0 0 0 0 0 0 0 0 0 0 
0 0 0 0 0 0 0 0 0 0 0 0 0 0 0 0 0 6.66349e-07 0.000339148 0.000135658 0.000514596 0.00149864 0.000698889 0.000270527 0.00116326 0.00142014 0.00129051 0.000352863 0.000927096 0.000723903 0.000201188 0.000123683 0 0.000142903 0.000299061 9.90659e-05 0.00126825 0.000890312 0.000468344 0.000171306 0.000355562 0 0 0.000601188 0.000711897 0 0.000305837 0.00098532 0.000496696 0.000596441 0.000366077 0.000788367 0.00111747 0.00128454 0.000138244 0 0 0 0 0 0 0 0 0 0 0 0 0 0 
0 0 0 0 0 0 0 0 0 0 0 0 0 0 0 0 0 0.00010518 0.00167333 0.00104791 0.00259656 0.00275753 0.000403164 1.69593e-05 0.00101017 0.000981086 0.000863921 0.000159647 0 0.000911725 0.00060224 0.00131673 0.000582364 0.000296174 0 0 0.000113826 0.00146538 0.00104006 0.000560271 0.000331927 0.000141186 0.000441543 0.000389746 0.000674421 0.000915054 0.000278317 0.000213551 0.000279821 0.00132099 0.000721794 0.000516454 0.00155197 0.001648 6.91558e-05 0 0 0 0 0 0 0 0 0 0 0 0 0 0 
0 0 0 0 0 0 0 0 0 0 0 0 0 0 0 0 7.63457e-05 0.000324757 0.000693299 0.00156851 0.00087103 0.000379935 0.000542293 0.000631589 0.000184549 0.00206706 0.00135764 0.00051697 0 0.000236293 0.000576315 0.00173518 0.00142876 0.001259 7.05863e-05 0.000278155 3.40032e-05 0.000660914 0.000635406 0.00112765 0.000158695 0.000601867 0.000237555 0.00126053 0.00129302 0.000494804 0.000624042 0.00118299 7.09495e-05 0.000806164 0.00133526 0.000596997 0.00211097 0.00140137 0.000896026 0 0 0 0 0 0 0 0 0 0 0 0 0 0 
0 0 0 0 0 0 0 0 0 0 0 0 0 0 0 0.00129921 0.000789436 0.000539689 0.000985927 0.00114255 0.000619458 6.03201e-05 6.18754e-05 0.000716131 0.000229097 0.000809466 0.00171384 0.000603558 0.00187138 0.00063372 0.000365597 9.79683e-05 0.000426155 0.0012836 0.000342948 0.000395493 0.00018837 0 0.000555091 0.000633621 0.0020821 0.000986493 0.00116546 0.00114048 0.000704069 0.000292297 0.000582196 0.000270544 0.000893761 0.000177655 0.000233031 0.000420575 0.000216524 0.000195501 0.000219115 3.67915e-05 0 0 0 0 0 0 0 0 0 0 0 0 0 
0 0 0 0 0 0 0 0 0 0 0 0 0 0 0 0.000281807 0.00102375 0.000865429 0.000470111 0.00105211 0.000310109 0.000505608 0.00104065 0.000660953 9.8104e-05 0.000300867 0.000802618 4.88979e-05 0.00105159 0.000360417 0 0 0.000221895 0.000572515 1.16963e-05 0.00040522 0.00156642 0.000439915 0.00084729 0.00115486 0.00112146 0.000832675 0.00311987 0.000933844 8.65461e-05 0 0 1.3648e-05 0.000559865 0.00084924 0.00112175 0.00126813 0.000775434 0.00115634 0.00110921 0.000771661 0 0 0 0 0 0 0 0 0 0 0 0 0 
0 0 0 0 0 0 0 0 0 0 0 0 0 0 0 0.000149622 0.00212017 0.00149661 0.000133841 0.000539955 0.000787098 0.000684856 0.000506554 0.000264624 6.75901e-05 0.00138626 0.00164043 0.000733672 0.000477133 4.31864e-05 0.000792278 0.000230047 3.4539e-05 0.000101055 5.80078e-05 0.000877046 0.000247916 0.000445798 0.000140604 0.000409985 0.000226491 0 0.000357387 0.000862608 0.00118979 0.000196063 0.000567487 0.000119997 0.000668988 0.000665451 0.000675168 0.000726972 0.00117409 0.000104449 0.000281614 0.000297396 0 0 0 0 0 0 0 0 0 0 0 0 0 
0 0 0 0 0 0 0 0 0 0 0 0 0 0 0.000831009 0.000930949 0.00101764 0.00210999 0.000432458 0.000673016 0.00102226 0.00109849 0.00100659 8.36893e-05 0.000182053 0.00176502 0.00160569 0.0010721 0.000218626 0.00015168 0.00105245 0.00022268 0.000304332 0.000102321 0.000421473 0.00104039 0.000562855 0.000412946 0 0.000203245 0.000144161 0 0.000674585 0.000590513 0.00101503 0.000159638 0.00188476 0.000736401 0.000264308 0.000630892 0.000453061 0.000121097 0.000726069 0.00108956 0.000126904 0 0 0 0 0 0 0 0 0 0 0 0 0 0 
0 0 0 0 0 0 0 0 0 0 0 0 0 0 0.000756015 0.000310596 0.000316172 0.00039698 0 0.000277741 0.000252493 0.000809642 0.00109868 0 7.74426e-05 0.000355085 0.000194118 0.000755564 3.05244e-07 0.000717272 2.24374e-05 0.00119333 0.028565 0.0067434 0.000852381 0.00770478 0.0442984 0.015414 0.000662264 0.000230267 0.00043117 1.30176e-05 0.000266611 0.000721759 0.00150372 0.000558678 0.000934725 0.00114967 0.000542533 0.000304204 0.000374416 0.000201398 0.0013757 0.00234116 0.0002997 0 0 0 0 0 0 0 0 0 0 0 0 0 0 
0 0 0 0 0 0 0 0 0 0 0 0 0 0 0.000277798 0.000892521 0.000483639 7.08451e-05 0 0.00033064 0.000728568 0.00186864 0.00113423 6.38855e-05 0.00155334 0.00138116 0.000843925 0.00113049 0 0 0.000362858 0.00209674 0.114192 0.151714 0.0800216 0.158807 0.242017 0.0321516 0.000801584 0.000883934 0.00165932 0.00102914 0.00130214 0.000679845 0.00093143 0.000138342 0.000770291 0.00117928 0.00083963 0.000257357 0.00117642 0.000341534 0.000489945 3.38075e-05 0 0 0 0 0 0 0 0 0 0 0 0 0 0 0 
0 0 0 0 0 0 0 0 0 0 0 0 0 0 6.37272e-05 0.00071036 0.000721614 9.54881e-05 0.000607235 0.000306078 0.00082267 0.00183226 0.000217198 0.000291399 0.00120436 0.000354175 0.000659966 0.000319808 0 1.81781e-05 0.000619679 0.0015197 0.0217064 0.125716 0.209763 0.248781 0.112958 0.00253381 0.000233635 0.000784923 0 0.00049637 0.00051239 0.000603767 0.00172221 0.000492472 0.000656308 0.000656117 0.000418468 0.000290391 0.000375813 0.00019182 0.00146102 0.000410764 0.00178705 0.000382957 6.66988e-05 0 0 0 0 0 0 0 0 0 0 0 0 
0 0 0 0 0 0 0 0 0 0 0 0 0 0 0.000221428 0.000133717 0.000429594 0.000770606 0.000832126 0.000208423 0.00120612 0.00135263 0.000286547 0.000778548 0.000342725 0.00037795 0.000202886 0.000893542 0.000138798 9.57448e-05 0.000729157 0.000533039 0.000441528 0.000722328 0.00662876 0.0207141 0.00492929 0.000970658 0.000609548 0.000495823 0.00175315 0.00048064 0.000803867 0.000398167 0.00101694 0.00188422 1.13121e-05 0.00021614 0.000255953 7.06016e-05 0.000247595 7.62454e-07 0.00109522 0.0019319 0.00159765 0.000608927 8.63956e-05 0 0 0 0 0 0 0 0 0 0 0 0 
0 0 0 0 0 0 0 0 0 0 0 0 0 0 0.000281971 0.000166793 0.000315004 0.000788033 0.000581178 0.000703376 0.000227572 0.000730369 0.000613137 2.80897e-05 0.000620733 0.00178558 0.00152055 0.00203424 0.000365885 0.000698893 0.000498351 0.000181382 0.000339592 0.000523376 0.000711465 0.000764164 0.000857008 0.00121312 0.0010789 0.000144873 0.00132352 0.000540955 0.000474043 0.00099294 0.00105565 0.000756477 5.19925e-06 0.00139353 0.000720111 0.000458307 0.000553102 0.000259293 0.000168902 0.000262184 0.000281244 8.37667e-05 0 0 0 0 0 0 0 0 0 0 0 0 0 
0 0 0 0 0 0 0 0 0 0 0 0 0 0 0 1.12865e-05 3.01201e-05 0.000245571 0.000945706 0.000400303 0.000884304 0.00105232 0.0011094 7.23179e-05 0.000907036 0.00242 0.00256665 0.000617862 1.87473e-06 0.000227263 0.000789934 0.000661177 0.000238831 0.000833742 0.000444768 0.000774666 0.000124049 0.00062601 0.000867571 0.00136716 0.00107762 0.000966936 0.000669722 0.00112525 0.00104246 0.000286077 0.000192712 0.000839597 0.000683878 0.00119696 0.00076204 0.000401157 0 0.000533641 0.00140284 0.000242713 0 0 0 0 0 0 0 0 0 0 0 0 0 
0 0 0 0 0 0 0 0 0 0 0 0 0 0 4.91073e-05 0.000378012 0.00055267 0.00115316 0.0028866 0.000946525 0.000398787 0.000241226 0.000481817 0.000813181 0.00215704 0.00169279 0.00152083 0.000472782 0 0.000569221 0.000914359 0.000965536 0.000320519 0.000570375 0.000254803 0.000619398 0.000109988 0.000885273 0.000216509 0.000883694 0.00125697 0.00118459 0.000610481 0.000497596 0.00123056 0.000261493 1.7417e-06 5.43432e-06 0.00111136 0.000641856 0.000111863 0.000709221 0.000514405 0.000145355 0.000480616 0.000323052 0 0 0 0 0 0 0 0 0 0 0 0 0 
0 0 0 0 0 0 0 0 0 0 0 0 0 0 0.000129707 0.000813948 0.000270182 0.000381741 0.00121718 0.000637262 0.00131166 0.00132401 0.000142887 0.000363924 0.000616116 0.000676043 0.00152834 0.000712006 0 0.000447943 0.00143924 0.00196479 0.000781521 0.000234294 0.0004162 0.000884569 0.000649145 0.00114757 0 0.000144443 0.00115285 0 0.000171505 0.000124855 0.00124694 0.00138789 0.000158912 0.000243965 0.00122004 0.000920662 0.000527545 0.000522792 0.000689147 0.000366862 0.000696456 0 0 0 0 0 0 0 0 0 0 0 0 0 0 
0 0 0 0 0 0 0 0 0 0 0 0 0 0 0 0.000454997 0.00131075 7.07013e-05 0 0.00257138 0.00217906 0.00209721 0.000600314 1.91084e-05 0.000696111 0.00268872 0.00163971 0.00100533 0.000256624 0.000535149 0.00157878 8.71062e-05 7.39241e-05 0 0.000716156 0.00157751 0.000956861 0.000111979 0.000319141 0.000843849 0.000294487 0.000805827 0.00144479 0.000993981 0.00124217 0.000684769 0.000772674 0.00229403 0.00104027 0.000881607 0.00159366 0.000742154 9.69305e-05 0.00047339 6.56364e-05 0 0 0 0 0 0 0 0 0 0 0 0 0 0 
0 0 0 0 0 0 0 0 0 0 0 0 0 0 0 0.000552501 0.000441809 0.000451353 0.000520938 0.00141345 0.00160028 0.000464457 0.000780129 0.000126888 0.000303605 0.000954121 0.000963004 0.00100135 0.00061135 0.000348146 0.000865079 0.000539703 0.00233771 0.000662906 0.000406903 0.000521675 0.0014816 0.000242299 0.000445641 0.000336268 0.000495071 0.000429849 0.00127752 0.000205957 0.000556829 0.000717291 0.000509241 0.000200705 0.000451791 0.000835051 0.000116186 0.000780393 7.08765e-05 0 0 0 0 0 0 0 0 0 0 0 0 0 0 0 0 
0 0 0 0 0 0 0 0 0 0 0 0 0 0 0 0.000479869 0.00113328 0.000908446 0.0010876 0.00175427 0.00140017 0.000302209 0 0.000698324 0.00124902 0.000616526 0.000204147 0.000632425 0.000588842 0.0013478 0.00141347 0.00107761 0.00171276 0.000221055 0.000408328 0.000145812 0.00116143 0.000822636 0.000205345 0.00062174 0.00102699 0.0011175 0.00105357 0.00031722 0.000826199 0.000450076 0.000843729 0.00064796 0.000731964 0.000936886 0.000296054 0.00022066 0 0 0 0 0 0 0 0 0 0 0 0 0 0 0 0 0 
0 0 0 0 0 0 0 0 0 0 0 0 0 0 0 7.39916e-05 0.000806288 0.000430418 0.00243245 0.00188379 0.000278096 0.000519761 9.75882e-06 0.000309534 0.000150084 0.000180328 3.86303e-05 0.000423736 0.00145146 0.00188277 0.000409905 0.000117931 0.00034185 0.000436346 0.000947973 0.000990869 0.00138273 0.000264359 0.0003858 0.000878609 0.00243515 0.00134884 0.00107686 0.00028443 0.0013846 0.000619743 0 2.81374e-05 0.000874742 0.000754835 0.000791192 0.000389306 0.000490985 0.000190896 0 0 0 0 0 0 0 0 0 0 0 0 0 0 0 
0 0 0 0 0 0 0 0 0 0 0 0 0 0 0 0 0 0.000425377 0.000639881 0.000265565 0.000153636 0.000446907 0.00101334 0.00126918 0.000311796 0.00089063 0.00107849 0.00143531 0.00234909 0.00308269 0.000632225 0.000238507 0 0.000474157 0.000339844 0.000987812 0.00161827 0.000353317 0.00104497 0.000435346 0.00109211 0.000542696 0.00018057 0.000511046 0.00022896 5.53849e-05 0 0 0.00108025 0.00109035 0.000415214 0.000103523 0.00070877 0.000211694 0 0 0 0 0 0 0 0 0 0 0 0 0 0 0 
0 0 0 0 0 0 0 0 0 0 0 0 0 0 0 0 0 5.7453e-05 0.000196889 0.000368095 0.000633033 0.00108865 0.00136882 0.0013044 0.000886146 0.000433995 0.000690076 0.00183941 0.000702029 1.894e-06 0.000165608 0.000215098 4.25403e-05 0.000163522 0.000534428 0.000606424 0.00192132 0.00209777 0.00141126 0.000369823 0.000560344 0.00105127 0.000727171 0.000518977 0.000397098 1.50398e-05 0.000171034 0.000216256 0.0013724 0.00144696 0.000178271 0.000472371 0.00021679 0 0 0 0 0 0 0 0 0 0 0 0 0 0 0 0 
0 0 0 0 0 0 0 0 0 0 0 0 0 0 0 0 0 0 0.000341808 0.000929137 0.000981126 0.0012749 0.000620487 0.0010952 0.000118044 0.000596676 0.00077322 0.000142542 0.00038328 0.000852368 0.000509537 0.000530054 0.00108707 0.000294235 0.000477962 0.000256249 0.000859216 0.000876942 0.00218908 0.00113371 0.000476684 0.000167369 0.000277292 0.000878065 0.00140384 0.00010767 0.000438614 0.000629677 0.00142302 0.000448094 0.000681177 0.000171302 3.52354e-05 0 0 0 0 0 0 0 0 0 0 0 0 0 0 0 0 
0 0 0 0 0 0 0 0 0 0 0 0 0 0 0 0 0 0 0.000299294 0.00111411 0.000171472 0.000522205 0.000417835 0.000835359 0.000467343 0.000332033 0.000284773 0.000745307 0.00152594 0.00149568 0.0010567 0.000903726 0.00182229 0.000652719 0.000413729 8.62878e-05 0.000351786 0.000348005 0.000857469 0.00253869 0.000306921 0.00123584 0.00168349 6.64077e-06 0.000514919 0.00141743 0 0 3.98095e-05 6.17613e-05 2.31466e-05 3.21624e-06 0 0 0 0 0 0 0 0 0 0 0 0 0 0 0 0 0 
0 0 0 0 0 0 0 0 0 0 0 0 0 0 0 0 0 0 0 0 0.000907071 0.0018129 0.00119339 0.00187751 0.000953926 0.000732527 0 0.000426002 0.000620531 0.000904128 0.000661602 0.000225858 0.000287516 0.00163391 0.000912041 0.000494227 0.00030124 0.000919558 0.000486586 0.000899191 8.7322e-05 0.000361845 0.000266957 0.000142331 0.000733934 0.000365466 0.000336383 0.000241704 0.000274201 0.000425401 0 0 0 0 0 0 0 0 0 0 0 0 0 0 0 0 0 0 0 
0 0 0 0 0 0 0 0 0 0 0 0 0 0 0 0 0 0 0 0 7.2876e-05 0.000468191 0.000202615 0.00127415 0.000751563 0.000348469 0.000800734 0.000857846 0.00081268 0.0018385 0.00104644 0.000825981 0.000951702 0.000470567 0.000500139 0.000294376 0.000732913 0.00262625 0.000566602 2.12223e-05 3.37574e-05 0.000519324 0.000577293 0.000496905 0.000241166 0.000197472 0.0012919 0.000172983 0 0 0 0 0 0 0 0 0 0 0 0 0 0 0 0 0 0 0 0 0 
0 0 0 0 0 0 0 0 0 0 0 0 0 0 0 0 0 0 0 0 0 0 0.000573827 0.00132954 0.00118275 0.00031234 0.000438276 0.000604953 0.000489537 0.000687108 0.000668549 0.00158962 0.00106404 0.000588561 0.00128637 0.000691814 0.000238842 0.000994762 0.00016712 0.000624714 0.00150774 0.000645699 0.000944872 0.000422799 0.000960837 0.000690593 0.000123745 0 0 0 0 0 0 0 0 0 0 0 0 0 0 0 0 0 0 0 0 0 0 
0 0 0 0 0 0 0 0 0 0 0 0 0 0 0 0 0 0 0 0 0 0 2.76164e-07 0.00018234 0.000172723 0.00098669 0.000443731 4.05725e-05 0.000777596 0.000275591 0.00057744 0.000824701 0.00155996 0.000870266 0.00073298 0.00104477 0.000826632 0.000592836 0.00101495 0.000840423 0.00159511 0.00146906 0.000511313 0.00151752 0.000914827 0.000414777 9.80986e-06 0 0 0 0 0 0 0 0 0 0 0 0 0 0 0 0 0 0 0 0 0 0 
0 0 0 0 0 0 0 0 0 0 0 0 0 0 0 0 0 0 0 0 0 0 0 0 2.43655e-05 0.000695732 0.00138266 0.00117096 0.00014726 0.000641282 0.000815561 0.000351846 0.000183365 0.000233983 0.0015461 0.000887095 0.00118424 0.0011113 0.00166287 0.000823112 0.00109548 0.000328246 0 0.000860428 0.000124459 0 0 0 0 0 0 0 0 0 0 0 0 0 0 0 0 0 0 0 0 0 0 0 0 
0 0 0 0 0 0 0 0 0 0 0 0 0 0 0 0 0 0 0 0 0 0 0 0 0 0 8.89038e-05 0.000308864 1.9376e-06 0.000998612 0.000816395 0.00120795 0.000227811 0.00073407 0.000916829 0.00030841 0.000880772 0.00145369 0.00134386 0.000394193 0.00195589 3.72125e-05 0 0 0 0 0 0 0 0 0 0 0 0 0 0 0 0 0 0 0 0 0 0 0 0 0 0 0 
0 0 0 0 0 0 0 0 0 0 0 0 0 0 0 0 0 0 0 0 0 0 0 0 0 0 0 0 0 9.82119e-05 0.000403886 0.000259055 3.65679e-05 2.14718e-05 0.000639846 0.000557344 0.000445598 0.000220583 0.000226316 0.000142648 0.000137775 2.14074e-07 0 0 0 0 0 0 0 0 0 0 0 0 0 0 0 0 0 0 0 0 0 0 0 0 0 0 0 
0 0 0 0 0 0 0 0 0 0 0 0 0 0 0 0 0 0 0 0 0 0 0 0 0 0 0 0 0 0 0 0 0 0 0 0 0 0 0 0 0 0 0 0 0 0 0 0 0 0 0 0 0 0 0 0 0 0 0 0 0 0 0 0 0 0 0 0 0 
0 0 0 0 0 0 0 0 0 0 0 0 0 0 0 0 0 0 0 0 0 0 0 0 0 0 0 0 0 0 0 0 0 0 0 0 0 0 0 0 0 0 0 0 0 0 0 0 0 0 0 0 0 0 0 0 0 0 0 0 0 0 0 0 0 0 0 0 0 
0 0 0 0 0 0 0 0 0 0 0 0 0 0 0 0 0 0 0 0 0 0 0 0 0 0 0 0 0 0 0 0 0 0 0 0 0 0 0 0 0 0 0 0 0 0 0 0 0 0 0 0 0 0 0 0 0 0 0 0 0 0 0 0 0 0 0 0 0 
0 0 0 0 0 0 0 0 0 0 0 0 0 0 0 0 0 0 0 0 0 0 0 0 0 0 0 0 0 0 0 0 0 0 0 0 0 0 0 0 0 0 0 0 0 0 0 0 0 0 0 0 0 0 0 0 0 0 0 0 0 0 0 0 0 0 0 0 0 
0 0 0 0 0 0 0 0 0 0 0 0 0 0 0 0 0 0 0 0 0 0 0 0 0 0 0 0 0 0 0 0 0 0 0 0 0 0 0 0 0 0 0 0 0 0 0 0 0 0 0 0 0 0 0 0 0 0 0 0 0 0 0 0 0 0 0 0 0 
0 0 0 0 0 0 0 0 0 0 0 0 0 0 0 0 0 0 0 0 0 0 0 0 0 0 0 0 0 0 0 0 0 0 0 0 0 0 0 0 0 0 0 0 0 0 0 0 0 0 0 0 0 0 0 0 0 0 0 0 0 0 0 0 0 0 0 0 0 
0 0 0 0 0 0 0 0 0 0 0 0 0 0 0 0 0 0 0 0 0 0 0 0 0 0 0 0 0 0 0 0 0 0 0 0 0 0 0 0 0 0 0 0 0 0 0 0 0 0 0 0 0 0 0 0 0 0 0 0 0 0 0 0 0 0 0 0 0 
0 0 0 0 0 0 0 0 0 0 0 0 0 0 0 0 0 0 0 0 0 0 0 0 0 0 0 0 0 0 0 0 0 0 0 0 0 0 0 0 0 0 0 0 0 0 0 0 0 0 0 0 0 0 0 0 0 0 0 0 0 0 0 0 0 0 0 0 0 
0 0 0 0 0 0 0 0 0 0 0 0 0 0 0 0 0 0 0 0 0 0 0 0 0 0 0 0 0 0 0 0 0 0 0 0 0 0 0 0 0 0 0 0 0 0 0 0 0 0 0 0 0 0 0 0 0 0 0 0 0 0 0 0 0 0 0 0 0 
0 0 0 0 0 0 0 0 0 0 0 0 0 0 0 0 0 0 0 0 0 0 0 0 0 0 0 0 0 0 0 0 0 0 0 0 0 0 0 0 0 0 0 0 0 0 0 0 0 0 0 0 0 0 0 0 0 0 0 0 0 0 0 0 0 0 0 0 0 
0 0 0 0 0 0 0 0 0 0 0 0 0 0 0 0 0 0 0 0 0 0 0 0 0 0 0 0 0 0 0 0 0 0 0 0 0 0 0 0 0 0 0 0 0 0 0 0 0 0 0 0 0 0 0 0 0 0 0 0 0 0 0 0 0 0 0 0 0 
0 0 0 0 0 0 0 0 0 0 0 0 0 0 0 0 0 0 0 0 0 0 0 0 0 0 0 0 0 0 0 0 0 0 0 0 0 0 0 0 0 0 0 0 0 0 0 0 0 0 0 0 0 0 0 0 0 0 0 0 0 0 0 0 0 0 0 0 0 
0 0 0 0 0 0 0 0 0 0 0 0 0 0 0 0 0 0 0 0 0 0 0 0 0 0 0 0 0 0 0 0 0 0 0 0 0 0 0 0 0 0 0 0 0 0 0 0 0 0 0 0 0 0 0 0 0 0 0 0 0 0 0 0 0 0 0 0 0 
