0 0 0 0 0 0 0 0 0 0 0 0 0 0 0 0 0 0 0 0 0 0 0 0 0 0 0 0 0 0 0 0 0 0 0 0 0 0 0 0 0 0 0 0 0 0 0 0 0 0 0 0 0 0 0 0 0 0 0 0 0 0 0 0 0 0 0 0 0 
0 0 0 0 0 0 0 0 0 0 0 0 0 0 0 0 0 0 0 0 0 0 0 0 0 0 0 0 0 0 0 0 0 0 0 0 0 0 0 0 0 0 0 0 0 0 0 0 0 0 0 0 0 0 0 0 0 0 0 0 0 0 0 0 0 0 0 0 0 
0 0 0 0 0 0 0 0 0 0 0 0 0 0 0 0 0 0 0 0 0 0 0 0 0 0 0 0 0 0 0 0 0 0 0 0 0 0 0 0 0 0 0 0 0 0 0 0 0 0 0 0 0 0 0 0 0 0 0 0 0 0 0 0 0 0 0 0 0 
0 0 0 0 0 0 0 0 0 0 0 0 0 0 0 0 0 0 0 0 0 0 0 0 0 0 0 0 0 0 0 0 0 0 0 0 0 0 0 0 0 0 0 0 0 0 0 0 0 0 0 0 0 0 0 0 0 0 0 0 0 0 0 0 0 0 0 0 0 
0 0 0 0 0 0 0 0 0 0 0 0 0 0 0 0 0 0 0 0 0 0 0 0 0 0 0 0 0 0 0 0 0 0 0 0 0 0 0 0 0 0 0 0 0 0 0 0 0 0 0 0 0 0 0 0 0 0 0 0 0 0 0 0 0 0 0 0 0 
0 0 0 0 0 0 0 0 0 0 0 0 0 0 0 0 0 0 0 0 0 0 0 0 0 0 0 0 0 0 0 0 0 0 0 0 0 0 0 0 0 0 0 0 0 0 0 0 0 0 0 0 0 0 0 0 0 0 0 0 0 0 0 0 0 0 0 0 0 
0 0 0 0 0 0 0 0 0 0 0 0 0 0 0 0 0 0 0 0 0 0 0 0 0 0 0 0 0 0 0 0 0 0 0 0 0 0 0 0 0 0 0 0 0 0 0 0 0 0 0 0 0 0 0 0 0 0 0 0 0 0 0 0 0 0 0 0 0 
0 0 0 0 0 0 0 0 0 0 0 0 0 0 0 0 0 0 0 0 0 0 0 0 0 0 0 0 0 0 0 0 0 0 0 0 0 0 0 0 0 0 0 0 0 0 0 0 0 0 0 0 0 0 0 0 0 0 0 0 0 0 0 0 0 0 0 0 0 
0 0 0 0 0 0 0 0 0 0 0 0 0 0 0 0 0 0 0 0 0 0 0 0 0 0 0 0 0 0 0 0 0 0 0 0 0 0 0 0 0 0 0 0 0 0 0 0 0 0 0 0 0 0 0 0 0 0 0 0 0 0 0 0 0 0 0 0 0 
0 0 0 0 0 0 0 0 0 0 0 0 0 0 0 0 0 0 0 0 0 0 0 0 0 0 0 0 0 0 0 0 0 0 0 0 0 0 0 0 0 0 0 0 0 0 0 0 0 0 0 0 0 0 0 0 0 0 0 0 0 0 0 0 0 0 0 0 0 
0 0 0 0 0 0 0 0 0 0 0 0 0 0 0 0 0 0 0 0 0 0 0 0 0 0 0 0 0 0 0 0 0 0 0 0 0 0 0 0 0 0 0 0 0 0 0 0 0 0 0 0 0 0 0 0 0 0 0 0 0 0 0 0 0 0 0 0 0 
0 0 0 0 0 0 0 0 0 0 0 0 0 0 0 0 0 0 0 0 0 0 0 0 0 0 0 0 0 0 0 0 0 0 0 0 0 0 0 0 0 0 0 0 0 0 0 0 0 0 0 0 0 0 0 0 0 0 0 0 0 0 0 0 0 0 0 0 0 
0 0 0 0 0 0 0 0 0 0 0 0 0 0 0 0 0 0 0 0 0 0 0 0 0 0 0 0 0 0 0 0 0 0 0 0 0 0 0 0 0 0 0 0 0 0 0 0 0 0 0 0 0 0 0 0 0 0 0 0 0 0 0 0 0 0 0 0 0 
0 0 0 0 0 0 0 0 0 0 0 0 0 0 0 0 0 0 0 0 0 0 0 0 0 0 0 0 0 0 0 0 0 0 0 0 0 0 0 0 0 0 0 0 0 0 0 0 0 0 0 0 0 0 0 0 0 0 0 0 0 0 0 0 0 0 0 0 0 
0 0 0 0 0 0 0 0 0 0 0 0 0 0 0 0 0 0 0 0 0 0 0 0 0 0 0 0 6.33867e-05 0.000211627 0 0 0.000416653 0.000573328 0.000820767 0.000686081 4.24353e-05 0 0.000182975 0.000121752 0 0 0 0 0 0 0 0 0 0 0 0 0 0 0 0 0 0 0 0 0 0 0 0 0 0 0 0 0 
0 0 0 0 0 0 0 0 0 0 0 0 0 0 0 0 0 0 0 0 0 0 0 0 0 0 0.00018346 0.00013704 0.000121272 0.000736201 0.000853988 0.00062976 0.00093745 0.000828713 0.000222354 0.00113806 0.000694058 0.000243221 0.00127748 0.000484766 0.000107258 0.000277552 0.000497976 1.67829e-05 0 0 0 0 0 0 0 0 0 0 0 0 0 0 0 0 0 0 0 0 0 0 0 0 0 
0 0 0 0 0 0 0 0 0 0 0 0 0 0 0 0 0 0 0 0 0 0 0 7.21364e-07 1.87246e-06 0.000172312 0.00100688 0.000242707 0.000367301 0.00140682 0.00135201 0.000954502 0.000503545 0.00214614 0.000264289 0.000333912 7.72235e-05 0.00015232 0.00142386 0.00136497 0.00118497 3.19986e-05 0.000709483 0.000178542 9.87476e-05 0.000231062 0 0 0 0 0 0 0 0 0 0 0 0 0 0 0 0 0 0 0 0 0 0 0 
0 0 0 0 0 0 0 0 0 0 0 0 0 0 0 0 0 0 0 0 0 0 0 0.000222091 0.000801433 0.00136378 0.000649957 0.000545907 0.000425106 0.000790634 0.00184082 0.00112813 0.000648001 0.000427227 4.74746e-05 0 0 0.000235791 0.00104147 0.00107263 0.000572602 0.000142853 0.0018434 0.00141079 0.00033052 0.000360116 5.08376e-05 4.65918e-05 0 0 0 0 0 0 0 0 0 0 0 0 0 0 0 0 0 0 0 0 0 
0 0 0 0 0 0 0 0 0 0 0 0 0 0 0 0 0 0 0 0 0 0.000150869 0.000240971 0.00117451 0.000133773 0.00066057 0.000781174 0.0002076 0.000112399 0.0013616 0.000220316 0.000357611 0.000531676 0.000580701 2.59579e-05 0.000724468 0 0.000337711 0.000700749 0.00034581 0.00116042 0.000967551 0.00126202 0.00135027 0.000923954 0.000282254 0.000493052 0.000336537 0 0 0 0 0 0 0 0 0 0 0 0 0 0 0 0 0 0 0 0 0 
0 0 0 0 0 0 0 0 0 0 0 0 0 0 0 0 0 0 0 0 0 0.000794819 0.00104268 0.00075762 0.000301919 0.000978547 0.000400926 0.000232927 0.000400272 0.00120441 0.000675146 0.000575595 9.52948e-05 0.000396917 0.00130439 0.000570301 0.000365482 0.000642485 0.000145734 0.000843908 0.000654548 0.00108268 0.000264339 0.00106704 0.000228087 0.000523225 0.00153906 0.000173115 0.000993441 8.08107e-05 0 0 0 0 0 0 0 0 0 0 0 0 0 0 0 0 0 0 0 
0 0 0 0 0 0 0 0 0 0 0 0 0 0 0 0 0 0 0 1.03341e-05 8.45219e-05 0.00078398 0.00187778 0.00246584 0.00105402 0.00121325 0.000205967 0.000578796 0.0011966 0.00108599 0.000996484 0.000253111 0.000362953 0.0016451 0.00148697 0.000666427 0.00185365 0.00187728 0.000134157 0.000879303 0.00014782 5.08782e-05 0.000392258 0.00125244 8.95202e-05 5.55596e-07 6.2901e-05 0.00208422 0.00176154 0.000694762 2.08613e-05 0 0 0 0 0 0 0 0 0 0 0 0 0 0 0 0 0 0 
0 0 0 0 0 0 0 0 0 0 0 0 0 0 0 0 0 0 0 7.69496e-05 0.000629367 0.000273796 0.000298752 0.000299368 9.26537e-05 0.00120425 0.0007096 0.000628142 0.00108742 0.000255487 0.000189378 0.000129841 0.000928472 0.000487013 0 0.000163958 0.00156521 0.000655036 1.10198e-05 0.000953906 0.00116696 0.00112939 0.00114817 0.00109673 0.000788439 0.000162242 0.000235318 0.00111452 0.000481193 0.00157512 0.000306965 0 0 0 0 0 0 0 0 0 0 0 0 0 0 0 0 0 0 
0 0 0 0 0 0 0 0 0 0 0 0 0 0 0 0 0 0 0 0 0.000356309 0.00121951 0.000267998 2.84804e-05 0.000447075 0.00134195 0.000376163 0.000498204 0.00086671 0.000583497 0.000372193 0.00181046 0.000441928 0.000959467 0.00022971 6.86947e-05 0.000387439 0.000456537 0.000435902 0.00270706 0.0013323 0.000434884 0.000223841 0.000357026 0.000562596 0.00106081 0.000390048 1.1396e-05 0.00156589 0.000804141 0.000495785 5.16129e-05 0 0 0 0 0 0 0 0 0 0 0 0 0 0 0 0 0 
0 0 0 0 0 0 0 0 0 0 0 0 0 0 0 0 0 0 0 7.2108e-05 0.000602818 0.00159317 0.00137987 0.000898828 0.00076832 0.00132728 0.000290851 0.000171779 0.000556094 0.00114692 0.00120506 0.00201972 0.000177417 0.000704753 0.00102159 0.000985743 0.000728018 0.000885681 0.000761491 0.000615531 0.000241689 0.00102706 0.000649217 0.000384863 0.000709356 0.000570878 0.000209625 0.000512236 0.000315444 0.000272394 0.000681101 0.00029172 0 0 0 0 0 0 0 0 0 0 0 0 0 0 0 0 0 
0 0 0 0 0 0 0 0 0 0 0 0 0 0 0 0 0 0 0 0.000751234 0.000532915 0.00143153 0.000950886 0.00153647 0.000235449 0.000490549 0.000299196 0.00111955 0.000148274 6.01023e-05 0.00241153 0.00127026 0.00116168 0.000668682 0.000644259 0.001552 0.000501203 0.000106478 0.00130742 9.40452e-05 0.000388067 0.00107274 7.31716e-05 0.000957829 0.000793855 0.00118724 0.000683047 0.00139257 0.000516515 0.00168706 0.000577217 0.000174628 0.000136992 1.21381e-05 0 0 0 0 0 0 0 0 0 0 0 0 0 0 0 
0 0 0 0 0 0 0 0 0 0 0 0 0 0 0 0 0 0 0.000689969 0.000581085 0.00065924 0.00125957 0.000398674 0.000732941 0.00045076 0.000996807 0.000770671 0.000387754 7.7518e-05 7.86095e-05 0.000261795 0.00174548 0.000972402 0.000612808 4.34913e-05 0.000230672 0.000797773 0.000837364 0.000919883 0.00104877 0.000769774 0.00077154 0.00132808 0.00115002 0.000636183 0.00131313 0.00169588 0.000387057 0.000880578 0.0010101 0.000545966 0.000619894 0.000895155 5.30715e-05 0 0 0 0 0 0 0 0 0 0 0 0 0 0 0 
0 0 0 0 0 0 0 0 0 0 0 0 0 0 0 0 0.000149971 0.00136723 0.00266555 0.00136826 0.000192849 0.000509788 0.000996499 0.00150902 0.000922426 0.000918108 0.000338165 0 0.000298544 0.000555804 0.00123545 0.000674306 0.00150388 0.00105381 0.000104384 0.00159321 0.00120809 0.000118707 0.000193891 0.00135423 0.00176362 0.000268142 0.000946572 0.00105684 0.000170635 0.000468203 0.000857608 0.000986859 0.000758362 0.000814973 0.000801446 0.000502649 0.000426397 0.000250396 0 0 0 0 0 0 0 0 0 0 0 0 0 0 0 
0 0 0 0 0 0 0 0 0 0 0 0 0 0 0 0.000512792 0.00101941 0.00125708 0.0026155 0.00125553 0.000165012 0.000710638 0.000508566 0.00190047 0.00137382 0.000342446 0.000202975 0.000431751 0.00117507 0.000385441 0.000836297 0.000264052 0.00118803 0.00105239 3.80718e-05 0.0010641 0.00147667 0.000788978 0.000840872 0.000613539 0.000632509 0.000302491 0.00121247 0.00124444 0.000150531 0.000551974 0.000487064 0.000378241 0.00089846 0.00121389 0.00137845 0.00151479 0.000908938 0.000858463 0.000554285 0 0 0 0 0 0 0 0 0 0 0 0 0 0 
0 0 0 0 0 0 0 0 0 0 0 0 0 0 0 0.00107675 0.000337324 0.000416655 0.000368632 4.6614e-05 0.000292768 0.000698308 0.00125473 0.00161202 0.00064486 0.000671617 0.00139607 0.000927632 0.000523627 0.000866322 0.00140238 0.0002046 0.000220583 0.000560971 0.00050574 8.95625e-05 0.000713107 2.43924e-05 0.000760758 0.00105666 0.00057324 0.0010014 0.00100948 0.00187395 0.000742247 1.3028e-05 0.000210009 9.74331e-05 0.00126677 0.00125362 3.57701e-05 0.00102454 0.00106546 0.00138334 0.00164557 0 0 0 0 0 0 0 0 0 0 0 0 0 0 
0 0 0 0 0 0 0 0 0 0 0 0 0 0 0 0.000821898 0.000626821 0.00033227 7.87903e-06 0.000274876 0.000159381 0.00096448 0.00176685 0.000488789 0.000388658 0.000239033 0.000830347 0.000522792 0.00108807 0.00140089 0.000988734 0.000639288 0.000627203 0.000658846 0.000900645 0.000458227 0 0 0.000579664 0.000964877 0.00124558 3.77294e-05 0.000138933 0.000620345 0.000622878 0.000705875 0.000638253 0.000251037 0.00159443 0.00115959 0.000395098 0.000337042 0.000694854 0.000684712 0.000211725 0 0 0 0 0 0 0 0 0 0 0 0 0 0 
0 0 0 0 0 0 0 0 0 0 0 0 0 0 0 0.000388795 0.00103095 0.000673565 0.00047981 0.000513236 0.000522332 0.00217021 0.000871218 0.000319104 0.000538255 0.00162482 0.00174245 0.000921978 0.000325831 0.000944325 0.00101132 0.000653233 0.00106867 0.00148147 0.000383574 0.000439431 6.50114e-05 0 0.000727522 0.000732558 0.00109626 0 0.000672264 0.000533333 0.000879301 0.000738711 0.000172916 0.000382589 0.00060032 0.000797337 0.0003572 0.00028431 0.000578461 0.000604529 0.000430908 3.96053e-05 0 0 0 0 0 0 0 0 0 0 0 0 0 
0 0 0 0 0 0 0 0 0 0 0 0 0 0 0.000192489 0.000155518 0.000432097 0.00148073 0.00120303 0.000875736 0.000133603 0.000941085 0.000942732 0.000318088 0.00041727 0.00224762 0.00043391 0.000443613 0.000785679 0.00228124 0.000798024 0.000437743 0.00111178 0.00119083 0.0005284 0.000648568 0.000794372 0.000627006 0.00119377 0.00101457 0.000493568 0.000866279 0.00040818 0.00080531 0.000136874 1.68182e-05 0.000253972 0.000953981 0.000816808 0.00060664 0.000918381 0.000781155 0.000378113 0.000118344 0.00111919 0.00118143 0 0 0 0 0 0 0 0 0 0 0 0 0 
0 0 0 0 0 0 0 0 0 0 0 0 0 0 0.000250653 0.000202512 9.79545e-05 0.000550054 0.00041897 0.000535098 0.000566982 0.000935986 0.000996033 0.00102518 0.00183462 0.0023546 0.00014961 0.000238839 0.000404241 0.00028632 0.000718047 0.000763902 0.000865378 9.2178e-05 0.000498159 0.00039683 0.00107624 0.000633787 0.000418453 0.000629932 0.000442713 0.00103573 0.000172062 0.000954991 0.000337347 7.54674e-06 0.000710035 0.00110084 0.000164867 0 0.000201892 0.00154048 0.000433458 0.000210681 0.00197313 0.00046308 0 0 0 0 0 0 0 0 0 0 0 0 0 
0 0 0 0 0 0 0 0 0 0 0 0 0 0 0 8.26835e-05 3.78081e-05 0.00123009 0.00206867 0.000711174 0.000885488 0.000534076 0.00120339 0.00114074 0.00131593 0.00132748 0.000391241 0.00100182 0.000773584 0.000859986 0.00186675 0.00101727 0.000890208 0.0013051 0.0067868 0.00346152 7.81168e-06 0 0.000408328 0.000312067 0.000102875 1.13971e-05 0.000487031 0.000410259 0.000474186 0.000285554 0.000745564 0.00122514 0.00117078 0.000983872 0.000162745 0.0013979 0.00109786 0.00236957 0.00269685 0.00104323 0 0 0 0 0 0 0 0 0 0 0 0 0 
0 0 0 0 0 0 0 0 0 0 0 0 0 0 0.000615059 0.000755443 0.000540038 0.00220613 0.00386044 0.000565495 0.000263432 0 0.000434953 0.00119555 0.00168158 0.00120918 0.00132108 0.000725173 0.000602951 0.000817669 8.72194e-05 0.000138345 0.000687857 0.0132313 0.0416514 0.0292908 0.00881004 0 0.000674232 0.000270857 0.00106479 0.000707373 0.00137165 0.00158648 0.000389095 0.000658732 0.00118275 0.000479975 0.000580333 0.000745478 0.000325905 0.000519822 0.000418401 0.00028537 0.000529786 0.000334713 0 0 0 0 0 0 0 0 0 0 0 0 0 
0 0 0 0 0 0 0 0 0 0 0 0 0 0 0.000816973 0.000736224 0.000593646 0.000359057 0.000458984 0.000718741 0.000882213 5.10507e-05 0.000561403 0.00216839 0.00136543 0.000501996 0.00113797 0.000724553 0.00234727 0.00094267 0.000585601 0.00116263 0.001204 0.00885733 0.0299755 0.0258952 0.00720751 0.000197239 0.00102268 0.000562231 0.000728596 0.000807646 0.0011012 0.00110624 0.000243117 0.00048835 0.00114324 0.00124815 0.00138662 0.00168745 0.000447464 0.000864207 0.000871199 0.001182 0.00104099 0.00133272 5.1977e-05 0 0 0 0 0 0 0 0 0 0 0 0 
0 0 0 0 0 0 0 0 0 0 0 0 0 0 0.00047267 0.00135295 9.21281e-05 0 0.000325193 0.00121337 0.00182428 0.000311819 0.000635051 0.00143448 0.00118197 0.000561493 0.000304059 0.000407414 0.0010745 0.000664872 0.00051127 0.000666282 0.000905936 0.000641734 0.00579377 0.0067114 0.00072263 0.000554103 0.000849437 0.0013007 0.00106771 0.000353739 0.000772791 0.000289226 0.000325043 0.000790452 0.000528253 0.000450472 0.000426436 0.000464514 0.001015 0.000819582 0.00166488 0.000560817 0.000520246 0.000758698 6.77538e-06 0 0 0 0 0 0 0 0 0 0 0 0 
0 0 0 0 0 0 0 0 0 0 0 0 0 0 0.000501303 0.000420786 0.000365394 0.000754452 0.00102676 0.000610722 0.00108004 0.000518118 3.46417e-05 0.000243864 0.000454162 0.001859 0.00100047 0.000680984 0.000210064 0.000411414 0.000445193 8.93294e-05 0.000544945 0.000886461 0.00118264 0.000320955 0.00090661 0.00109431 0.000531733 0.00040813 0.000697486 0.000267256 0.00171057 0.003221 0.000763489 0.000104329 0.000243788 5.88805e-05 0.000562508 0.000816375 0.000707114 3.4254e-05 0.00100726 0.00110406 0.000228549 0 0 0 0 0 0 0 0 0 0 0 0 0 0 
0 0 0 0 0 0 0 0 0 0 0 0 0 0 0.00108964 0.000634551 0.00101746 0.00196999 0.0024825 0.00112416 0.000580382 0.00125973 0.000934268 0.00116541 0.000858825 0.00101817 0.0011892 0.000712761 0.00205657 0.00100086 0.000346986 0 0 0.000221941 0.000924149 0.000421438 0.00104669 0.0018729 0.00081184 0.000160981 0.000739443 0.000437521 0.00109068 0.00258504 0.00146222 0.000656964 0.00110423 4.01565e-05 3.1167e-06 0.000776471 3.82823e-05 0.00037302 0.000994993 0.00154828 0.000394247 0 0 0 0 0 0 0 0 0 0 0 0 0 0 
0 0 0 0 0 0 0 0 0 0 0 0 0 0 0.000887122 0.000677896 0.00135014 0.00114047 0.000883889 0.000311048 0.000411413 0.000559048 0.000345093 0.000148087 0.002048 0.000826799 0.000519372 0.000413512 0.00136859 0.000373173 0.000171399 0.000991187 0.000951886 0.000337736 0.000835543 0.000579339 0.000516839 0.00079114 0.000855915 0.000608222 0.000538485 9.73104e-05 0.00017175 0.000601977 0.00066132 0.00126647 0.0010229 0.00019405 4.21488e-05 0.000865831 0.000693267 0.00188092 0.000774488 6.88746e-05 3.21301e-05 0 0 0 0 0 0 0 0 0 0 0 0 0 0 
0 0 0 0 0 0 0 0 0 0 0 0 0 0 0 0.000737616 0.000988531 0.000184306 0.000341712 0.000344203 0.000673083 0.000116721 0.000823874 0.000455334 0.00177714 0.00193854 0.000521974 0.000446301 0.00045066 0.000319761 0.000723901 0.00120777 0.000926741 0.000376881 0.00044137 0.000924558 0.000537109 0.000386305 0.000383197 0.000881509 0.00063626 0.000903487 0.00196081 0.00110732 0.000695228 0.000667289 0.00064065 0.000906801 0.00026514 0.000279462 0.000370403 0.00155339 0.000254916 0.00122239 0.000243844 4.68785e-05 0 0 0 0 0 0 0 0 0 0 0 0 0 
0 0 0 0 0 0 0 0 0 0 0 0 0 0 0 0.000286315 0.000745129 0.000127324 0.000814867 0.00152001 0.00155589 0.000732 0.0015623 0.00253095 0.00198474 0.00108673 0.000165417 0.000439586 0.00111093 0.0011101 0.000585911 0.000551084 0.000696593 9.99743e-05 6.82257e-05 0.000314625 0.000423034 0.000536436 0.000487005 0.000230645 0.00100611 0.00189028 0.0013603 0.000463225 0.00160648 0.00162102 0.000861742 0.000254088 0.00034663 0.000299544 0.000164844 0.00199625 0.0022349 0.00237852 0.000546845 0.00010838 0 0 0 0 0 0 0 0 0 0 0 0 0 
0 0 0 0 0 0 0 0 0 0 0 0 0 0 0 0 9.36932e-05 0.0015247 0.00102246 0.00175281 0.00127318 0.000573103 0.000887639 0.00121064 0.00025076 0.00043565 0.000200128 0.000591748 0.00128972 0.00151778 0.00156544 0.00172675 0.0019702 0.000296161 0.00111607 0.00065831 0.000458097 0.000995335 0.000819578 0.000226624 0.00102153 0.00174233 0.00167065 0.000210292 0.000205585 0.000544996 0.000178502 0.000434083 0.000443613 0.000282179 6.60389e-05 0.000790208 0.000519786 0.000497286 0 0 0 0 0 0 0 0 0 0 0 0 0 0 0 
0 0 0 0 0 0 0 0 0 0 0 0 0 0 0 0 0.00156599 0.000657064 0.00165164 0.0014903 0.000870472 0.000264795 0.000867416 5.61422e-05 4.73184e-07 3.33809e-06 0 0.000654189 0.000813358 0.0012867 0.00121112 0.000625692 0.000777124 0.000538537 0.000836984 0.00106278 0.000302982 0.000954576 0.00169684 0.00139232 0.000834506 0.00116199 0.000161581 0.00073661 0.00137174 0.00109496 0.000563515 0.00112997 0.000787688 0.00116278 0 0.000683221 0.00133007 0.000588097 0 0 0 0 0 0 0 0 0 0 0 0 0 0 0 
0 0 0 0 0 0 0 0 0 0 0 0 0 0 0 0 0.000601271 0.000704096 0.00146423 0.000518068 0.000580909 0.000475111 0.000584196 0.000648865 0.00117603 0.00121238 0.000340125 0.000205955 0.000410735 0.00129648 0.000357421 0.000770803 0.000961835 0.001037 0.000575946 0.00163631 0.000797245 0.000995079 0.000880035 0.00153221 0.00091595 0.000325228 0.000202461 0.00047821 0.000315858 0.00159642 0.00131354 0.000425788 0.000894103 0.00114231 0.000234726 0.000352255 0.00083606 0.000366438 0 0 0 0 0 0 0 0 0 0 0 0 0 0 0 
0 0 0 0 0 0 0 0 0 0 0 0 0 0 0 0 0 0.00140715 0.00199073 0.0010775 0.00128356 0.000514808 7.3026e-05 0.000692259 0.000609078 0.00121074 0.000868359 0.00109409 0.000705265 0.000371105 0.000278586 0.00128052 0.000775656 0.000717479 0.00113216 0.000791921 0.00174324 0.00135068 0.00100875 0.00179424 0.00132371 0.000783133 0.00052819 0.0013593 0.000801252 0.00137753 0.00114739 0.00130429 0.000356193 0.00050695 0.000407456 0.000673447 0.000597895 0 0 0 0 0 0 0 0 0 0 0 0 0 0 0 0 
0 0 0 0 0 0 0 0 0 0 0 0 0 0 0 0 0 0.000235828 0.000481176 0.0014268 0.00114511 0.00149555 0.000581052 0.000611189 0.00107356 0.00177806 0.00166866 0.00179843 0.000460685 4.80015e-05 0.00129798 0.00211564 0.000510815 0.00163539 0.00271005 0.00161223 0.00176244 0.000856619 0.000515758 0.00128476 0.000690634 0.000353905 0.000601257 0.00132839 0.000780891 0.000731028 0.000657223 0.000719877 0.000944429 0.000329015 0.000558515 0.000145577 0 0 0 0 0 0 0 0 0 0 0 0 0 0 0 0 0 
0 0 0 0 0 0 0 0 0 0 0 0 0 0 0 0 0 0 0.000262549 0.000897557 0.000753283 0.000986153 0.000964221 0.000996104 0.00179506 0.000881229 0.000886956 0.000734503 0.00115735 0.00017779 0.00056299 0.000625804 0.00222923 0.00131351 0.00110344 0.00151652 0.00169765 0.000387003 0.000348617 0.00188734 0.000521988 0.000874207 0.000563129 0.000614789 0.000498916 0.000959998 0.000674637 0.000291458 0.000339237 0.000199724 0.000366384 0 0 0 0 0 0 0 0 0 0 0 0 0 0 0 0 0 0 
0 0 0 0 0 0 0 0 0 0 0 0 0 0 0 0 0 0 0.000256406 0.00109358 0.000684771 0.000549253 0.000673707 0.000601715 0.00159242 0.00142096 0.00110934 0.00208788 0.00119816 0.000472543 0.000609546 0.000188548 0.00112972 0.00102848 0.00159496 0.000804521 0.0010227 0.000523159 0.00210211 0.000744629 0.00105728 0 0 9.71294e-05 0.000734534 0.00108591 0.000372831 0.00097876 0.000201687 0.000663021 0.000459315 0 0 0 0 0 0 0 0 0 0 0 0 0 0 0 0 0 0 
0 0 0 0 0 0 0 0 0 0 0 0 0 0 0 0 0 0 0 4.28042e-05 0.000287055 0.00149321 0.00084436 0.000659774 0.000429802 0.000810784 0.00175732 0.000806885 0.000247919 0.000749321 0.000283683 0.0011458 0.00159311 0.00169493 0.000742965 0.000607479 0.00095364 0.000519785 0.000663 0.000516774 0.000156819 2.35224e-05 0.000541945 0.000244212 0.000642056 0.00122358 0.00150432 0.000413775 8.53503e-05 0.00070366 0.000182298 0 0 0 0 0 0 0 0 0 0 0 0 0 0 0 0 0 0 
0 0 0 0 0 0 0 0 0 0 0 0 0 0 0 0 0 0 0 0 0.00013798 0.00157572 0.000529888 0.000392818 0.00056346 0.00101084 0.00116121 0.0013413 0.00105209 0.00123245 0.000381689 0.000323093 0.00104419 0.000572614 3.11331e-05 2.3129e-05 0 5.0576e-05 0.000802031 0.00109272 0.000236986 0.000136153 0.000695885 0.000761799 0.00018776 0.000847407 0.00123718 0.000149108 0.000757638 4.10886e-06 0 0 0 0 0 0 0 0 0 0 0 0 0 0 0 0 0 0 0 
0 0 0 0 0 0 0 0 0 0 0 0 0 0 0 0 0 0 0 0 0 0.000319311 0.00113355 0.000521456 0.000440904 0.000905361 0.000468799 0.000717188 0.0010492 0.00120682 0.00164617 0.000235936 4.23699e-05 0.000205695 0.000493962 0.000528655 0.000472665 0.000257193 1.37483e-05 0.000382814 0.00190759 0.000237896 0 0 4.09398e-05 8.61731e-05 0.000433393 0.000233795 0 0 0 0 0 0 0 0 0 0 0 0 0 0 0 0 0 0 0 0 0 
0 0 0 0 0 0 0 0 0 0 0 0 0 0 0 0 0 0 0 0 0 0 7.52354e-05 3.48558e-05 0.000708871 0.000939332 0.00070134 0.000194738 0.00093826 0.00246735 0.00131752 0.000630519 0.00112805 0.000600909 0.00117739 0.000636077 0.000766819 0.000970038 0.000241042 0.00048188 0.000127451 0.000150172 0.000810117 0.000243242 0.000779683 0.000435006 0 0 0 0 0 0 0 0 0 0 0 0 0 0 0 0 0 0 0 0 0 0 0 
0 0 0 0 0 0 0 0 0 0 0 0 0 0 0 0 0 0 0 0 0 0 0 0 0.000133898 0.00060112 0.000877988 0.000295091 0.00136391 0.000684718 0.000398312 0.00137455 0.00129499 0.0010969 0.00134039 0.00184068 0.000756932 0.000942672 0.000342946 0.000835833 0.00106365 0.000981385 0.000530807 6.90169e-05 0.000199057 0 0 0 0 0 0 0 0 0 0 0 0 0 0 0 0 0 0 0 0 0 0 0 0 
0 0 0 0 0 0 0 0 0 0 0 0 0 0 0 0 0 0 0 0 0 0 0 0 0 0 0 0 0.000242302 0.000871369 0.00218527 0.0016882 0.00207359 0.00108289 0.000848325 0.00136056 0.000761552 0.000346917 0.00102612 0.00159532 0.000592723 0.00035988 0 0 0 0 0 0 0 0 0 0 0 0 0 0 0 0 0 0 0 0 0 0 0 0 0 0 0 
0 0 0 0 0 0 0 0 0 0 0 0 0 0 0 0 0 0 0 0 0 0 0 0 0 0 0 0 2.58298e-06 2.47854e-05 0.000530023 0.000537347 0.000382769 0.000778633 0.00059728 0.00172751 0 0 0.000483422 0.000309631 0 0 0 0 0 0 0 0 0 0 0 0 0 0 0 0 0 0 0 0 0 0 0 0 0 0 0 0 0 
0 0 0 0 0 0 0 0 0 0 0 0 0 0 0 0 0 0 0 0 0 0 0 0 0 0 0 0 0 0 0 0 0 1.87754e-05 6.51821e-05 0.000125016 0 0 0 0 0 0 0 0 0 0 0 0 0 0 0 0 0 0 0 0 0 0 0 0 0 0 0 0 0 0 0 0 0 
0 0 0 0 0 0 0 0 0 0 0 0 0 0 0 0 0 0 0 0 0 0 0 0 0 0 0 0 0 0 0 0 0 0 0 0 0 0 0 0 0 0 0 0 0 0 0 0 0 0 0 0 0 0 0 0 0 0 0 0 0 0 0 0 0 0 0 0 0 
0 0 0 0 0 0 0 0 0 0 0 0 0 0 0 0 0 0 0 0 0 0 0 0 0 0 0 0 0 0 0 0 0 0 0 0 0 0 0 0 0 0 0 0 0 0 0 0 0 0 0 0 0 0 0 0 0 0 0 0 0 0 0 0 0 0 0 0 0 
0 0 0 0 0 0 0 0 0 0 0 0 0 0 0 0 0 0 0 0 0 0 0 0 0 0 0 0 0 0 0 0 0 0 0 0 0 0 0 0 0 0 0 0 0 0 0 0 0 0 0 0 0 0 0 0 0 0 0 0 0 0 0 0 0 0 0 0 0 
0 0 0 0 0 0 0 0 0 0 0 0 0 0 0 0 0 0 0 0 0 0 0 0 0 0 0 0 0 0 0 0 0 0 0 0 0 0 0 0 0 0 0 0 0 0 0 0 0 0 0 0 0 0 0 0 0 0 0 0 0 0 0 0 0 0 0 0 0 
0 0 0 0 0 0 0 0 0 0 0 0 0 0 0 0 0 0 0 0 0 0 0 0 0 0 0 0 0 0 0 0 0 0 0 0 0 0 0 0 0 0 0 0 0 0 0 0 0 0 0 0 0 0 0 0 0 0 0 0 0 0 0 0 0 0 0 0 0 
0 0 0 0 0 0 0 0 0 0 0 0 0 0 0 0 0 0 0 0 0 0 0 0 0 0 0 0 0 0 0 0 0 0 0 0 0 0 0 0 0 0 0 0 0 0 0 0 0 0 0 0 0 0 0 0 0 0 0 0 0 0 0 0 0 0 0 0 0 
0 0 0 0 0 0 0 0 0 0 0 0 0 0 0 0 0 0 0 0 0 0 0 0 0 0 0 0 0 0 0 0 0 0 0 0 0 0 0 0 0 0 0 0 0 0 0 0 0 0 0 0 0 0 0 0 0 0 0 0 0 0 0 0 0 0 0 0 0 
0 0 0 0 0 0 0 0 0 0 0 0 0 0 0 0 0 0 0 0 0 0 0 0 0 0 0 0 0 0 0 0 0 0 0 0 0 0 0 0 0 0 0 0 0 0 0 0 0 0 0 0 0 0 0 0 0 0 0 0 0 0 0 0 0 0 0 0 0 
0 0 0 0 0 0 0 0 0 0 0 0 0 0 0 0 0 0 0 0 0 0 0 0 0 0 0 0 0 0 0 0 0 0 0 0 0 0 0 0 0 0 0 0 0 0 0 0 0 0 0 0 0 0 0 0 0 0 0 0 0 0 0 0 0 0 0 0 0 
0 0 0 0 0 0 0 0 0 0 0 0 0 0 0 0 0 0 0 0 0 0 0 0 0 0 0 0 0 0 0 0 0 0 0 0 0 0 0 0 0 0 0 0 0 0 0 0 0 0 0 0 0 0 0 0 0 0 0 0 0 0 0 0 0 0 0 0 0 
0 0 0 0 0 0 0 0 0 0 0 0 0 0 0 0 0 0 0 0 0 0 0 0 0 0 0 0 0 0 0 0 0 0 0 0 0 0 0 0 0 0 0 0 0 0 0 0 0 0 0 0 0 0 0 0 0 0 0 0 0 0 0 0 0 0 0 0 0 
0 0 0 0 0 0 0 0 0 0 0 0 0 0 0 0 0 0 0 0 0 0 0 0 0 0 0 0 0 0 0 0 0 0 0 0 0 0 0 0 0 0 0 0 0 0 0 0 0 0 0 0 0 0 0 0 0 0 0 0 0 0 0 0 0 0 0 0 0 
