0 0 0 0 0 0 0 0 0 0 0 0 0 0 0 0 0 0 0 0 0 0 0 0 0 0 0 0 0 0 0 0 0 0 0 0 0 0 0 0 0 0 0 0 0 0 0 0 0 0 0 0 0 0 0 0 0 0 0 0 0 0 0 0 0 0 0 0 0 
0 0 0 0 0 0 0 0 0 0 0 0 0 0 0 0 0 0 0 0 0 0 0 0 0 0 0 0 0 0 0 0 0 0 0 0 0 0 0 0 0 0 0 0 0 0 0 0 0 0 0 0 0 0 0 0 0 0 0 0 0 0 0 0 0 0 0 0 0 
0 0 0 0 0 0 0 0 0 0 0 0 0 0 0 0 0 0 0 0 0 0 0 0 0 0 0 0 0 0 0 0 0 0 0 0 0 0 0 0 0 0 0 0 0 0 0 0 0 0 0 0 0 0 0 0 0 0 0 0 0 0 0 0 0 0 0 0 0 
0 0 0 0 0 0 0 0 0 0 0 0 0 0 0 0 0 0 0 0 0 0 0 0 0 0 0 0 0 0 0 0 0 0 0 0 0 0 0 0 0 0 0 0 0 0 0 0 0 0 0 0 0 0 0 0 0 0 0 0 0 0 0 0 0 0 0 0 0 
0 0 0 0 0 0 0 0 0 0 0 0 0 0 0 0 0 0 0 0 0 0 0 0 0 0 0 0 0 0 0 0 0 0 0 0 0 0 0 0 0 0 0 0 0 0 0 0 0 0 0 0 0 0 0 0 0 0 0 0 0 0 0 0 0 0 0 0 0 
0 0 0 0 0 0 0 0 0 0 0 0 0 0 0 0 0 0 0 0 0 0 0 0 0 0 0 0 0 0 0 0 0 0 0 0 0 0 0 0 0 0 0 0 0 0 0 0 0 0 0 0 0 0 0 0 0 0 0 0 0 0 0 0 0 0 0 0 0 
0 0 0 0 0 0 0 0 0 0 0 0 0 0 0 0 0 0 0 0 0 0 0 0 0 0 0 0 0 0 0 0 0 0 0 0 0 0 0 0 0 0 0 0 0 0 0 0 0 0 0 0 0 0 0 0 0 0 0 0 0 0 0 0 0 0 0 0 0 
0 0 0 0 0 0 0 0 0 0 0 0 0 0 0 0 0 0 0 0 0 0 0 0 0 0 0 0 0 0 0 0 0 0 0 0 0 0 0 0 0 0 0 0 0 0 0 0 0 0 0 0 0 0 0 0 0 0 0 0 0 0 0 0 0 0 0 0 0 
0 0 0 0 0 0 0 0 0 0 0 0 0 0 0 0 0 0 0 0 0 0 0 0 0 0 0 0 0 0 0 0 0 0 0 0 0 0 0 0 0 0 0 0 0 0 0 0 0 0 0 0 0 0 0 0 0 0 0 0 0 0 0 0 0 0 0 0 0 
0 0 0 0 0 0 0 0 0 0 0 0 0 0 0 0 0 0 0 0 0 0 0 0 0 0 0 0 0 0 0 0 0 0 0 0 0 0 0 0 0 0 0 0 0 0 0 0 0 0 0 0 0 0 0 0 0 0 0 0 0 0 0 0 0 0 0 0 0 
0 0 0 0 0 0 0 0 0 0 0 0 0 0 0 0 0 0 0 0 0 0 0 0 0 0 0 0 0 0 0 0 0 0 0 0 0 0 0 0 0 0 0 0 0 0 0 0 0 0 0 0 0 0 0 0 0 0 0 0 0 0 0 0 0 0 0 0 0 
0 0 0 0 0 0 0 0 0 0 0 0 0 0 0 0 0 0 0 0 0 0 0 0 0 0 0 0 0 1.65915e-05 7.07559e-05 0 0 0 0 0 0 0 0 0 0 0 0 0 0 0 0 0 0 0 0 0 0 0 0 0 0 0 0 0 0 0 0 0 0 0 0 0 0 
0 0 0 0 0 0 0 0 0 0 0 0 0 0 0 0 0 0 0 0 0 0 0 0 0 0 0 3.18403e-05 0.000232532 0.00013559 0.00081111 4.47165e-05 0 0 0.000329551 6.69508e-05 0 0 0 0 0 0 0 0 0 0 0 0 0 0 0 0 0 0 0 0 0 0 0 0 0 0 0 0 0 0 0 0 0 
0 0 0 0 0 0 0 0 0 0 0 0 0 0 0 0 0 0 0 0 0 0 0 0 0 0.00050861 0.000909957 0.000354078 0.00111186 0.000345413 0.000552988 0.000412727 0 0.000275616 0.000382985 0.000179725 0.000436468 0.000248357 0 0 0 0 0 0 0 0 0 0 0 0 0 0 0 0 0 0 0 0 0 0 0 0 0 0 0 0 0 0 0 
0 0 0 0 0 0 0 0 0 0 0 0 0 0 0 0 0 0 0 0 0 0 0 0 0 0.000514796 0.000443959 0.000274307 0.00159263 0.000448702 0.00072603 0.00114533 0 0.000409594 7.24464e-05 0.000671258 0.000186965 0.00037076 0.000574352 0 0 0 0 0 0 0 0 0 0 0 0 0 0 0 0 0 0 0 0 0 0 0 0 0 0 0 0 0 0 
0 0 0 0 0 0 0 0 0 0 0 0 0 0 0 0 0 0 0 0 0 0 0 0.000389856 0.000207344 0.000387975 5.05192e-05 3.13697e-05 0.000381099 0.00011703 0.000629055 3.16519e-05 0 0 0.000103138 0.000868534 0.00127749 0.00100756 0.000691135 0 0 0 0 0 0 0 0 0 0 0 0 0 0 0 0 0 0 0 0 0 0 0 0 0 0 0 0 0 0 
0 0 0 0 0 0 0 0 0 0 0 0 0 0 0 0 0 0 0 0 0 0 0.000443847 0.000813476 0.000826714 0.000904917 0.000491748 0.000283392 0.000222331 0.000394137 0.00016895 0 0 0 0 0.000186453 0.0010409 0.000357149 0.000300276 0 0 0 0 0 0 0 0 0 0 0 0 0 0 0 0 0 0 0 0 0 0 0 0 0 0 0 0 0 0 
0 0 0 0 0 0 0 0 0 0 0 0 0 0 0 0 0 0 0 0 0 0.000669546 0.000456879 0.000562058 0.000603836 0.000889797 0.000807292 0.000423582 0.00075717 0.000831428 0.000290844 0.0001004 0.000356318 0.000592119 0 7.48005e-06 0.00106003 0.000872517 0 0 0 0 0 0 3.03031e-05 0.000397767 1.78117e-05 0 0 0 0 0 0 0 0 0 0 0 0 0 0 0 0 0 0 0 0 0 0 
0 0 0 0 0 0 0 0 0 0 0 0 0 0 0 0 0 0 0 0 0 0.000406522 0.000537665 0.000511648 0.000713328 0.000902975 0.000702613 0.00157383 0.000315649 0 0.000469031 0.0008863 0.0004821 0.00104852 0.000121002 2.46947e-05 0.000630297 0.000229014 0 0 0 0.000619146 0.00073737 9.44014e-05 0.000759863 0.00106574 2.18377e-05 0 0 0 0 0 0 0 0 0 0 0 0 0 0 0 0 0 0 0 0 0 0 
0 0 0 0 0 0 0 0 0 0 0 0 0 0 0 0 0 0 0 0 0 0.000126753 0.000451608 0.000803003 0.00102172 8.12515e-05 5.63212e-05 0.000862758 0.000626132 0.000102869 0.000599179 0.000559779 2.80561e-05 0.000311593 0.000326318 0.000888981 0.000368653 2.69279e-05 0 0 0.000348903 0.000336783 1.8265e-05 2.78623e-05 0.000375121 0.000462541 0 0 0 0 0 0 0 0 0 0 0 0 0 0 0 0 0 0 0 0 0 0 0 
0 0 0 0 0 0 0 0 0 0 0 0 0 0 0 0 0 0 0 0 0 4.88311e-05 0.00017398 4.61014e-05 0.000623716 2.44729e-05 0.000399356 0.000660243 0.000386619 0.00101708 0.000402991 0.000251601 0.000538757 8.34798e-05 0.000189669 0.000851316 0.000833963 0.000319669 2.62106e-05 0.000280311 0.00068489 0.000896687 0.000245657 0 0 0 0 0 0 0 0 0 0 0 0 0 0 0 0 0 0 0 0 0 0 0 0 0 0 
0 0 0 0 0 0 0 0 0 0 0 0 0 0 0 0 0 0 0 0 0 0 0 0 0 0.00037587 0.000390604 0.000102805 0.00017642 0.00024758 0.000252762 0.000212794 0.000670048 0.000343479 0.00044642 7.26659e-05 0.000163629 0.000437853 0.000112585 0.000913523 0.000703045 0.000571141 0.000321852 0 0 0 0 0 0 0 0 0 0 0 0 0 0 0 0 0 0 0 0 0 0 0 0 0 0 
0 0 0 0 0 0 0 0 0 0 0 0 0 0 0 0 0 0 0 0 0 0 0 0 0 0.000272555 0.000357602 0.000572244 0.000227685 0.000623497 0.000556551 0.000182583 0.000382425 0.00074017 0.00100535 8.19647e-05 0 0.000446048 0.000212616 0.000620749 0.000288286 0.000125929 0.000653024 0 0 0 0 0 0 0 0 0 0 0 0 0 0 0 0 0 0 0 0 0 0 0 0 0 0 
0 0 0 0 0 0 0 0 0 0 0 0 0 0 0 0 0 0 0 0 0 0 0 0 0 0.000656287 0.000583718 9.73467e-05 0 0.000471487 0.0010244 0.000360595 0.000431137 0.000140485 0.000384606 0.000360388 0 0.000380698 0.000750506 0.000615356 0 0.00043113 4.66182e-05 0 0 0 0 8.92468e-06 0.000180514 1.28923e-05 0 0 0 0 0 0 0 0 0 0 0 0 0 0 0 0 0 0 0 
0 0 0 0 0 0 0 0 0 0 0 0 0 0 0 0 0 0 0 0 0 0 0.000135768 0.000281008 0.000217961 0.000268671 0.000833472 0.000116233 0 9.11587e-07 0.000472169 0.000763407 0.000373675 0.000416394 0.000101866 0.000277113 0.000305667 0.000255449 0.000543578 0.000562604 0 0.00105618 0.000380881 0 0 2.66859e-05 0.000282441 9.89438e-05 0.00196694 0.000427053 0.000182702 0 0 0 0 0 0 0 0 0 0 0 0 0 0 0 0 0 0 
0 0 0 0 0 0 0 0 0 0 0 0 0 0 0 0 0 3.1678e-05 1.88117e-05 0.00030972 0.000227152 0 0.00012522 0.000782618 0.000411116 0.000179471 0.000204494 0.000521226 0 4.54431e-06 0.000998203 0.000367061 0.000469095 0.000583357 0.000722866 0.000758218 0.00013077 0.000109286 0.000277564 3.90152e-05 0 0.000426518 6.21956e-05 0 0 0.000855219 0.00065898 6.9832e-05 0.000453392 0.000446681 0.000702078 1.53159e-05 2.63642e-06 1.63872e-05 0 0 0 0 0 0 0 0 0 0 0 0 0 0 0 
0 0 0 0 0 0 0 0 0 0 0 0 0 0 0 0 0 0.000490977 0.000303777 0.000152474 0.000111826 0 0 0.000176048 2.55916e-05 0.000346051 0.000410054 0.000364043 0 1.30978e-05 2.4271e-06 0.000274006 0.00126181 0.000141398 0.000531769 0.000518107 0.000795905 1.71659e-06 0.00050332 0.000211217 0 0.000768417 0.000230939 9.30346e-05 5.32711e-05 0.000277134 0.000351459 0.00078959 0.000489387 3.90765e-05 0.000237585 0.000374617 0.000311021 0.00105708 0 0 0 0 0 0 0 0 0 0 0 0 0 0 0 
0 0 0 0 0 0 0 0 0 0 0 0 0 0 0 0 0 0.000882432 0.000966068 4.39627e-05 0 0 0 0 0 0.000145854 0.000260126 0.000239189 0 0.000665194 0.000122963 6.57627e-05 0.000230125 0.000664487 0 0.000246698 0.000845709 3.35367e-05 0.000825239 0.00010051 0.000421544 0.000950184 0.000136859 0.000693804 0.000551953 0.000217454 5.77191e-05 0.000353111 0.000166841 0 0 0.000243334 0.000137317 0.000267847 0 0 0 0 0 0 0 0 0 0 0 0 0 0 0 
0 0 0 0 0 0 0 0 0 0 0 0 0 0 0 0 0 0.000419847 0.000289763 0.000721305 0 5.16095e-06 0.00035737 0 0.000972502 8.47292e-05 0.000377748 0.000753231 0 0.000754651 0.000176928 0.000344351 0 0 0.000956479 9.43689e-05 0 3.51121e-07 1.01368e-05 0.000118306 0.00136424 0.00188524 7.88357e-05 0 0.00109525 0.00150277 0.000474046 0.000252314 0.000224897 0.000523494 4.20545e-05 0 0 0 0 0 0 0 0 0 0 0 0 0 0 0 0 0 0 
0 0 0 0 0 0 0 0 0 0 0 0 0 0 0 0 0.000388698 0.000551276 0.000615539 0.00066063 0 0.000308266 0.000675302 0 0.000527075 0.000113118 0.000497778 0.00077476 0 0 9.02055e-05 0.000233699 0 0 0.000881911 0.000547973 0.000459122 3.57911e-05 0.000203668 0 0.00105983 0.0010642 0.000402431 0.000501413 0.000840616 0.00205724 0.000476107 6.0759e-05 0.000146294 0.0010568 4.36131e-05 0 0 0 0 0 0 0 0 0 0 0 0 0 0 0 0 0 0 
0 0 0 0 0 0 0 0 0 0 0 0 0 0 0 0 0.000228807 0.000513191 0.00125595 0.00072269 0.000584929 0.000290261 0.00122288 0.000206031 0.000721861 0.00105854 0.000101437 0.000436436 0.00111618 0.000248294 0 0.000162039 0.000142166 0.000204413 3.319e-05 0.000170666 0.000226708 8.39573e-05 0.000924091 0.00025688 0.000674247 0.000617757 0 3.35107e-06 1.96782e-06 0.000957905 0.000600448 0.000199157 8.26938e-05 0.00122597 8.37668e-05 0 0.000272387 0.000730551 0.00030798 0 0 0 0 0 0 0 0 0 0 0 0 0 0 
0 0 0 0 0 0 0 0 0 0 0 0 0 0 0 0.000116372 0.000648078 4.98647e-05 0.000515747 0.000313515 0.000427405 0 0.000102689 9.10903e-05 0.000862636 0.00027581 0.000429082 0.000682119 0.0010577 0.000587602 0 0.000606315 0.000890985 0.0010833 0.000238056 0.000599361 0.000164839 0.000820853 0.000933451 0.000654889 0.000986027 0.000867037 0 0 0 0 2.99764e-05 0.00048921 0 0 0 0.000534687 0.000759294 0.00029626 0.000111836 0 0 0 0 0 0 0 0 0 0 0 0 0 0 
0 0 0 0 0 0 0 0 0 0 0 0 0 0 0 5.59021e-06 0.000295753 0.000184568 0.000867763 0.000190318 7.62583e-05 0 0 0.00106341 0.000873762 0 0 0.000104709 0.000653229 0.000362613 0 7.86454e-06 0.00049068 0.000627946 3.31872e-05 0 0.000328548 0.000399948 0.000484626 0.000621387 0.000268763 0.000300464 9.96032e-05 0 0 0 1.62811e-05 0.000265705 0 0.000683651 3.68849e-05 9.86603e-05 7.9729e-05 1.33045e-05 6.8639e-05 9.76626e-05 0 0 0 0 0 0 0 0 0 0 0 0 0 
0 0 0 0 0 0 0 0 0 0 0 0 0 0 0 0 0.00124019 0.000716996 0 0.000430783 0.000352822 0.00053919 0 0.000367175 0.000658023 0.000379195 0.000185615 2.3966e-05 0.000577333 0.000739633 0.000300135 0.000170151 0.000711605 0.000599273 0 9.62633e-05 0.00144632 0.000367544 0.000118359 0.000278569 8.59745e-05 0.00142109 0.000322974 9.28787e-06 0 0.000273892 0.000441029 0 0 0.000408154 0.000565182 0.000302064 0.000716356 0.000648666 0.000510884 0.000568367 0 0 0 0 0 0 0 0 0 0 0 0 0 
0 0 0 0 0 0 0 0 0 0 0 0 0 0 0 0 0.000846052 0.000510811 2.26606e-05 0.000441887 0.000845855 0.000133072 0 4.89329e-05 0.00019186 0.000729762 0.00127248 0.000163613 0.00039092 0.000529698 0.000479219 1.3416e-05 0.000481032 0.00158961 0 0.000514911 0.000178668 0.000362681 0.000153474 0.000432466 0.000473891 0.00046264 0.000790586 0.000738036 0 0.000702134 0.00064184 0.000569117 0 0.000262195 0.00129704 0.00106278 0.00086246 0.000232426 0.00042325 0.000449256 0 0 0 0 0 0 0 0 0 0 0 0 0 
0 0 0 0 0 0 0 0 0 0 0 0 0 0 0 3.9367e-06 0.000256389 0.000110491 0.000284374 0.000722424 0.000219609 0.00014645 9.07314e-05 0.000539058 0.000563139 0.00032642 0.00052304 0.000565703 0.000609984 0.000497292 0 0 3.63977e-06 0.000412771 0.000134678 0.000222884 2.10842e-05 0.000572303 0.000836086 0.00101054 0.000396166 0.000484969 0.000392106 4.25471e-05 0 0.000238329 0.000713395 0.000201821 0.000190337 0.00112224 0.00196654 0.000714609 0.000491738 6.54358e-05 0.000431599 0.000166374 0 0 0 0 0 0 0 0 0 0 0 0 0 
0 0 0 0 0 0 0 0 0 0 0 0 0 0 0 0.000528666 0.000455911 0 0.000671224 0.000672395 0 0.000602267 8.49556e-05 0.000255943 0.000120972 0.00111369 0.000556339 0.0010438 0.000799502 0.000394274 0 4.57742e-05 0.000862388 0.000447746 0.00027165 0.000408916 0 2.21709e-05 0.000181179 0.000189739 0.000638718 4.20171e-05 0.000472225 0 6.30391e-05 0.000693348 0.0010018 0.000292269 4.48486e-05 0.000320772 0.000621639 0.000179365 0.000471865 0.000187441 3.29028e-05 2.12568e-05 0 0 0 0 0 0 0 0 0 0 0 0 0 
0 0 0 0 0 0 0 0 0 0 0 0 0 0 0.000338185 0.000120847 0.000606128 8.23383e-05 0.00107841 0.00027323 5.14801e-05 0.000643325 0.000590671 0.00026349 0 0.000503055 0.000525574 0.000378709 5.13182e-05 0 0.000573181 0.000639157 0.00105648 0.000883563 0.000125902 0.000494395 0.000423594 0.000176102 0.000489465 0.000557447 0.000587475 0.000604623 0.000137982 0.000498335 0.00068799 0.000578676 0.00145265 9.98592e-05 0 0.00107211 0.000737485 0 0 0.000530938 0.000546708 0.000293191 0 0 0 0 0 0 0 0 0 0 0 0 0 
0 0 0 0 0 0 0 0 0 0 0 0 0 0 0.000259485 8.83525e-05 0 0.000175737 0.000829836 0.000763237 0.00100957 0.00101318 0.00119743 0.000795217 0 0.000153023 0.000552714 8.90179e-05 0.000248879 0.000408622 0.000515733 0.00027611 0.000628961 0 4.10097e-05 0.000676143 0.000567333 0.00038704 0.000598613 0.00019485 0.000687714 0.000547799 0.000438271 0.00104337 0.000537676 0.00104042 0.000720344 0 0 0.00141127 0.00109793 0.000308883 0.000126533 0.000150942 0.000344829 8.90129e-05 0 0 0 0 0 0 0 0 0 0 0 0 0 
0 0 0 0 0 0 0 0 0 0 0 0 0 0 0 0.000684997 0.000219071 0.00103702 3.81641e-05 0.000191919 0.000848535 0.00153407 0.00024937 0.000155036 5.6024e-05 0.000135874 0.000376709 0.000725765 0.000917495 0.000551274 0.000845318 6.89208e-06 0.000132637 0 0.000852074 0.000659316 0.000204385 0 2.74527e-05 0.000180267 0 0.000305717 0.000436925 0.000605979 0.000591546 0.000925446 0.00135747 0.000233818 0.000474243 0.00061628 0.000889011 0.000259467 0.000298802 0.000520684 0.000307717 8.60201e-05 0 0 0 0 0 0 0 0 0 0 0 0 0 
0 0 0 0 0 0 0 0 0 0 0 0 0 0.000311593 0.00102952 0.00147316 0.00123114 0.0012273 0.000223236 0.000869085 0.000501842 0.000464797 0.000411458 0.000496651 0.000297444 0.000636041 3.82905e-05 2.28896e-05 0 0.000326438 0.00105506 0 0 0 0.000756885 0.000265773 0 0.000625711 0.000235614 0.00051502 4.4048e-05 3.79924e-05 0.000263216 0.00121337 0.000275492 0.000577199 0.00040537 0.000202109 0.000863603 0.00121652 0.000540074 0.000187192 2.37473e-05 0.000322852 0.0009482 5.29354e-05 0 0 0 0 0 0 0 0 0 0 0 0 0 
0 0 0 0 0 0 0 0 0 0 0 0 1.33296e-05 0.000870885 0.000640291 0.000667521 0.0008709 0.000226774 0.000556622 0.000415827 0.0002586 7.07429e-05 0.000213818 0.000463685 0.000336545 0.00112114 0.00010362 4.7213e-06 0.000262213 0.000447376 0.000976042 9.12103e-05 0.00010089 0.000257805 5.14293e-06 0.000104103 0.000478149 0.000952705 0.000306153 4.71585e-05 0.000773839 0.000225186 0.000506917 0.000439981 3.01622e-05 0.000877743 0.000196978 9.78221e-05 0.00124587 0.000376755 0.000244416 0.000216655 0 0.000588415 0.000534279 2.1064e-05 0 0 0 0 0 0 0 0 0 0 0 0 0 
0 0 0 0 0 0 0 0 0 0 0 0 1.39614e-05 0.000829393 0.000443122 0 0 0 0 0 0.000538796 0.00110429 0.000347733 0.000520627 0.000346089 0.000238451 0.000884185 0.000279321 0.000121266 0.000394913 0.00142202 4.45081e-05 0.000211268 0.000989047 9.55553e-05 0.000659353 0.000171481 0.000951437 0.000782085 0.000584457 9.58317e-05 0.000797428 0.000293413 0.00093041 0.000190155 0.000780877 0.000442747 0 0.000186345 0.000700469 0.000322547 0.000332465 0.000534328 0.000105934 0.000536511 3.97115e-05 0 0 0 0 0 0 0 0 0 0 0 0 0 
0 0 0 0 0 0 0 0 0 0 0 0 0 0.000463865 0.000871095 0.000213044 0.000335219 0.000838959 0.000352545 0.000408922 0.000411616 0.00118944 0.000778575 0.000639694 0.000279296 0.000960399 0.00125322 0 0 0.000125897 0.000607647 0 0.000706472 0.000162221 5.33985e-05 2.56764e-05 0.000553439 0.000898902 0.00079239 0.000412923 0.000252998 0.000400333 0.000655098 0.000507897 0 1.65749e-05 0.000661528 1.14854e-05 0.000250969 0.000119994 0.000257163 0.000280739 0.000423638 2.66233e-05 0.00132156 0.000543883 0 0 0 0 0 0 0 0 0 0 0 0 0 
0 0 0 0 0 0 0 0 0 0 0 0 0.00018174 0.0003788 0.000423226 0.000777051 0.00062791 0.000848848 0.000305665 0.00136725 0.00052568 3.32228e-05 2.47123e-05 0.000933085 0.000245509 0.00121772 0.000562691 0.000236803 0 0 1.73948e-05 7.96837e-05 0 0.000990037 0.000361197 0.000319623 0.001509 0.000998231 0 0 0.000600916 0.000620369 0.000875626 0.000364612 0 0.000529329 0.00128979 3.82584e-05 0.000519818 1.68292e-05 0.00098839 0.00136919 0.00132693 0.000537823 0.000839282 0.000724913 0 0 0 0 0 0 0 0 0 0 0 0 0 
0 0 0 0 0 0 0 0 0 0 0 0 7.80185e-05 0.000162613 0 0.000229691 0.000566716 0.000318219 0.000419533 0.000346116 0.000203748 0.000463658 0 0.000692985 0.000794669 0.00037367 0.00146274 0.00118999 0.000442077 0.000295642 0.000591257 0.000577932 0 0.00075982 0.000151896 0.000481862 0.000327925 0.000677857 0.000597855 0.000270616 6.6278e-05 0.000242814 0.000743857 0.000944636 0.000386052 0.000453577 0.000880799 0.00131677 0.00119211 6.02007e-05 3.78843e-05 0.00085171 0.000981508 6.25259e-05 0 0 0 0 0 0 0 0 0 0 0 0 0 0 0 
0 0 0 0 0 0 0 0 0 0 0 0 0 0 0 8.07892e-05 0.000608742 0.000177125 0.000511408 0.000329737 0.000647614 0.00145399 0.000290536 0.000284762 0.000568319 0.000248872 0.000583986 0.000304188 0.00081056 0.000810495 0.000689701 7.62799e-05 2.42572e-06 0 4.12181e-05 0.000640888 9.20772e-06 0.000272534 0.000399178 8.8519e-05 2.10036e-06 0 0.000984465 0.000654248 0.000625139 0.000439545 0.000286168 0.000241352 0.000566438 4.13774e-05 1.20268e-05 0.000342325 0 0 0 0 0 0 0 0 0 0 0 0 0 0 0 0 0 
0 0 0 0 0 0 0 0 0 0 0 0 0 0 0.000164177 0.00125798 0.00123897 0.00148515 0.000752073 6.22988e-05 0.000595461 0.000225112 0.000127691 0 0.000228656 0.000186065 1.79261e-05 0.000222325 0.000159745 0.000454479 0.000541557 0.000695834 0.000489379 0 7.86988e-06 0.000673581 0 0 0 0.000706237 0.000380366 0.000291973 0.00099062 0.000953495 0.000920618 0.000791547 0.000493799 0.000879318 0.00115905 0.00031901 0.000592148 0.00045009 0.00118258 0.000254819 0 0 0 0 0 0 0 0 0 0 0 0 0 0 0 
0 0 0 0 0 0 0 0 0 0 0 0 0 0 0.000124494 0.00113466 0.000618506 0.00139263 0.000783458 0.000727549 0 0 0 0 0.000483129 0.000278996 4.18527e-05 0.000663327 0.000442067 0.000236733 0.00101995 0.000325462 0 0 0.000219052 0.00112179 0.00209122 0.000750999 0 4.55686e-05 0.00103203 0.000972983 0.00104255 0.00100255 0.000582161 0.000503022 0.000960044 0.00102114 0.00210892 0.00212889 0.00113019 0.00021671 0.000683046 0.000136307 0 0 0 0 0 0 0 0 0 0 0 0 0 0 0 
0 0 0 0 0 0 0 0 0 0 0 0 0 0 2.59338e-06 0.000154998 0.000557275 0.000219332 0.000133348 0.000219196 0.000231293 0.000127341 0 0 2.84885e-05 0.000553492 0.00078823 0.000129634 0.000452732 0 0 0 0 0 0.000151635 0.00149181 0.00131306 0.000262032 0.000465789 4.30439e-05 0.000889622 0.000956452 0.000504678 7.82854e-05 0.000687074 0.000719558 0.000652049 0.000570505 0.000185748 0.000179626 1.26003e-05 0 0 0 0 0 0 0 0 0 0 0 0 0 0 0 0 0 0 
0 0 0 0 0 0 0 0 0 0 0 0 0 0 0 2.20546e-05 0.00010731 0 0 5.75759e-05 0.000373751 0.000157133 0.000187776 2.48335e-05 0.000619216 0.000718261 0.0014232 0.0001128 0.000419571 0 0 0.000418035 0.000454041 0.00100462 1.77932e-05 0.00073952 0.000938869 4.37642e-05 0.000655578 0 0.000472085 0.00171995 0.000265025 0 0.000622739 0.000630174 0.00256274 0.00122362 0.000281062 0.00106115 0 0 0 0 0 0 0 0 0 0 0 0 0 0 0 0 0 0 0 
0 0 0 0 0 0 0 0 0 0 0 0 0 0 0 0 0 0 0 0.000418238 0.000707179 6.74727e-05 0.000558935 8.64967e-05 0.000896348 0.000482252 0 0 0 0.000237471 0.000115892 3.58928e-05 9.21733e-05 0.000448605 2.93344e-06 0 0.000168355 0.000394818 0.000377858 0 1.12641e-05 0.000637794 7.14457e-06 0 0 0 0.000496621 0.000960769 1.65673e-05 9.75561e-05 0 0 0 0 0 0 0 0 0 0 0 0 0 0 0 0 0 0 0 
0 0 0 0 0 0 0 0 0 0 0 0 0 0 0 0 0 0 0 0.000216252 0.00147829 0.00136423 0.000983963 0.000362191 0 0.000324237 0.000214859 0 0.000868983 0.000708199 0.000382993 0.000380699 0.000441699 0.000744327 0.000732993 8.5541e-05 8.04079e-05 0.000178556 0.000338435 0.00108299 4.74048e-06 0 0 0 0 0.000217026 0.00146262 0.00163305 0 0 0 0 0 0 0 0 0 0 0 0 0 0 0 0 0 0 0 0 0 
0 0 0 0 0 0 0 0 0 0 0 0 0 0 0 0 0 0 0 0 0.000452335 0.000986493 0.00105307 0 0 0.000157625 0.000104451 0 0.000227635 0.000782088 0.000385907 0.000111137 0.000186053 0.000396184 0.0013645 0.000326125 0 0 3.6355e-05 0.000139156 6.6421e-07 0 0 0 0.000138702 0.000620158 0.000650926 0.000709825 0 0 0 0 0 0 0 0 0 0 0 0 0 0 0 0 0 0 0 0 0 
0 0 0 0 0 0 0 0 0 0 0 0 0 0 0 0 0 0 0 0 0 0.00016366 0.000515988 4.86196e-05 0 0 0.000333942 2.90561e-05 1.3378e-06 0.000116215 8.63981e-05 0.0013012 0.00142796 0.00034835 0.001095 0.000715497 0 0 0 0 0 0 0 0 1.07673e-05 4.69466e-05 0 0 0 0 0 0 0 0 0 0 0 0 0 0 0 0 0 0 0 0 0 0 0 
0 0 0 0 0 0 0 0 0 0 0 0 0 0 0 0 0 0 0 0 0 0 0.000466122 0.000785953 0.000158355 0.000128319 0.00095688 0.00024808 0 0.000136134 0.000409557 0.000436978 0.000363215 0.00111229 0.00107429 0.000141875 0 0 0 0 0 0 0 0 0 0 0 0 0 0 0 0 0 0 0 0 0 0 0 0 0 0 0 0 0 0 0 0 0 
0 0 0 0 0 0 0 0 0 0 0 0 0 0 0 0 0 0 0 0 0 0 1.37931e-05 0.000648647 0.000122763 0.000430547 0.00050159 0.00132695 0.000238829 0.000715658 0.000540879 0.000105188 2.66945e-05 0.00046432 0.00109707 0.000138332 0 0 0 0 0 0 0 0 0 0 0 0 0 0 0 0 0 0 0 0 0 0 0 0 0 0 0 0 0 0 0 0 0 
0 0 0 0 0 0 0 0 0 0 0 0 0 0 0 0 0 0 0 0 0 0 0 0 0 0.000140829 0.000541509 0.000264375 0.000303978 0.00136244 0.00132356 0.00138518 0.000913136 0.000891788 6.63254e-05 0 0 0 0 0 0 0 0 0 0 0 0 0 0 0 0 0 0 0 0 0 0 0 0 0 0 0 0 0 0 0 0 0 0 
0 0 0 0 0 0 0 0 0 0 0 0 0 0 0 0 0 0 0 0 0 0 0 0 0 3.60583e-05 0.00012726 0 0.000799908 0.00157487 0.000533778 0.000722647 0.000698119 0.000143244 0 0 0 0 0 0 0 0 0 0 0 0 0 0 0 0 0 0 0 0 0 0 0 0 0 0 0 0 0 0 0 0 0 0 0 
0 0 0 0 0 0 0 0 0 0 0 0 0 0 0 0 0 0 0 0 0 0 0 0 0 0 0 0 0.000232999 0.000204366 0 0 0 0 0 0 0 0 0 0 0 0 0 0 0 0 0 0 0 0 0 0 0 0 0 0 0 0 0 0 0 0 0 0 0 0 0 0 0 
0 0 0 0 0 0 0 0 0 0 0 0 0 0 0 0 0 0 0 0 0 0 0 0 0 0 0 0 0 0 0 0 0 0 0 0 0 0 0 0 0 0 0 0 0 0 0 0 0 0 0 0 0 0 0 0 0 0 0 0 0 0 0 0 0 0 0 0 0 
0 0 0 0 0 0 0 0 0 0 0 0 0 0 0 0 0 0 0 0 0 0 0 0 0 0 0 0 0 0 0 0 0 0 0 0 0 0 0 0 0 0 0 0 0 0 0 0 0 0 0 0 0 0 0 0 0 0 0 0 0 0 0 0 0 0 0 0 0 
0 0 0 0 0 0 0 0 0 0 0 0 0 0 0 0 0 0 0 0 0 0 0 0 0 0 0 0 0 0 0 0 0 0 0 0 0 0 0 0 0 0 0 0 0 0 0 0 0 0 0 0 0 0 0 0 0 0 0 0 0 0 0 0 0 0 0 0 0 
0 0 0 0 0 0 0 0 0 0 0 0 0 0 0 0 0 0 0 0 0 0 0 0 0 0 0 0 0 0 0 0 0 0 0 0 0 0 0 0 0 0 0 0 0 0 0 0 0 0 0 0 0 0 0 0 0 0 0 0 0 0 0 0 0 0 0 0 0 
0 0 0 0 0 0 0 0 0 0 0 0 0 0 0 0 0 0 0 0 0 0 0 0 0 0 0 0 0 0 0 0 0 0 0 0 0 0 0 0 0 0 0 0 0 0 0 0 0 0 0 0 0 0 0 0 0 0 0 0 0 0 0 0 0 0 0 0 0 
0 0 0 0 0 0 0 0 0 0 0 0 0 0 0 0 0 0 0 0 0 0 0 0 0 0 0 0 0 0 0 0 0 0 0 0 0 0 0 0 0 0 0 0 0 0 0 0 0 0 0 0 0 0 0 0 0 0 0 0 0 0 0 0 0 0 0 0 0 
0 0 0 0 0 0 0 0 0 0 0 0 0 0 0 0 0 0 0 0 0 0 0 0 0 0 0 0 0 0 0 0 0 0 0 0 0 0 0 0 0 0 0 0 0 0 0 0 0 0 0 0 0 0 0 0 0 0 0 0 0 0 0 0 0 0 0 0 0 
0 0 0 0 0 0 0 0 0 0 0 0 0 0 0 0 0 0 0 0 0 0 0 0 0 0 0 0 0 0 0 0 0 0 0 0 0 0 0 0 0 0 0 0 0 0 0 0 0 0 0 0 0 0 0 0 0 0 0 0 0 0 0 0 0 0 0 0 0 
0 0 0 0 0 0 0 0 0 0 0 0 0 0 0 0 0 0 0 0 0 0 0 0 0 0 0 0 0 0 0 0 0 0 0 0 0 0 0 0 0 0 0 0 0 0 0 0 0 0 0 0 0 0 0 0 0 0 0 0 0 0 0 0 0 0 0 0 0 
