0 0 0 0 0 0 0 0 0 0 0 0 0 0 0 0 0 0 0 0 0 0 0 0 0 0 0 0 0 0 0 0 0 0 0 0 0 0 0 0 0 0 0 0 0 0 0 0 0 0 0 0 0 0 0 0 0 0 0 0 0 0 0 0 0 0 0 0 0 
0 0 0 0 0 0 0 0 0 0 0 0 0 0 0 0 0 0 0 0 0 0 0 0 0 0 0 0 0 0 0 0 0 0 0 0 0 0 0 0 0 0 0 0 0 0 0 0 0 0 0 0 0 0 0 0 0 0 0 0 0 0 0 0 0 0 0 0 0 
0 0 0 0 0 0 0 0 0 0 0 0 0 0 0 0 0 0 0 0 0 0 0 0 0 0 0 0 0 0 0 0 0 0 0 0 0 0 0 0 0 0 0 0 0 0 0 0 0 0 0 0 0 0 0 0 0 0 0 0 0 0 0 0 0 0 0 0 0 
0 0 0 0 0 0 0 0 0 0 0 0 0 0 0 0 0 0 0 0 0 0 0 0 0 0 0 0 0 0 0 0 0 0 0 0 0 0 0 0 0 0 0 0 0 0 0 0 0 0 0 0 0 0 0 0 0 0 0 0 0 0 0 0 0 0 0 0 0 
0 0 0 0 0 0 0 0 0 0 0 0 0 0 0 0 0 0 0 0 0 0 0 0 0 0 0 0 0 0 0 0 0 0 0 0 0 0 0 0 0 0 0 0 0 0 0 0 0 0 0 0 0 0 0 0 0 0 0 0 0 0 0 0 0 0 0 0 0 
0 0 0 0 0 0 0 0 0 0 0 0 0 0 0 0 0 0 0 0 0 0 0 0 0 0 0 0 0 0 0 0 0 0 0 0 0 0 0 0 0 0 0 0 0 0 0 0 0 0 0 0 0 0 0 0 0 0 0 0 0 0 0 0 0 0 0 0 0 
0 0 0 0 0 0 0 0 0 0 0 0 0 0 0 0 0 0 0 0 0 0 0 0 0 0 0 0 0 0 0 0 0 0 0 0 0 0 0 0 0 0 0 0 0 0 0 0 0 0 0 0 0 0 0 0 0 0 0 0 0 0 0 0 0 0 0 0 0 
0 0 0 0 0 0 0 0 0 0 0 0 0 0 0 0 0 0 0 0 0 0 0 0 0 0 0 0 0 0 0 0 0 0 0 0 0 0 0 0 0 0 0 0 0 0 0 0 0 0 0 0 0 0 0 0 0 0 0 0 0 0 0 0 0 0 0 0 0 
0 0 0 0 0 0 0 0 0 0 0 0 0 0 0 0 0 0 0 0 0 0 0 0 0 0 0 0 0 0 0 0 0 0 0 0 0 0 0 0 0 0 0 0 0 0 0 0 0 0 0 0 0 0 0 0 0 0 0 0 0 0 0 0 0 0 0 0 0 
0 0 0 0 0 0 0 0 0 0 0 0 0 0 0 0 0 0 0 0 0 0 0 0 0 0 0 0 0 0 0 0 0 0 0 0 0 0 0 0 0 0 0 0 0 0 0 0 0 0 0 0 0 0 0 0 0 0 0 0 0 0 0 0 0 0 0 0 0 
0 0 0 0 0 0 0 0 0 0 0 0 0 0 0 0 0 0 0 0 0 0 0 0 0 0 0 0 0 0 0 0 0 0 0 0 0 0 0 0 0 0 0 0 0 0 0 0 0 0 0 0 0 0 0 0 0 0 0 0 0 0 0 0 0 0 0 0 0 
0 0 0 0 0 0 0 0 0 0 0 0 0 0 0 0 0 0 0 0 0 0 0 0 0 0 0 0 0 0 0 2.70363e-05 6.14217e-05 0 0 0 0 0 0 0 0 0 0 0 0 0 0 0 0 0 0 0 0 0 0 0 0 0 0 0 0 0 0 0 0 0 0 0 0 
0 0 0 0 0 0 0 0 0 0 0 0 0 0 0 0 0 0 0 0 0 0 0 0 0 0 0 8.66567e-05 0.000217348 5.23117e-05 0.000272231 0.000217834 0.000692987 3.04468e-05 0 2.47905e-05 0.00020286 0 0 0 0 0 0 0 0 0 0 0 0 0 0 0 0 0 0 0 0 0 0 0 0 0 0 0 0 0 0 0 0 
0 0 0 0 0 0 0 0 0 0 0 0 0 0 0 0 0 0 0 0 0 0 0 0 0 0 0 0.000627006 0.00127808 0.000532501 0.00106609 0.000283487 0.000592789 0.000285142 1.03839e-05 0.00024875 0.000511067 0 0.000391893 5.34762e-05 0 0 0 0 0 0 0 0 0 0 0 0 0 0 0 0 0 0 0 0 0 0 0 0 0 0 0 0 0 
0 0 0 0 0 0 0 0 0 0 0 0 0 0 0 0 0 0 0 0 0 0 0 0 0 3.95546e-05 0.000159346 0.000134305 5.32493e-05 0.000375026 0.00173626 0.000255192 0.000806914 0.0011549 3.1915e-05 0.000572579 0.000166491 0.000574636 0.000313081 0.00022599 0.00021255 0 0 0 0 0 0 0 0 0 0 0 0 0 0 0 0 0 0 0 0 0 0 0 0 0 0 0 0 
0 0 0 0 0 0 0 0 0 0 0 0 0 0 0 0 0 0 0 0 0 0 0 0.00041539 0.000433223 0.000802604 0.000965588 0.000825815 0.00019909 1.37868e-05 0.000232312 0.000188469 0.000976302 0.000260676 0 0 0.000204842 0.000748041 0.00112729 0.00148941 0.000532266 0 0 0 0 0 0 0 0 0 0 0 0 0 0 0 0 0 0 0 0 0 0 0 0 0 0 0 0 
0 0 0 0 0 0 0 0 0 0 0 0 0 0 0 0 0 0 0 0 0 0 0 0.000441301 0.000731222 9.66927e-06 0.000524689 0.00066411 0.000455509 0.00025159 0.000598405 0.000964155 0.000257694 8.32031e-05 0 0 6.701e-05 0.000497266 0.000845906 0.000807881 0.000401932 0 0 0 0 0 0 0 0 0 0 0 0 0 0 0 0 0 0 0 0 0 0 0 0 0 0 0 0 
0 0 0 0 0 0 0 0 0 0 0 0 0 0 0 0 0 0 0 0 0 0 0 0.000159768 0.00023232 0.000565003 0.000570807 0.00101995 0.000516905 0.000205681 0.000769362 0.00071981 0.000141383 0.00012517 0.000280569 0.0003624 0 7.51152e-05 0.00138173 0.00101849 0 0 0 0 0 0 0 0 0 0 0 0 0 0 0 0 0 0 0 0 0 0 0 0 0 0 0 0 0 
0 0 0 0 0 0 0 0 0 0 0 0 0 0 0 0 0 0 0 0 0 0 0 8.95069e-05 0.000701959 0.0016933 0.000311176 0.000737748 0.000883567 0.00150351 0.000135003 0 0.00108984 0.000694637 0.000435448 0.000959901 4.77688e-05 0 0.000606048 0.000276234 0 0 0 0.000158494 0.00010678 0 0.00011059 0.000405223 0 0 0 0 0 0 0 0 0 0 0 0 0 0 0 0 0 0 0 0 0 
0 0 0 0 0 0 0 0 0 0 0 0 0 0 0 0 0 0 0 0 0 0 0 0 0 7.7636e-06 0.00068077 0.0008067 0.000498047 0.00120937 0.000126356 0.000158837 0.000643216 0.000104183 8.72447e-05 0.000662868 0.000269982 0.000496154 0.000260159 0 0 0 2.84555e-05 0.000671953 0.000765755 0.000695292 0.000811278 0.000912514 0 0 0 0 0 0 0 0 0 0 0 0 0 0 0 0 0 0 0 0 0 
0 0 0 0 0 0 0 0 0 0 0 0 0 0 0 0 0 0 0 0 0 0 0 0 0.000141984 0.000597991 0.000293529 0.000493516 0.000439807 0.000768528 0.000402548 0.00080026 0.000540023 0.000255408 0.000592776 0 0.000439357 0.00119714 0.000748398 0.000280679 2.69289e-05 8.3779e-05 0.0008616 0.000354275 4.06671e-05 0.000191163 0.000359974 0.000406186 0 0 0 0 0 0 0 0 0 0 0 0 0 0 0 0 0 0 0 0 0 
0 0 0 0 0 0 0 0 0 0 0 0 0 0 0 0 0 0 0 0 0 0 0 0 4.95569e-05 0.000325509 0.000376815 9.52446e-05 0.000405642 0.000251369 0.000127513 0.00045831 0.000115717 0.000264547 0.000638 0.000433123 0.000144577 0.000208529 0.00025716 0.000442058 0.000167951 0.00084216 0.000508333 0.000892424 0.000246652 0 0 0 0 0 0 0 0 0 0 0 0 0 0 0 0 0 0 0 0 0 0 0 0 
0 0 0 0 0 0 0 0 0 0 0 0 0 0 0 0 0 0 0 0 0 0 0 0 0 0.000393977 0.000943435 0.00024762 0.000358888 5.7857e-05 0.00054938 0.0011061 7.41368e-05 0.000706156 0.000310182 0.00111605 0.000370684 0 4.17035e-05 0.00055073 0.000262728 0.000768174 0.000547164 0.000335542 0.000481414 2.80914e-06 0 0 0 0 0 0 0 0 0 0 0 0 0 0 0 0 0 0 0 0 0 0 0 
0 0 0 0 0 0 0 0 0 0 0 0 0 0 0 0 0 0 0 0 0.000242116 1.55351e-05 0 0.000640496 0.000161874 0.000271848 0.000432299 0.000740053 0 0 6.86224e-05 0.00102639 0.0011278 0.000518012 0.00018679 0.00012258 0.000704537 0 2.38996e-05 0.000564245 0.000944021 0.00044666 0 0.000155494 0.00102801 0.000292208 0 0 0 0 0 0 0 0 0 0 0 0 0 0 0 0 0 0 0 0 0 0 0 
0 0 0 0 0 0 0 0 0 0 0 0 0 0 0 0 0 0 0.000536959 7.17716e-05 0.00051075 3.27716e-05 0 0.000336555 0.000990099 0.000471449 0.000196671 0.000411526 0.000222961 0 2.78774e-05 0.00129211 0.00101269 0.000292005 0.00061013 7.58645e-05 0.00119551 0.000187643 0.000601041 0.000224436 0.00126788 0.000521343 0 0.000847085 0.000524934 2.11186e-06 0 0 0 0 0 0 0 0 0 0 0 0 0 0 0 0 0 0 0 0 0 0 0 
0 0 0 0 0 0 0 0 0 0 0 0 0 0 0 0 0 5.35033e-05 0.00115683 0.000211988 0 0 0 0 0.000271593 6.50877e-05 0.000512839 0.000406499 0.000196836 0 1.01723e-05 0.000328358 0.000162436 0.000854868 0.000447109 0.000598259 0.000861725 3.49713e-05 0.000196747 7.31655e-05 0.000393518 0.000472384 0 0.000641202 0.000463142 0 0 0 0 0 0.000399695 0.000126732 0 0 0 0 0 0 0 0 0 0 0 0 0 0 0 0 0 
0 0 0 0 0 0 0 0 0 0 0 0 0 0 0 0 0 0.000271568 0.000824884 0.000370782 0.00024554 0 0 0 0 2.36823e-06 0.000281652 0.000334956 0.000120162 0 0.000596755 7.05135e-05 0.000181472 0.00103853 0.00034738 0.00023442 0.000467615 0.00124429 0.000255822 0.000223005 0.000737783 0 4.2708e-05 0.00115138 0.000798101 0 0.000257668 3.09149e-05 0.000472275 0.000580046 0.00143836 0.000680266 0.000106608 0 0 0 0 0 0 0 0 0 0 0 0 0 0 0 0 
0 0 0 0 0 0 0 0 0 0 0 0 0 0 0 0 0.000112812 0.000259094 0.000465627 0.00067906 0.000330738 8.73447e-05 0.000416751 0.000407539 0.000277426 0.00151531 2.24901e-06 0.000679649 0.000583647 2.44158e-05 0.000792105 8.49058e-05 0.000146053 6.31932e-06 0.000442512 0.000148556 5.31975e-05 0.000328946 0.000101609 0.000349815 0.000200339 0.000427876 0.00112933 0.00131498 7.67427e-05 1.04268e-07 0.000457718 5.49118e-05 0.000443947 0.000496477 0.000389941 0.000724151 0.00035475 0 0 0 0 0 0 0 0 0 0 0 0 0 0 0 0 
0 0 0 0 0 0 0 0 0 0 0 0 0 0 0 0 0.000148236 0.000565809 0.00145372 0.000887867 0.000459111 0.000698967 0.0010403 0.000578325 7.32935e-05 0.000623575 6.37523e-05 0.000594782 0.000545439 3.65852e-06 0.000100747 0.000190707 0.000393657 0 0 0.00129507 0.000524194 7.76357e-05 2.57298e-06 0 0 0.00058102 0.00191545 0.00106706 0.000213851 0.000574908 0.000394888 0.000461976 0.000226133 0.000302891 0.000229348 0.000175147 0.000371321 2.54968e-05 0.000438116 0.000149581 0 0 0 0 0 0 0 0 0 0 0 0 0 
0 0 0 0 0 0 0 0 0 0 0 0 0 0 0 0 0.000412187 0.00069717 0.00074823 0.000445403 0.00101945 0.000198145 0.000145468 0.000860806 0.000628739 0.00117615 0.000750078 0.000104111 0.000780195 0.00102746 0.000109313 0 2.85135e-05 1.18112e-05 0 9.75793e-05 0.000309841 0.000697836 2.31274e-05 0.000680058 0.00016581 0.000191943 0.000904688 4.36615e-05 0 0.000754031 0.00217496 0.00206073 0.000530506 0.000823872 0.00046129 0 0.000118296 0.000652758 0.000754371 0.000260277 0 0 0 0 0 0 0 0 0 0 0 0 0 
0 0 0 0 0 0 0 0 0 0 0 0 0 0 0 0 0.000256114 0.000105019 0.0017129 0.000560033 0 0 0 0.000160584 0.00082299 0.000491307 0.000197231 0.000487326 0.000704244 0.00108502 0.00033585 0 0.000719521 0.0007395 0.000662042 0.000212935 0.000481257 5.39866e-05 0.000200787 0.000699495 0.000447136 0.00125256 0.000931097 5.37369e-05 0 0.000569235 0.000971437 0.00012423 0 0.000339534 0.000193687 0.000509619 0 0 0 0 0 0 0 0 0 0 0 0 0 0 0 0 0 
0 0 0 0 0 0 0 0 0 0 0 0 0 0 0 0 0.000852772 0.000843813 6.11153e-05 0.000337818 0.000459511 0.000297146 7.92561e-05 0.000320686 0.00164758 2.63497e-05 9.61901e-06 0 0.000126944 0.000847234 5.14572e-05 0 3.54849e-05 0.000676008 0.000769028 0.000242287 0.000251927 0.000101256 0.000899836 0.000892791 0.00104002 0.000425436 0.000432717 6.44686e-05 0 0 0.00036317 0.000436273 0 0.000205689 0.000128843 0.000935356 6.21593e-05 0 0 0 0 0 0 0 0 0 0 0 0 0 0 0 0 
0 0 0 0 0 0 0 0 0 0 0 0 0 0 0 0 0.000648258 0.000900762 7.24946e-05 0.000149065 0.000945865 0.00033533 8.94408e-05 2.92428e-07 0.000558431 0.000354738 0.000968936 0.000291408 0 0.0011475 0.000295933 0.00025156 0.00021762 0.000621153 0.000779093 6.09883e-05 0 0.000627651 0.000622908 0 6.69216e-05 9.2219e-05 0.00137512 0.000441706 0.000130899 0.00018507 5.72534e-05 0.000116006 0.000450821 9.45202e-05 0 0.00118185 0.0001585 0 0 0 0 0 0 0 0 0 0 0 0 0 0 0 0 
0 0 0 0 0 0 0 0 0 0 0 0 0 0 0 0 0.000208174 0.000322366 0.000180595 0.000674865 0.000474034 0 0 0.000192422 0.000221428 9.35537e-05 0.000922225 0.000620529 0.00010625 0.000826395 0.000190323 0.000313399 0 0.000466451 0.00170478 0 8.00738e-05 0.000761019 0.00117705 0.000143506 0.000577592 0.000422526 0.00110303 0.000518647 0.000277997 0.000284194 0.000209438 0.000497908 0.000745549 7.31402e-05 0 0.000750288 0.000391601 0.000211401 0.000479425 0.000125184 0 0 0 0 0 0 0 0 0 0 0 0 0 
0 0 0 0 0 0 0 0 0 0 0 0 0 0 0 0.00048173 0.000438511 0 0.000305362 0.000826132 0 0.00069625 0.000102547 0.000573614 0.000408835 0.000572501 0.000887358 0.000244868 0.000902768 0.000482082 0.000215126 0 5.28121e-06 1.87422e-05 0.000577752 8.92838e-05 0.000247719 0.000382913 0.000376753 0.000240876 0.000393298 0.000366168 0.000147991 0.00097761 0.00056569 0.000183537 0.00069334 0.000412403 0.000618126 0.000238743 0.000279211 0 0 0.000231393 0.000448771 0.000106169 0 0 0 0 0 0 0 0 0 0 0 0 0 
0 0 0 0 0 0 0 0 0 0 0 0 0 0 0.000261385 0.000116671 0.000645421 3.31806e-05 0.00105269 0.000418305 0.000114442 0.000302754 0.000275176 0.000100828 0 0.000383305 0.000827292 0.00122771 0.00110262 0.000184034 0.000126865 0.000111468 0.000666937 0.00154362 0.000666521 2.66441e-05 0.000482849 0.000296468 0.000195534 0.000963183 0.00112451 0.000447335 0.000528585 0.000235292 0.00021437 0.000165426 0.000299762 0.000826839 0.000531696 0.000273331 0.000424507 0.000108034 0.000317341 0.000670324 0 0 0 0 0 0 0 0 0 0 0 0 0 0 0 
0 0 0 0 0 0 0 0 0 0 0 0 0 0 0.000352062 0.000107737 0 0.000294215 0.0010645 0.000604144 0.000782282 0.00108742 0.00133357 0.000560733 0 0.000314408 0.000908964 0.000459513 1.48101e-05 4.4672e-05 0.000491195 0.00148913 0.000964036 0.000366237 0.000335273 0.000328913 1.35409e-05 1.45106e-05 1.84057e-06 0.000104856 0.00031696 0.000384674 0.000116449 7.27363e-05 0.0004048 0.000294887 0.000121284 0.000702625 0.000612384 0.00066363 0 0.000184742 0.000443178 8.74269e-05 0.000382705 0.000495297 0 0 0 0 0 0 0 0 0 0 0 0 0 
0 0 0 0 0 0 0 0 0 0 0 0 0 0 0.000136778 0.000580158 0.000261311 0.000402623 0.000103693 0.00055897 0.00106687 0.00137594 0.000229547 0.000149512 0 7.8863e-05 0.000475311 0.000322848 0.000578147 0.000235211 0.000610029 0.00042228 0.00112166 0.000134029 0.000497115 0.000774427 0.000393718 0.00120267 0.000509477 0 0.000207901 0.000256683 0.000559497 0.00104171 0.000585743 0.00053059 0.0012072 0.000577239 0.000319166 0.000917662 0.000558287 0.000684794 0.000516451 0.000670845 0.000503074 0.000495726 0 0 0 0 0 0 0 0 0 0 0 0 0 
0 0 0 0 0 0 0 0 0 0 0 0 0 0.000481256 0.000950349 0.00115283 0.00157783 0.000924387 0.000110993 0.000740508 0.000585427 0.000673354 0.000296938 0.000616891 0.000470084 0.000432115 0.000315722 0.00034106 0.00055553 0.000500746 0.00134106 0 0 0 0.000611048 0.000127258 5.20745e-05 0.000186079 0.000355071 0.000651352 0.00124034 0.000580745 0.000567591 0.00105329 0.00134736 0.000466799 0.00106628 0.000345754 0.00153867 0.00168544 0.000886292 0.000910572 5.29531e-05 0 0.000654243 7.8819e-05 0 0 0 0 0 0 0 0 0 0 0 0 0 
0 0 0 0 0 0 0 0 0 0 0 0 7.88238e-05 0.0010166 0.000797627 0.000806811 0.00100046 0.000286395 0.000633568 0.000702061 0.000130149 7.83154e-05 0.000180048 0.000325392 0.000373965 0.000735362 0 0 0.000145043 0.000314943 0.00107681 7.99604e-05 0 0 0 2.8219e-05 0.000262898 0.000691013 0.000504616 1.35563e-05 0.000302172 0.000470866 0.000504131 0.000363318 0.000968521 7.8984e-06 0.000218775 2.58971e-05 0.000229727 0.000546592 0.000221113 0.000434559 0.000454247 4.03618e-05 7.92152e-05 0 0 0 0 0 0 0 0 0 0 0 0 0 0 
0 0 0 0 0 0 0 0 0 0 0 0 0.000196533 0.000974004 0.000148956 0 0 0 0 0 0.000793917 0.00086193 0.000568888 0.00054721 0.000327197 0.000453386 0.000410471 0 0.000395676 0.000431901 0.00167023 0.000138029 0 0.000505935 9.26103e-05 0.000920683 0.00063109 0.000135471 0.000409334 0 4.32923e-05 0.000211295 0.00132727 0.000288141 0.000619185 0 0 0.00019945 0.00192362 0.00037371 0 0 0.000565913 0.000726557 0.000451531 0 0 0 0 0 0 0 0 0 0 0 0 0 0 
0 0 0 0 0 0 0 0 0 0 0 0 0 0.00100253 0.000488579 0.00032332 0.000199828 0.000787768 0.000204159 0.00024121 0.000374436 0.00139704 0.00028371 0.000625367 0.00016987 0.00138805 0.000718119 0 0 0.000136284 0.000776248 0 7.7852e-05 0.000736418 0.000474161 0.000689968 0.000941909 0.000176793 0.00022144 0.000475104 7.86265e-05 0.000702042 0.000240261 0.00034286 0.000996261 0.000100163 0.00057337 0.000195502 0.00181031 0.000783419 0.000580642 0.000144418 0.000292485 0.000554089 0.000199713 0 0 0 0 0 0 0 0 0 0 0 0 0 0 
0 0 0 0 0 0 0 0 0 0 0 0 0.000233561 0.00031825 0.000555428 0.000914384 0.000392395 0.00106499 0.000328415 0.00138902 0.000402775 0.000302978 0.000705139 0.00074501 0.00063688 0.00106213 0.000102279 1.3699e-06 0 0 0.00030402 0.000239518 6.31378e-05 0.000376667 0.000468078 0.000418827 0.00138008 0.000842728 0.000147972 0.000449036 0.00052062 0.000237674 0.00103709 0.000160007 0.0004038 2.54142e-05 0.000560715 0.00101774 0.000943473 0.000352724 0.000159279 0.000254938 0.000549429 0.000184451 0.00012704 0 0 0 0 0 0 0 0 0 0 0 0 0 0 
0 0 0 0 0 0 0 0 0 0 0 0 0.000299787 0.00015054 6.84167e-05 0.000534492 0.000327807 0.000534374 0.00035208 0.000375832 0.000139684 1.26344e-05 0.000256087 0.000531003 0.000353698 0.00106748 0.00157471 0.000592847 0.000188537 0.000726388 0.000161347 0.00011353 0.000703889 0.000277054 0 0.000339643 0.000766712 0.000907472 0.000428858 3.94094e-05 0.000925306 0.000353395 0.000532062 0.000132819 0.000701444 0.000461066 0.000399147 0.00109175 0.000554328 0.000684825 0.000797727 7.70802e-05 0.00058678 0.00123895 7.83558e-05 0 0 0 0 0 0 0 0 0 0 0 0 0 0 
0 0 0 0 0 0 0 0 0 0 0 0 0 0 0 0.00033933 0.000312667 0.00035384 0.000458622 0 0.00168802 0.000320409 0.000304273 0.00105795 0.000388429 0.000582887 0.000712149 0.00082157 0.000919882 0.000702267 9.42118e-05 0 0.000593887 0.000828687 7.49113e-05 0.000619608 0.000668512 0.000201196 0.000171007 0.000766279 0.000502851 0.00076762 0.000441034 0 0 0.000109796 0.000105554 0.000259091 0.000332103 0.000243021 5.79851e-05 8.60071e-05 0.000504168 0.000116094 9.48941e-07 0 0 0 0 0 0 0 0 0 0 0 0 0 0 
0 0 0 0 0 0 0 0 0 0 0 0 0 0 0.000768979 0.00142067 0.00110828 0.00129981 0.000206473 0.000508144 0.000819936 0.00118256 3.6604e-05 0.00019808 0.00054143 2.8686e-05 7.41938e-05 2.10322e-05 0.000650549 0.000174539 0.000415162 0 0.000123076 0.000318443 0.000653543 0.00164523 0.00033544 0.000346215 3.12951e-06 0.000359297 0.000571915 0.000952202 0.000754937 0.00100433 0 0.000337766 0.000266862 0.000101552 0.000177337 0.000428904 0.000164976 0.000623568 0.000219708 0.00111354 0 0 0 0 0 0 0 0 0 0 0 0 0 0 0 
0 0 0 0 0 0 0 0 0 0 0 0 0 0 0.000877611 0.000675476 0.00130581 0.000783368 0.000407894 7.61765e-05 2.82705e-05 0 0 0.000268188 0.000289149 0 0.00107879 0.000225952 0.000356372 0.00124028 0.000644075 0 0.00037514 0.000532598 0 0.000435059 0.000763501 0.000390047 0 0 0.000662944 0.00108249 0.00120981 0.000718268 0.000395945 0.0008488 0.00100071 0.000445791 0.000264936 0.00117965 0.000854703 0.00070754 0.000163938 0.00199153 0.000100323 0 0 0 0 0 0 0 0 0 0 0 0 0 0 
0 0 0 0 0 0 0 0 0 0 0 0 0 0 0.000112463 0.000474315 0.000603903 0.000555034 0.000573465 0.000172889 2.13093e-05 0 0 0.000128293 0.000977599 0.000309893 0.000602087 0.000465359 0.000167519 0.000368754 3.62263e-05 0 0.00017927 0.000592385 0 0 0.00012937 0.000211955 0.000145941 3.24836e-05 0.000527298 0.000421319 0.000800281 0.000521014 0.00030136 0.000986586 0.000675979 0.000170914 0.000192533 0.000885594 0.00133892 0.000937032 8.92307e-05 0.00034226 3.0236e-05 0 0 0 0 0 0 0 0 0 0 0 0 0 0 
0 0 0 0 0 0 0 0 0 0 0 0 0 0 4.07397e-05 0.000190726 0 0 0 0.000540371 7.07978e-05 1.83684e-05 1.12432e-05 0.000240355 0.000987605 0.00156508 0.000234919 0.000623334 0 0 0 0 0.000140367 0.00116819 0.00163168 0.000863693 0 0.000289972 0.00062649 0.000546149 0.00148503 0.00127245 0.000612882 0.000618274 0.000765019 0.00126551 0.0011583 0.000344239 0 0.000540455 0.00012146 1.89241e-05 0 0 0 0 0 0 0 0 0 0 0 0 0 0 0 0 0 
0 0 0 0 0 0 0 0 0 0 0 0 0 0 0 0 0 0 0.000639593 0.000208525 0.000144758 0.000633851 0.000277782 0.00188782 0.000610577 0.000205558 3.01383e-06 1.15026e-05 0 0 0.000228977 0.000114356 6.24618e-05 0.0011072 0.00151205 0.000475262 0.000814469 5.44804e-05 0.00104894 0.0012115 0.000458028 0.000210307 0.000565815 0.000873986 0.00133554 0.00138092 0.000514819 0.000242069 0.000387936 0.000229821 0.000721161 0.0002608 0 0 0 0 0 0 0 0 0 0 0 0 0 0 0 0 0 
0 0 0 0 0 0 0 0 0 0 0 0 0 0 0 0 0 0 0.000839075 0.00103861 0.00105273 0.000758728 0 0.000134512 0.000325038 4.56892e-05 0 0.000606229 0.000545452 0.000227968 0.000305345 0.000653605 0.000671308 0.000975909 0.00203111 6.47599e-05 0.000768127 8.59555e-06 0.000608746 0.00134978 0.000416696 0.000349421 0.000954948 0.000535274 0.00130575 0.00157186 0.00103275 0.00233758 0.000638064 0.000298139 0.000931113 0.00029388 0 0 0 0 0 0 0 0 0 0 0 0 0 0 0 0 0 
0 0 0 0 0 0 0 0 0 0 0 0 0 0 0 0 0 0 0.000245451 0.00108714 0.00177974 0.000298862 0 0 0.00040432 6.44246e-05 0 0.000820515 0.000697951 5.98375e-05 0.000336262 0.000192794 0.000245582 0 9.31363e-05 0.000121744 0.000658925 0 0.00055429 0.00111072 4.76574e-05 0.000163328 0.000902377 0.00148682 0.00251176 0.000280506 0.000423606 0.000253057 1.53062e-06 0 0 0 0 0 0 0 0 0 0 0 0 0 0 0 0 0 0 0 0 
0 0 0 0 0 0 0 0 0 0 0 0 0 0 0 0 0 0 0 0 0.000749289 0.000140683 0 0 5.28618e-05 1.09627e-05 0 0.000495871 0.000266617 1.08011e-06 0.000463046 0.000644038 0.000148685 0 0.000301862 0.000310402 0.000251856 0.000149167 0.000129821 0.000490233 0 0 0 0.000507774 0.00124901 0.000407112 0.000557651 0.000420812 0 0 0 0 0 0 0 0 0 0 0 0 0 0 0 0 0 0 0 0 0 
0 0 0 0 0 0 0 0 0 0 0 0 0 0 0 0 0 0 0 0 0.000306753 0.000741834 0.000142129 0 0.000880612 0.000294336 4.24553e-05 0.000555625 0.000563349 0.000224213 0.00108315 0.000448536 0.000790008 0.000117954 0 0 0.000659626 0.000541696 0 0 0 0 0 0.000665173 0.0015046 0.00101759 0 0 0 0 0 0 0 0 0 0 0 0 0 0 0 0 0 0 0 0 0 0 0 
0 0 0 0 0 0 0 0 0 0 0 0 0 0 0 0 0 0 0 0 0 0.000893088 0.000294182 0.000584796 0.000613611 0.000389948 0.000143124 0.000501747 8.58164e-05 0.0007663 0.00116135 0.000128497 0.00150861 0.000403468 0 0 0 0 0 0 0 0 0.000433655 0.000440421 0.00132111 0.000472277 0 0 0 0 0 0 0 0 0 0 0 0 0 0 0 0 0 0 0 0 0 0 0 
0 0 0 0 0 0 0 0 0 0 0 0 0 0 0 0 0 0 0 0 0 0 0 0.000165756 0.000764219 0.00109974 0.00066594 0.000617392 0.000267548 0.000528591 0.000599237 0.00037659 0.00121976 8.55919e-05 0 0 0 0 0 0 0 0 4.06941e-05 2.8038e-05 0 0 0 0 0 0 0 0 0 0 0 0 0 0 0 0 0 0 0 0 0 0 0 0 0 
0 0 0 0 0 0 0 0 0 0 0 0 0 0 0 0 0 0 0 0 0 0 0 0.000179591 0.000340524 1.50409e-05 0.00111428 0.00188876 0.00108467 0.000217865 0.000946422 0.00127046 0.00030221 0 0 0 0 0 0 0 0 0 0 0 0 0 0 0 0 0 0 0 0 0 0 0 0 0 0 0 0 0 0 0 0 0 0 0 0 
0 0 0 0 0 0 0 0 0 0 0 0 0 0 0 0 0 0 0 0 0 0 0 0 0 0.000360841 0.00145364 0.0006391 0.00108934 0.00116829 0.000661132 0.000948038 0 0 0 0 0 0 0 0 0 0 0 0 0 0 0 0 0 0 0 0 0 0 0 0 0 0 0 0 0 0 0 0 0 0 0 0 0 
0 0 0 0 0 0 0 0 0 0 0 0 0 0 0 0 0 0 0 0 0 0 0 0 0 6.08125e-05 0.000363095 5.22339e-05 9.02681e-05 0.00027258 7.22169e-05 0 0 0 0 0 0 0 0 0 0 0 0 0 0 0 0 0 0 0 0 0 0 0 0 0 0 0 0 0 0 0 0 0 0 0 0 0 0 
0 0 0 0 0 0 0 0 0 0 0 0 0 0 0 0 0 0 0 0 0 0 0 0 0 0 0 0 0 0 0 0 0 0 0 0 0 0 0 0 0 0 0 0 0 0 0 0 0 0 0 0 0 0 0 0 0 0 0 0 0 0 0 0 0 0 0 0 0 
0 0 0 0 0 0 0 0 0 0 0 0 0 0 0 0 0 0 0 0 0 0 0 0 0 0 0 0 0 0 0 0 0 0 0 0 0 0 0 0 0 0 0 0 0 0 0 0 0 0 0 0 0 0 0 0 0 0 0 0 0 0 0 0 0 0 0 0 0 
0 0 0 0 0 0 0 0 0 0 0 0 0 0 0 0 0 0 0 0 0 0 0 0 0 0 0 0 0 0 0 0 0 0 0 0 0 0 0 0 0 0 0 0 0 0 0 0 0 0 0 0 0 0 0 0 0 0 0 0 0 0 0 0 0 0 0 0 0 
0 0 0 0 0 0 0 0 0 0 0 0 0 0 0 0 0 0 0 0 0 0 0 0 0 0 0 0 0 0 0 0 0 0 0 0 0 0 0 0 0 0 0 0 0 0 0 0 0 0 0 0 0 0 0 0 0 0 0 0 0 0 0 0 0 0 0 0 0 
0 0 0 0 0 0 0 0 0 0 0 0 0 0 0 0 0 0 0 0 0 0 0 0 0 0 0 0 0 0 0 0 0 0 0 0 0 0 0 0 0 0 0 0 0 0 0 0 0 0 0 0 0 0 0 0 0 0 0 0 0 0 0 0 0 0 0 0 0 
0 0 0 0 0 0 0 0 0 0 0 0 0 0 0 0 0 0 0 0 0 0 0 0 0 0 0 0 0 0 0 0 0 0 0 0 0 0 0 0 0 0 0 0 0 0 0 0 0 0 0 0 0 0 0 0 0 0 0 0 0 0 0 0 0 0 0 0 0 
0 0 0 0 0 0 0 0 0 0 0 0 0 0 0 0 0 0 0 0 0 0 0 0 0 0 0 0 0 0 0 0 0 0 0 0 0 0 0 0 0 0 0 0 0 0 0 0 0 0 0 0 0 0 0 0 0 0 0 0 0 0 0 0 0 0 0 0 0 
0 0 0 0 0 0 0 0 0 0 0 0 0 0 0 0 0 0 0 0 0 0 0 0 0 0 0 0 0 0 0 0 0 0 0 0 0 0 0 0 0 0 0 0 0 0 0 0 0 0 0 0 0 0 0 0 0 0 0 0 0 0 0 0 0 0 0 0 0 
0 0 0 0 0 0 0 0 0 0 0 0 0 0 0 0 0 0 0 0 0 0 0 0 0 0 0 0 0 0 0 0 0 0 0 0 0 0 0 0 0 0 0 0 0 0 0 0 0 0 0 0 0 0 0 0 0 0 0 0 0 0 0 0 0 0 0 0 0 
0 0 0 0 0 0 0 0 0 0 0 0 0 0 0 0 0 0 0 0 0 0 0 0 0 0 0 0 0 0 0 0 0 0 0 0 0 0 0 0 0 0 0 0 0 0 0 0 0 0 0 0 0 0 0 0 0 0 0 0 0 0 0 0 0 0 0 0 0 
