0 0 0 0 0 0 0 0 0 0 0 0 0 0 0 0 0 0 0 0 0 0 0 0 0 0 0 0 0 0 0 0 0 0 0 0 0 0 0 0 0 0 0 0 0 0 0 0 0 0 0 0 0 0 0 0 0 0 0 0 0 0 0 0 0 0 0 0 0 
0 0 0 0 0 0 0 0 0 0 0 0 0 0 0 0 0 0 0 0 0 0 0 0 0 0 0 0 0 0 0 0 0 0 0 0 0 0 0 0 0 0 0 0 0 0 0 0 0 0 0 0 0 0 0 0 0 0 0 0 0 0 0 0 0 0 0 0 0 
0 0 0 0 0 0 0 0 0 0 0 0 0 0 0 0 0 0 0 0 0 0 0 0 0 0 0 0 0 0 0 0 0 0 0 0 0 0 0 0 0 0 0 0 0 0 0 0 0 0 0 0 0 0 0 0 0 0 0 0 0 0 0 0 0 0 0 0 0 
0 0 0 0 0 0 0 0 0 0 0 0 0 0 0 0 0 0 0 0 0 0 0 0 0 0 0 0 0 0 0 0 0 0 0 0 0 0 0 0 0 0 0 0 0 0 0 0 0 0 0 0 0 0 0 0 0 0 0 0 0 0 0 0 0 0 0 0 0 
0 0 0 0 0 0 0 0 0 0 0 0 0 0 0 0 0 0 0 0 0 0 0 0 0 0 0 0 0 0 0 0 0 0 0 0 0 0 0 0 0 0 0 0 0 0 0 0 0 0 0 0 0 0 0 0 0 0 0 0 0 0 0 0 0 0 0 0 0 
0 0 0 0 0 0 0 0 0 0 0 0 0 0 0 0 0 0 0 0 0 0 0 0 0 0 0 0 0 0 0 0 0 0 0 0 0 0 0 0 0 0 0 0 0 0 0 0 0 0 0 0 0 0 0 0 0 0 0 0 0 0 0 0 0 0 0 0 0 
0 0 0 0 0 0 0 0 0 0 0 0 0 0 0 0 0 0 0 0 0 0 0 0 0 0 0 0 0 0 0 0 0 0 0 0 0 0 0 0 0 0 0 0 0 0 0 0 0 0 0 0 0 0 0 0 0 0 0 0 0 0 0 0 0 0 0 0 0 
0 0 0 0 0 0 0 0 0 0 0 0 0 0 0 0 0 0 0 0 0 0 0 0 0 0 0 0 0 0 0 0 0 0 0 0 0 0 0 0 0 0 0 0 0 0 0 0 0 0 0 0 0 0 0 0 0 0 0 0 0 0 0 0 0 0 0 0 0 
0 0 0 0 0 0 0 0 0 0 0 0 0 0 0 0 0 0 0 0 0 0 0 0 0 0 0 0 0 0 0 0 0 0 0 0 0 0 0 0 0 0 0 0 0 0 0 0 0 0 0 0 0 0 0 0 0 0 0 0 0 0 0 0 0 0 0 0 0 
0 0 0 0 0 0 0 0 0 0 0 0 0 0 0 0 0 0 0 0 0 0 0 0 0 0 0 0 0 0 0 0 0 0 0 0 0 0 0 0 0 0 0 0 0 0 0 0 0 0 0 0 0 0 0 0 0 0 0 0 0 0 0 0 0 0 0 0 0 
0 0 0 0 0 0 0 0 0 0 0 0 0 0 0 0 0 0 0 0 0 0 0 0 0 0 0 0 0 0 0 0 0 0 0 0 0 0 0 0 0 0 0 0 0 0 0 0 0 0 0 0 0 0 0 0 0 0 0 0 0 0 0 0 0 0 0 0 0 
0 0 0 0 0 0 0 0 0 0 0 0 0 0 0 0 0 0 0 0 0 0 0 0 0 0 0 0 0 0 0 0 0 0 0 0 0 0 0 0 0 0 0 0 0 0 0 0 0 0 0 0 0 0 0 0 0 0 0 0 0 0 0 0 0 0 0 0 0 
0 0 0 0 0 0 0 0 0 0 0 0 0 0 0 0 0 0 0 0 0 0 0 0 0 0 0 0 0 0 0 0 0 0 0 0 0 0 0 0 0 0 0 0 0 0 0 0 0 0 0 0 0 0 0 0 0 0 0 0 0 0 0 0 0 0 0 0 0 
0 0 0 0 0 0 0 0 0 0 0 0 0 0 0 0 0 0 0 0 0 0 0 0 0 0 0 0 0 0 0 0 0 0 0 0 0 0 0 0 0 0 0 0 0 0 0 0 0 0 0 0 0 0 0 0 0 0 0 0 0 0 0 0 0 0 0 0 0 
0 0 0 0 0 0 0 0 0 0 0 0 0 0 0 0 0 0 0 0 0 0 0 0 0 0 0 0 9.25354e-05 7.15143e-05 0 0 0.000764533 0.000305427 0.00113929 0.000301809 0 3.3224e-06 0.000343142 3.34854e-05 0 1.03565e-05 4.47058e-06 0 0 0 0 0 0 0 0 0 0 0 0 0 0 0 0 0 0 0 0 0 0 0 0 0 0 
0 0 0 0 0 0 0 0 0 0 0 0 0 0 0 0 0 0 0 0 0 0 0 0 0 0 0.000139296 2.20052e-05 0.000359381 0.000555793 0.000836372 0.000536495 0.00108705 0.00040632 0.000612716 0.00111971 0.00035888 0.000625142 0.00136685 0.000243345 0.000108832 0.000570894 0.000390335 0 0 0 0 0 0 0 0 0 0 0 0 0 0 0 0 0 0 0 0 0 0 0 0 0 0 
0 0 0 0 0 0 0 0 0 0 0 0 0 0 0 0 0 0 0 0 0 0 0 0 0 0.000245807 0.000894413 8.72931e-05 0.000395023 0.000875649 0.00136997 0.000570765 0.00100356 0.00175474 0.000106635 0.000252314 2.35516e-06 0.000539871 0.00145263 0.00170733 0.000579138 0.000123316 0.000769757 3.7503e-05 0.000280326 0.000195905 0 0 0 0 0 0 0 0 0 0 0 0 0 0 0 0 0 0 0 0 0 0 0 
0 0 0 0 0 0 0 0 0 0 0 0 0 0 0 0 0 0 0 0 0 0 0 0.000383922 0.000672294 0.00116378 0.000721299 0.000276486 0.00091183 0.00114011 0.00167609 0.00119317 0.000397285 0.000309897 0 0 0 0.000709753 0.000847696 0.000919454 0.000244409 0.000672892 0.00232405 0.000821989 0.000470808 0.00013367 0.000197982 5.00351e-05 0 0 0 0 0 0 0 0 0 0 0 0 0 0 0 0 0 0 0 0 0 
0 0 0 0 0 0 0 0 0 0 0 0 0 0 0 0 0 0 0 0 0 6.35856e-05 0.000311329 0.000616339 0.00040272 0.00101797 0.00060478 8.55824e-05 0.000529336 0.00085109 0.000475415 0.000303392 0.000782546 0.000268464 0.000256602 0.000438283 0 0.000604606 0.000482856 0.000437593 0.00168318 0.000878906 0.00129781 0.00106029 0.000683763 0.000549333 0.000651671 0.00011977 4.97346e-05 0 0 0 0 0 0 0 0 0 0 0 0 0 0 0 0 0 0 0 0 
0 0 0 0 0 0 0 0 0 0 0 0 0 0 0 0 0 0 0 0 0 0.000874784 0.000639758 0.00113606 0.000186787 0.00070415 0.000391537 0.000226841 0.000579549 0.00113264 0.000729172 0.000203149 0.000150449 0.000845542 0.000651033 0.000501675 0.000469415 0.000534445 0.000400141 0.000840753 0.000540811 0.00067376 0.000409594 0.000880533 4.95903e-05 0.000871597 0.000807247 0.000871573 0.00108854 3.85183e-05 0 0 0 0 0 0 0 0 0 0 0 0 0 0 0 0 0 0 0 
0 0 0 0 0 0 0 0 0 0 0 0 0 0 0 0 0 0 0 0 0 0.00179391 0.001881 0.00162123 0.00120968 0.00102693 0.000146695 0.000752924 0.000981555 0.00116304 0.000809116 8.96307e-05 0.000770622 0.0016733 0.000812162 0.000993173 0.00215108 0.00110203 0.000296095 0.000615765 0.000255538 7.36168e-05 0.00120429 0.000792033 7.09927e-05 0 0.000437087 0.0023663 0.00126615 0.00068586 5.00278e-06 0 0 0 0 0 0 0 0 0 0 0 0 0 0 0 0 0 0 
0 0 0 0 0 0 0 0 0 0 0 0 0 0 0 0 0 0 0 0.000209533 0.000463128 0.000235459 0.000612676 0.000764595 0.00039314 0.00102273 0.000570647 0.000772285 0.000892206 0.000554144 0.000124569 0.00039289 0.00107889 0.000207374 0 0.000685437 0.00125472 0.000269119 0.00038174 0.00115322 0.00178172 0.00029988 0.00210741 0.00139181 0.000602511 0.00046546 0.000380585 0.000691302 0.000857203 0.0013986 0.000148958 0 0 0 0 0 0 0 0 0 0 0 0 0 0 0 0 0 0 
0 0 0 0 0 0 0 0 0 0 0 0 0 0 0 0 0 0 0 4.00312e-05 0.0003675 0.000826303 7.72933e-05 7.02659e-06 0.000665111 0.00125082 0.00050119 0.000721256 0.000616281 0.000386843 0.000819269 0.00151669 0.00050498 0.00057651 0.000216858 4.58711e-05 0.000669133 0.000395549 0.00130391 0.00219269 0.000847403 0.000413407 0.000695523 0.00105417 0.000537801 0.000884621 7.91112e-05 0.000204207 0.00126651 0.000331811 0.00062645 0 0 0 0 0 0 0 0 0 0 0 0 0 0 0 0 0 0 
0 0 0 0 0 0 0 0 0 0 0 0 0 0 0 0 0 0 0 0 0.00123452 0.00135444 0.00113153 0.000392763 0.00142971 0.000803326 0.000175053 0.000222393 0.00108951 0.000806444 0.00233468 0.00129562 0.000398702 0.000837013 0.00120804 0.000641373 0.000988988 0.000691656 0.000514508 0.000489923 0.000468376 0.000861718 0.000617689 0.000373364 0.000967051 0.000547389 0.000402479 0.00100826 0.000242854 0.000887386 0.000727427 0.000221645 0 0 0 0 0 0 0 0 0 0 0 0 0 0 0 0 0 
0 0 0 0 0 0 0 0 0 0 0 0 0 0 0 0 0 0 9.97179e-05 0.000565213 0.000453541 0.00183233 0.00132604 0.000551803 0.000462483 0.000411917 0.00076067 0.000580078 0.000140442 0.000734853 0.00252326 0.000692196 0.00105902 0.000262447 0.00137575 0.00123604 4.2624e-05 0.000836836 0.000891864 1.64422e-05 0.000894759 0.000627933 0.0005183 0.00130212 0.000670932 0.00162456 0.000700996 0.00104578 0.000416285 0.0011964 0.000233439 0.000128308 0.000362254 0 0 0 0 0 0 0 0 0 0 0 0 0 0 0 0 
0 0 0 0 0 0 0 0 0 0 0 0 0 0 0 0 0 0 0.000311441 0.000298756 0.000789397 0.00118111 0.000203376 0.000579777 0.000445833 0.000832705 0.000487298 0.000650503 0 7.679e-05 0.00101412 0.00162595 0.00115518 0.000166188 0.000180869 0.00021644 0.00141298 0.000423989 0.000638934 0.000808372 0.000862705 0.000923828 0.00109149 0.00102668 0.000257693 0.0016583 0.00126498 0.000385491 0.000558412 0.00109592 0.000498413 0.000787145 0.00063623 0 0 0 0 0 0 0 0 0 0 0 0 0 0 0 0 
0 0 0 0 0 0 0 0 0 0 0 0 0 0 0 0 3.32735e-05 0.000700489 0.00241269 0.000554606 0.000195466 0.000910184 0.000671428 0.00144771 0.00076102 0.00104548 0.000224642 0 0.000510783 0.00197055 0.00280446 0.00127069 0.00133522 9.68878e-05 0.000790707 0.00158415 0.000300541 3.49505e-05 0.000398961 0.00135403 0.00129216 1.18527e-05 0.0017149 0.00042524 4.35645e-05 0.000629331 0.000640251 0.00113017 0.000696632 0.00122757 0.000542934 0.000726119 0.000547583 0.000321993 0 0 0 0 0 0 0 0 0 0 0 0 0 0 0 
0 0 0 0 0 0 0 0 0 0 0 0 0 0 0 0.000329733 0.000892733 0.00215866 0.00271622 0.00104876 0.000183914 0.000747503 0.0010363 0.00141239 0.00104148 0.000276449 1.63878e-05 0.000335895 0.000465209 0.000543835 0.00042952 0.000916491 0.00144456 0.000350976 0.000420566 0.00138875 0.000841568 0.00027228 0.000949805 0.000274794 0.000746059 0.000565604 0.00190714 0.00129387 0.000284148 0.000433964 0.000189906 0.000291883 0.00103501 0.00116956 0.000436715 0.00187988 0.000930076 0.00143294 0.000877228 0 0 0 0 0 0 0 0 0 0 0 0 0 0 
0 0 0 0 0 0 0 0 0 0 0 0 0 0 1.94766e-05 0.00106241 0.000513896 0.000274088 0.00124164 0.000199016 0.000282459 0.00054984 0.000637625 0.00167024 0.000616535 0.000919576 0.00132936 0.000904395 0.000960989 0.000995361 0.000602241 0.0003375 0.000475819 0.000499428 0.000145784 0.000428272 0.000217828 0.000285719 0.000858547 0.00121251 0.000509205 0.000447066 0.00101514 0.000819459 0.00043077 0.000161511 0.000383787 0.000372702 0.00152021 0.00100216 8.40331e-05 0.000627373 0.0005669 0.001371 0.000841755 0 0 0 0 0 0 0 0 0 0 0 0 0 0 
0 0 0 0 0 0 0 0 0 0 0 0 0 0 2.74323e-05 0.00106264 0.000373127 0.000535167 0 0 0.000285904 0.000708422 0.00139463 0.000795734 0.000101152 0.000449404 0.000977595 0.00018844 0.00132982 0.00144344 0.000462567 0.000648637 0.000195739 0.00104844 0.000656159 0 0 0.000366438 0.000587434 0.00186251 0.000573763 0 0.000383052 0.000478981 0.00117688 0.00110202 0.000180087 0.00027702 0.00134561 0.000633108 0.000501226 0.000506609 0.000959497 0.000504809 1.7832e-05 0 0 0 0 0 0 0 0 0 0 0 0 0 0 
0 0 0 0 0 0 0 0 0 0 0 0 0 0 0 0.000595506 0.000956948 0.000316779 0.000145433 0.000736056 0.000465126 0.00198849 0.000931641 0.00062423 0.000887642 0.000851089 0.00143589 0.000665323 0.000747177 0.000349358 0.000774016 0.000383121 0.00142737 0.000233955 0.000536191 1.29916e-05 0.000101424 0.00072676 0.000688644 0.000700529 0.000191961 9.29452e-05 0.00135652 0.000185206 0.00061001 0.000105547 0.000407885 0.000755599 0.000831102 0.00108741 0.000479756 0.000315664 0.000401124 0.000758815 0.000969782 0.000229125 0 0 0 0 0 0 0 0 0 0 0 0 0 
0 0 0 0 0 0 0 0 0 0 0 0 0 0 2.81817e-05 9.33387e-05 0.000679608 0.00113458 0.00122326 0.000332621 0.000394506 0.00153207 0.00025697 6.72407e-05 0.000162649 0.00190436 0.0012791 0.000576433 0.00111078 0.00150966 0.000791134 0.000354407 0.00117023 0.000626013 0.000803972 0.000994581 0.000287639 0.000524637 0.000905188 0.000898532 0.00117743 0.00098755 0.000361035 0.00103309 0 1.11687e-05 0.000434766 0.000647354 0.000418996 0.000294381 0.000706383 0.00093565 0.000219983 0.00247989 0.00200538 0.00101313 0 0 0 0 0 0 0 0 0 0 0 0 0 
0 0 0 0 0 0 0 0 0 0 0 0 0 0 0.000428322 0.000323391 0.000297491 0.00115132 0.000630906 0.000904784 0.000239234 0.000709217 0.00150405 0.000768626 0.00153394 0.00282863 4.17493e-05 0.000265619 0.0011417 0.00114059 0.00078645 0.000812428 0.00106077 0.000481456 0.000552374 0.000458038 4.10099e-05 5.94129e-06 1.41248e-05 6.67564e-06 2.43226e-05 1.47134e-05 0.000523488 0.000390395 0.000664612 6.05268e-05 0.000857383 0.00143603 0.00053737 0.00016347 0.000184338 0.00179079 0.000670139 0.000961448 0.00194846 0.000295591 0 0 0 0 0 0 0 0 0 0 0 0 0 
0 0 0 0 0 0 0 0 0 0 0 0 0 0 0 0 0 0.000385492 0.000816453 0.000374799 0.00105556 0.000966618 0.000772924 0.00127848 0.00158216 0.00126618 0.000129039 0.000462084 0.000115548 0.000216575 0.000902954 0.000227071 9.37767e-05 0.000907168 0.0110611 0.0228193 0.00222294 0.000231274 0.000549832 0.000409333 0.000959839 0.000428412 0.00114285 0.000923045 0.000120425 0.000648979 0.000958554 0.000794734 0.000708984 0.00112411 0.000366473 0.00114216 0.00105193 0.00199639 0.00191476 0.000894616 0 0 0 0 0 0 0 0 0 0 0 0 0 
0 0 0 0 0 0 0 0 0 0 0 0 0 0 0.000298914 0.000610783 0.000367078 0.00222338 0.00286307 0.000684622 0.000539914 5.10254e-05 0.000927445 0.000873183 0.00134026 0.0013467 0.000884048 0.00102447 0.000223072 0.00072424 0.0019406 0.000956596 0.000381736 0.0126282 0.0724473 0.0711889 0.0198375 0.000526984 0.00105049 0.000825485 0.000692304 0.000752167 0.00155211 0.00132257 0.000581724 0.000757652 0.00146902 0.000720035 0.000894023 0.00104157 0.000277438 0.000273916 0.000325552 0.000262281 0.00027668 0.000429379 1.3789e-05 0 0 0 0 0 0 0 0 0 0 0 0 
0 0 0 0 0 0 0 0 0 0 0 0 0 0 0.000882181 0.00068475 0.000616352 0.00107232 0.00159644 0.000288069 0.000197665 2.17925e-05 0.000278783 0.00173794 0.00178313 0.00090862 0.00145102 0.00051747 0.000694144 0.000725897 1.91968e-05 1.1818e-05 0.00136572 0.0130025 0.0814085 0.0646758 0.0134414 0.000451606 0.000331182 0.00144423 0.000707154 0.000568658 0.000741939 0.000621316 5.46079e-05 0.000519611 0.000511564 0.000861429 0.000570267 0.0013163 0.000774154 0.00121113 0.00108081 0.0012764 0.00112299 0.00133421 3.95556e-05 0 0 0 0 0 0 0 0 0 0 0 0 
0 0 0 0 0 0 0 0 0 0 0 0 0 0 0.000538197 0.00123314 0.000251801 0 0.000134406 0.00139961 0.00198967 0.000182447 0.000691317 0.00233679 0.00143768 0.000322142 0.000596259 0.000657847 0.00214509 0.00121501 0.000181355 0.00121525 0.00094506 0.00178621 0.0163308 0.00857372 0.000773225 0.000772408 0.000749583 0.000502192 0.00120701 0.000291597 0.000887943 0.00163393 0.000899822 0.000597687 0.000418211 0.000280625 0.000474652 0.000436155 0.000845092 0.000302925 0.00185046 0.000244241 0.000198001 0.000386841 0 0 0 0 0 0 0 0 0 0 0 0 0 
0 0 0 0 0 0 0 0 0 0 0 0 0 0 0.000362632 0.000680375 0.000360673 0.000460582 0.000615811 0.000523659 0.00126434 0.000788729 0.000111014 0.000260455 0.000596701 0.00126171 0.000731368 0.000478648 0.000531636 0.00066197 0.000619628 0.00051782 0.000721274 0.00107809 0.000220026 0.00202252 0.000873015 0.000763007 0.00189356 0.000115731 0.000280714 0.000380337 0.00155927 0.00381789 0.00137522 0.000132794 0.000464673 9.46277e-05 0.000241508 0.000817567 0.000514569 1.32293e-05 0.0006354 0.00189254 0.000504391 0 0 0 0 0 0 0 0 0 0 0 0 0 0 
0 0 0 0 0 0 0 0 0 0 0 0 0 0 0.000877673 0.000472682 0.000613195 0.00115382 0.00218798 0.00137196 0.000115465 0.000714375 0.000638073 0.000885768 0.000588232 0.00139383 0.00145616 0.000646159 0.000681147 0.000371301 0.000591698 7.68555e-05 5.95592e-05 0.000328667 6.26018e-05 0.000680197 0.000419906 0.00032021 0.00123719 0.00038101 0.00106885 0.000193617 0.000258392 0.001102 0.00153488 0.000995911 0.00169718 4.39417e-05 0 0.000668104 0.000248751 0.000906679 0.00120568 0.000714149 0.000278742 0 0 0 0 0 0 0 0 0 0 0 0 0 0 
0 0 0 0 0 0 0 0 0 0 0 0 0 0 0.00103475 0.000893754 0.00205268 0.00295931 0.00172317 0.00025699 0.000226208 0.00116085 0.000508666 0.000431548 0.00167931 0.00103322 0.00073018 0.000623799 0.00161396 0.000781743 0.000321823 0.000112581 0.000480718 0.0003333 0.000291294 0.000845686 0.000873672 0.000619768 0.000843569 0.000851077 0.000432521 0.000489574 0.000655496 0.000914807 0.000576897 0.000755898 0.00068912 0.000383989 0.000169234 0.000645104 0.000790704 0.00168285 0.000666816 2.5889e-05 6.74117e-07 0 0 0 0 0 0 0 0 0 0 0 0 0 0 
0 0 0 0 0 0 0 0 0 0 0 0 0 0 0.00010827 0.000388053 0.00151536 0.000795672 0.00045282 0.000499466 0.000502113 4.40406e-05 0.000760431 6.1851e-05 0.00100515 0.00186806 0.000272926 0.00052889 0.000265321 4.51154e-05 0 0.00131097 0.00106067 0.00127699 0.00031337 0.000453819 0.00084998 0.000325788 0.00014082 0.000226541 0.000499415 0.00122684 0.00162168 0.00100599 0.000532579 0.00135128 0.00103185 0.000760643 0.000492966 0.000280126 9.7538e-05 0.00156367 0.000568245 0.00216189 0.000600036 0.000157438 0 0 0 0 0 0 0 0 0 0 0 0 0 
0 0 0 0 0 0 0 0 0 0 0 0 0 0 0 0.000514129 0.000746422 0.00013912 0.000388371 0.000645964 0.0014537 0.00054943 0.0013562 0.00180387 0.00329084 0.00310824 0.000442584 0.000382129 0.000638423 0.00080037 0.000808271 0.000338115 0.000757466 0.00039166 0 0.000148223 0.000441219 0.00047476 0.000924045 0.000398131 0.000894936 0.00171116 0.00240816 0.000269447 0.000581901 0.00115362 0.000907002 2.53393e-05 0.00019614 0.000213511 8.41015e-05 0.00126625 0.00190531 0.00179367 0.000369758 0.000101569 0 0 0 0 0 0 0 0 0 0 0 0 0 
0 0 0 0 0 0 0 0 0 0 0 0 0 0 0 0 0.000213333 0.000843326 0.000967221 0.00214613 0.00176474 0.000763816 0.000875931 0.00173851 0.000959199 0.000385394 0.000413308 0.000135687 0.00110699 0.00123644 0.00140552 0.000689664 0.0015774 0.00116957 0.000411494 0.00103494 0.000705129 0.000501587 0.000998185 0.000527999 0.00056274 0.000999254 0.00162579 0.000331159 0.000567551 0.000886635 0.000223707 0.000586451 0.000897421 0.000700783 7.9028e-05 0.000682751 0.000351177 0.000297653 1.4848e-05 0 0 0 0 0 0 0 0 0 0 0 0 0 0 
0 0 0 0 0 0 0 0 0 0 0 0 0 0 0 0 0.000834257 0.00110817 0.00153047 0.00123649 0.00121114 0.000107749 0.000963084 0.000202295 3.50248e-05 4.47254e-05 6.69241e-05 0.000340936 0.00102681 0.00127886 0.00131147 0.000823922 0.000824353 0.000492242 0.000582182 0.000875639 0.00096727 0.000263811 0.00191234 0.00159463 0.00109398 0.000789777 0.000550245 0.000321612 0.00100966 0.00101948 0.000797514 0.000696692 0.000753863 0.00104135 3.88609e-05 0.000285429 0.00134571 0.000995039 1.21632e-05 0 0 0 0 0 0 0 0 0 0 0 0 0 0 
0 0 0 0 0 0 0 0 0 0 0 0 0 0 0 0 0.00107193 0.00039409 0.00130917 0.000715695 0.000660498 0.000435859 0.000913186 0.000465189 0.000469582 0.00089375 0.000212774 0.000256665 0.000281322 0.000940872 0.00109994 0.000336584 0.00109514 0.000703519 0.000991638 0.000867838 0.0015983 0.000801962 0.000926024 0.000642129 0.00191108 0.000607138 9.99523e-05 0.000606625 0.00019149 0.0014165 0.00185453 0.00101813 0.00043121 0.00131099 0.000673548 0.000202429 0.00100248 0.000151357 2.90033e-06 0 0 0 0 0 0 0 0 0 0 0 0 0 0 
0 0 0 0 0 0 0 0 0 0 0 0 0 0 0 0 3.06161e-05 0.00112864 0.00251149 0.000806487 0.00114601 0.000375613 3.80297e-05 0.000723552 0.000952296 0.00160901 0.000317061 0.00109363 0.000401534 0.000916924 7.52544e-05 0.000565984 0.001596 0.000380296 0.00100027 0.0010045 0.0011293 0.00154653 0.000955234 0.00209549 0.00118655 0.00100563 9.33645e-05 0.00219585 0.000816712 0.00123615 0.000737187 0.00159756 0.000782964 0.000217382 0.000255161 0.000712453 0.000356579 0 0 0 0 0 0 0 0 0 0 0 0 0 0 0 0 
0 0 0 0 0 0 0 0 0 0 0 0 0 0 0 0 0 0.000335859 0.000880534 0.00176259 0.00195313 0.00131581 0.000966782 0.000233461 0.000544503 0.00158621 0.00148836 0.00224651 0.000798761 3.07119e-05 0.00043349 0.00225327 0.00128497 0.000574088 0.00288968 0.00180892 0.00192699 0.00167766 9.60207e-05 0.00096525 0.000747123 0.000715368 0.000346865 0.00102361 0.000371363 0.000806174 0.000808917 0.000191196 0.000905866 0.000262347 0.000757913 0 0 0 0 0 0 0 0 0 0 0 0 0 0 0 0 0 0 
0 0 0 0 0 0 0 0 0 0 0 0 0 0 0 0 0 0 3.04228e-05 0.00054344 0.000999687 0.000280907 0.000629382 0.00102643 0.00175977 0.000687129 0.000181276 1.43552e-05 0.000758813 0.00036516 0.000315006 0.000922982 0.00112411 0.00224127 0.00047296 0.000577222 0.00178497 0.000688084 0.000310569 0.00161147 0.00105063 0.000601181 0.000559913 0.000524897 0.000510354 0.00095771 0.00073847 0.000236274 0.000361186 5.41017e-06 0 0 0 0 0 0 0 0 0 0 0 0 0 0 0 0 0 0 0 
0 0 0 0 0 0 0 0 0 0 0 0 0 0 0 0 0 0 0.000145328 0.00121429 0.00127317 0.000328481 0.000896343 0.000737881 0.0009136 0.00168997 0.000872868 0.00136402 0.00201443 0.000556605 0.000640476 0.000167464 0.000697626 0.00115224 0.000982218 0.000770012 0.00121869 0.000814172 0.00141359 0.000933314 0.00100125 0.000252371 0 0 0.000218909 0.0016581 0.000699525 0.000752323 0.00053084 0.000523892 0.000574705 0 0 0 0 0 0 0 0 0 0 0 0 0 0 0 0 0 0 
0 0 0 0 0 0 0 0 0 0 0 0 0 0 0 0 0 0 0 0.000114321 0.000207328 0.000984039 0.00116211 0.000503663 0.000403429 0.000540883 0.00164387 0.00140736 0.000271297 0.000627473 0.000404813 0.000773149 0.00167232 0.00159643 0.000981745 0.000517785 0.000746591 0.000543577 0.000791745 0.000698541 0.000276992 1.59532e-05 0.000520109 0.000612728 0.000252588 0.000927382 0.00146362 0.000627454 0.000199476 0.000357161 0.000214287 0 0 0 0 0 0 0 0 0 0 0 0 0 0 0 0 0 0 
0 0 0 0 0 0 0 0 0 0 0 0 0 0 0 0 0 0 0 0 9.17898e-05 0.00108849 0.00101079 0.000238183 0.000496644 0.00028622 0.000935707 0.0016158 0.000681358 0.0012153 0.000543709 0.000327143 0.000833635 0.000371222 2.00083e-05 6.54711e-05 0 0 0.000366915 0.000904145 0.000635591 0.000185751 0.00050982 0.000506342 0.000189364 9.19642e-05 0.000911 0.000587945 0.000401911 0.00014925 0 0 0 0 0 0 0 0 0 0 0 0 0 0 0 0 0 0 0 
0 0 0 0 0 0 0 0 0 0 0 0 0 0 0 0 0 0 0 0 0 0.000327856 0.00123553 0.000937151 0.000287409 0.000707047 0.000949321 0.00054773 0.00118525 0.00124403 0.00135807 0.000739511 0 0 0.000167524 0.000583152 0.000652168 0.000358524 0.000112237 0.000242364 0.00133283 0.000785772 0 0 1.97381e-05 0.000162823 8.67532e-05 0.000243145 0 0 0 0 0 0 0 0 0 0 0 0 0 0 0 0 0 0 0 0 0 
0 0 0 0 0 0 0 0 0 0 0 0 0 0 0 0 0 0 0 0 0 0 0.000100632 0.000143953 0.000275057 0.00118713 0.000375401 0.000264877 0.000102399 0.00126253 0.00156192 0.000693952 0.000883199 0.000583861 0.000780959 0.000793635 0.000711266 0.000992186 0.000385373 0.000561411 0.000144041 7.26481e-05 0.000962921 0.000387824 0.000676879 0.000641874 0 0 0 0 0 0 0 0 0 0 0 0 0 0 0 0 0 0 0 0 0 0 0 
0 0 0 0 0 0 0 0 0 0 0 0 0 0 0 0 0 0 0 0 0 0 0 0 8.27602e-05 0.00060823 0.00104347 0.000558395 0.000555583 0.000961924 0.00030872 0.00133586 0.000984997 0.00137399 0.00114958 0.00163623 0.00110935 0.000957458 0.000306799 0.000869597 0.00127878 0.00095881 0.000643345 1.88708e-05 8.80225e-05 1.3008e-05 0 0 0 0 0 0 0 0 0 0 0 0 0 0 0 0 0 0 0 0 0 0 0 
0 0 0 0 0 0 0 0 0 0 0 0 0 0 0 0 0 0 0 0 0 0 0 0 0 6.35833e-06 1.21824e-05 0 2.23185e-05 0.000914449 0.00130482 0.00213674 0.00184715 0.00180487 0.000586895 0.00127307 0.000879612 0.000546232 0.000411547 0.00198967 0.000386196 0.000465938 0 0 0 0 0 0 0 0 0 0 0 0 0 0 0 0 0 0 0 0 0 0 0 0 0 0 0 
0 0 0 0 0 0 0 0 0 0 0 0 0 0 0 0 0 0 0 0 0 0 0 0 0 0 0 0 0 5.61416e-05 0.000447035 0.000532075 0.000459257 0.000597869 0.000454984 0.00180224 0.000396385 0 0.00017633 0.000399067 0 0 0 0 0 0 0 0 0 0 0 0 0 0 0 0 0 0 0 0 0 0 0 0 0 0 0 0 0 
0 0 0 0 0 0 0 0 0 0 0 0 0 0 0 0 0 0 0 0 0 0 0 0 0 0 0 0 0 0 0 0 0 1.26243e-05 2.49951e-05 9.40933e-05 7.74469e-07 0 0 0 0 0 0 0 0 0 0 0 0 0 0 0 0 0 0 0 0 0 0 0 0 0 0 0 0 0 0 0 0 
0 0 0 0 0 0 0 0 0 0 0 0 0 0 0 0 0 0 0 0 0 0 0 0 0 0 0 0 0 0 0 0 0 0 0 0 0 0 0 0 0 0 0 0 0 0 0 0 0 0 0 0 0 0 0 0 0 0 0 0 0 0 0 0 0 0 0 0 0 
0 0 0 0 0 0 0 0 0 0 0 0 0 0 0 0 0 0 0 0 0 0 0 0 0 0 0 0 0 0 0 0 0 0 0 0 0 0 0 0 0 0 0 0 0 0 0 0 0 0 0 0 0 0 0 0 0 0 0 0 0 0 0 0 0 0 0 0 0 
0 0 0 0 0 0 0 0 0 0 0 0 0 0 0 0 0 0 0 0 0 0 0 0 0 0 0 0 0 0 0 0 0 0 0 0 0 0 0 0 0 0 0 0 0 0 0 0 0 0 0 0 0 0 0 0 0 0 0 0 0 0 0 0 0 0 0 0 0 
0 0 0 0 0 0 0 0 0 0 0 0 0 0 0 0 0 0 0 0 0 0 0 0 0 0 0 0 0 0 0 0 0 0 0 0 0 0 0 0 0 0 0 0 0 0 0 0 0 0 0 0 0 0 0 0 0 0 0 0 0 0 0 0 0 0 0 0 0 
0 0 0 0 0 0 0 0 0 0 0 0 0 0 0 0 0 0 0 0 0 0 0 0 0 0 0 0 0 0 0 0 0 0 0 0 0 0 0 0 0 0 0 0 0 0 0 0 0 0 0 0 0 0 0 0 0 0 0 0 0 0 0 0 0 0 0 0 0 
0 0 0 0 0 0 0 0 0 0 0 0 0 0 0 0 0 0 0 0 0 0 0 0 0 0 0 0 0 0 0 0 0 0 0 0 0 0 0 0 0 0 0 0 0 0 0 0 0 0 0 0 0 0 0 0 0 0 0 0 0 0 0 0 0 0 0 0 0 
0 0 0 0 0 0 0 0 0 0 0 0 0 0 0 0 0 0 0 0 0 0 0 0 0 0 0 0 0 0 0 0 0 0 0 0 0 0 0 0 0 0 0 0 0 0 0 0 0 0 0 0 0 0 0 0 0 0 0 0 0 0 0 0 0 0 0 0 0 
0 0 0 0 0 0 0 0 0 0 0 0 0 0 0 0 0 0 0 0 0 0 0 0 0 0 0 0 0 0 0 0 0 0 0 0 0 0 0 0 0 0 0 0 0 0 0 0 0 0 0 0 0 0 0 0 0 0 0 0 0 0 0 0 0 0 0 0 0 
0 0 0 0 0 0 0 0 0 0 0 0 0 0 0 0 0 0 0 0 0 0 0 0 0 0 0 0 0 0 0 0 0 0 0 0 0 0 0 0 0 0 0 0 0 0 0 0 0 0 0 0 0 0 0 0 0 0 0 0 0 0 0 0 0 0 0 0 0 
0 0 0 0 0 0 0 0 0 0 0 0 0 0 0 0 0 0 0 0 0 0 0 0 0 0 0 0 0 0 0 0 0 0 0 0 0 0 0 0 0 0 0 0 0 0 0 0 0 0 0 0 0 0 0 0 0 0 0 0 0 0 0 0 0 0 0 0 0 
0 0 0 0 0 0 0 0 0 0 0 0 0 0 0 0 0 0 0 0 0 0 0 0 0 0 0 0 0 0 0 0 0 0 0 0 0 0 0 0 0 0 0 0 0 0 0 0 0 0 0 0 0 0 0 0 0 0 0 0 0 0 0 0 0 0 0 0 0 
0 0 0 0 0 0 0 0 0 0 0 0 0 0 0 0 0 0 0 0 0 0 0 0 0 0 0 0 0 0 0 0 0 0 0 0 0 0 0 0 0 0 0 0 0 0 0 0 0 0 0 0 0 0 0 0 0 0 0 0 0 0 0 0 0 0 0 0 0 
