0 0 0 0 0 0 0 0 0 0 0 0 0 0 0 0 0 0 0 0 0 0 0 0 0 0 0 0 0 0 0 0 0 0 0 0 0 0 0 0 0 0 0 0 0 0 0 0 0 0 0 0 0 0 0 0 0 0 0 0 0 0 0 0 0 0 0 0 0 
0 0 0 0 0 0 0 0 0 0 0 0 0 0 0 0 0 0 0 0 0 0 0 0 0 0 0 0 0 0 0 0 0 0 0 0 0 0 0 0 0 0 0 0 0 0 0 0 0 0 0 0 0 0 0 0 0 0 0 0 0 0 0 0 0 0 0 0 0 
0 0 0 0 0 0 0 0 0 0 0 0 0 0 0 0 0 0 0 0 0 0 0 0 0 0 0 0 0 0 0 0 0 0 0 0 0 0 0 0 0 0 0 0 0 0 0 0 0 0 0 0 0 0 0 0 0 0 0 0 0 0 0 0 0 0 0 0 0 
0 0 0 0 0 0 0 0 0 0 0 0 0 0 0 0 0 0 0 0 0 0 0 0 0 0 0 0 0 0 0 0 0 0 0 0 0 0 0 0 0 0 0 0 0 0 0 0 0 0 0 0 0 0 0 0 0 0 0 0 0 0 0 0 0 0 0 0 0 
0 0 0 0 0 0 0 0 0 0 0 0 0 0 0 0 0 0 0 0 0 0 0 0 0 0 0 0 0 0 0 0 0 0 0 0 0 0 0 0 0 0 0 0 0 0 0 0 0 0 0 0 0 0 0 0 0 0 0 0 0 0 0 0 0 0 0 0 0 
0 0 0 0 0 0 0 0 0 0 0 0 0 0 0 0 0 0 0 0 0 0 0 0 0 0 0 0 0 0 0 0 0 0 0 0 0 0 0 0 0 0 0 0 0 0 0 0 0 0 0 0 0 0 0 0 0 0 0 0 0 0 0 0 0 0 0 0 0 
0 0 0 0 0 0 0 0 0 0 0 0 0 0 0 0 0 0 0 0 0 0 0 0 0 0 0 0 0 0 0 0 0 0 0 0 0 0 0 0 0 0 0 0 0 0 0 0 0 0 0 0 0 0 0 0 0 0 0 0 0 0 0 0 0 0 0 0 0 
0 0 0 0 0 0 0 0 0 0 0 0 0 0 0 0 0 0 0 0 0 0 0 0 0 0 0 0 0 0 0 0 0 0 0 0 0 0 0 0 0 0 0 0 0 0 0 0 0 0 0 0 0 0 0 0 0 0 0 0 0 0 0 0 0 0 0 0 0 
0 0 0 0 0 0 0 0 0 0 0 0 0 0 0 0 0 0 0 0 0 0 0 0 0 0 0 0 0 0 0 0 0 0 0 0 0 0 0 0 0 0 0 0 0 0 0 0 0 0 0 0 0 0 0 0 0 0 0 0 0 0 0 0 0 0 0 0 0 
0 0 0 0 0 0 0 0 0 0 0 0 0 0 0 0 0 0 0 0 0 0 0 0 0 0 0 0 0 0 0 0 0 0 0 0 0 0 0 0 0 0 0 0 0 0 0 0 0 0 0 0 0 0 0 0 0 0 0 0 0 0 0 0 0 0 0 0 0 
0 0 0 0 0 0 0 0 0 0 0 0 0 0 0 0 0 0 0 0 0 0 0 0 0 0 0 0 0 0 0 0 0 0 0 0 0 0 0 0 0 0 0 0 0 0 0 0 0 0 0 0 0 0 0 0 0 0 0 0 0 0 0 0 0 0 0 0 0 
0 0 0 0 0 0 0 0 0 0 0 0 0 0 0 0 0 0 0 0 0 0 0 0 0 0 0 0 0 0 0 0 0 0 0 0 0 0 0 0 0 0 0 0 0 0 0 0 0 0 0 0 0 0 0 0 0 0 0 0 0 0 0 0 0 0 0 0 0 
0 0 0 0 0 0 0 0 0 0 0 0 0 0 0 0 0 0 0 0 0 0 0 0 0 0 0 0 0 0 0 0 0 0 0 0 0 0 0 0 0 0 0 0 0 0 0 0 0 0 0 0 0 0 0 0 0 0 0 0 0 0 0 0 0 0 0 0 0 
0 0 0 0 0 0 0 0 0 0 0 0 0 0 0 0 0 0 0 0 0 0 0 0 0 0 0 0 0 0 0 0 0 0 0 1.47557e-05 2.29747e-06 0 0 0 0 0 0 0 0 0 0 0 0 0 0 0 0 0 0 0 0 0 0 0 0 0 0 0 0 0 0 0 0 
0 0 0 0 0 0 0 0 0 0 0 0 0 0 0 0 0 0 0 0 0 0 0 0 0 0 0 0 0 0 0 3.72131e-05 0.00017822 0 0 0.000864489 0.00045365 0 0.000127854 0.0005305 0 0 0 0 0 0 0 0 0 0 0 0 0 0 0 0 0 0 0 0 0 0 0 0 0 0 0 0 0 
0 0 0 0 0 0 0 0 0 0 0 0 0 0 0 0 0 0 0 0 0 0 0 0 0 0 0.000159671 8.34114e-05 0.00119597 0.000523404 5.39688e-05 0.000459863 0.000788992 0.000135257 2.02001e-05 9.30543e-05 0.00107294 0.000739652 0.000628374 0.000146061 0.000166958 0.000627311 6.52423e-05 0.000109436 0 0 0 0 0 0 0 0 0 0 0 0 0 0 0 0 0 0 0 0 0 0 0 0 0 
0 0 0 0 0 0 0 0 0 0 0 0 0 0 0 0 0 0 0 0 0 0 0 0 0 5.90792e-05 0.00100253 0.000458513 0.000582901 0.00140465 0.000328809 0.000809103 0.000524913 0.00160412 8.39043e-05 0 0.000887034 0.000963357 0.000604196 8.1474e-05 0.000634012 0.000111749 0.0013067 0.000963126 0.000246027 0 0 0 0 0 0 0 0 0 0 0 0 0 0 0 0 0 0 0 0 0 0 0 0 
0 0 0 0 0 0 0 0 0 0 0 0 0 0 0 0 0 0 0 0 0 0 3.72808e-05 0.00042446 0.00053812 0.000501766 0.000810806 0.00101722 0.000153858 0.000634033 1.2604e-05 0.000381393 0.000402495 0.000382714 0.000565952 0.00049544 0.000354475 0.000514779 0 9.73947e-06 9.16541e-05 0.000829667 0.00116699 0.000601665 0.00121429 4.61901e-05 0 0 0 0 0 0 0 0 0 0 0 0 0 0 0 0 0 0 0 0 0 0 0 
0 0 0 0 0 0 0 0 0 0 0 0 0 0 0 0 0 0 0 0 0 0 4.04445e-05 0.000965318 0.00139747 0.00145966 0.000454616 0.000849222 0.000647325 0 0.000161627 0.00131822 0 0.000634892 0.000472343 0.000217852 0.000862825 4.30708e-05 2.5374e-05 0.000672142 0.000121037 0.000512033 0.000507162 0.00155715 0.000895505 0.00085766 0.000423483 0 0 0 0 0 0 0 0 0 0 0 0 0 0 0 0 0 0 0 0 0 0 
0 0 0 0 0 0 0 0 0 0 0 0 0 0 0 0 0 0 0 0 1.10591e-05 0.000649415 2.90741e-06 0.000404892 0.000432193 0.00113311 0.000593645 0.000150053 0.000449051 0 0.000200761 0.000707931 0.000848174 0.000271269 0.000113331 0.00038289 0.00092315 8.41275e-05 0.00045295 0.000622241 0.000217633 0.000222274 0.000147041 8.60281e-05 0.000753634 0.000544776 0.000424947 9.23796e-06 0.000303342 0 0 0 0 0 0 0 0 0 0 0 0 0 0 0 0 0 0 0 0 
0 0 0 0 0 0 0 0 0 0 0 0 0 0 0 0 0 0 0 0 0.000546501 0.000858449 0.000322381 0.000494338 0.00118941 0.00091832 0.000551129 0.000499829 0.00111623 0.000803506 0.000470421 0.000152539 0.000743969 0.00139479 0.000634614 0.00023716 0.000180719 5.81377e-05 0.00110015 0.00126297 0.000340891 0.000630161 0.000398554 0.0012125 0.00091615 0.000446115 0 4.15894e-05 0.000524969 0 0 0 0 0 0 0 0 0 0 0 0 0 0 0 0 0 0 0 0 
0 0 0 0 0 0 0 0 0 0 0 0 0 0 0 0 0 0 0.000112789 0.000719737 0.000674452 0.000518913 0.000176607 0.000759857 0.000416974 0.000465761 0.000436785 0.00173909 0.00133697 0.000716809 0.00084367 0.000558522 0.00158848 0.00131781 0.0003643 0.000600739 0.00134204 0.000140533 0.000305785 0.00178894 0.00147024 0.00010386 0.000551382 0.000365447 0.000785444 0.00126439 0.000389045 0.000662404 0.000860997 0.000648064 0.000394256 8.96189e-05 0 0 0 0 0 0 0 0 0 0 0 0 0 0 0 0 0 
0 0 0 0 0 0 0 0 0 0 0 0 0 0 0 0 0 0 0.000156372 0.000327201 0.000682438 0.000181556 0 0.000952197 0.000957295 0.00105831 0.000906672 0.000883726 0.000908922 0.00125668 0.000222906 0.00262348 0.000958213 0.00129806 0.0016021 0.00152518 0.000857353 0.000184367 4.68344e-05 0.000464599 5.39604e-05 3.49615e-05 0.000378881 0.000722425 0.000928755 0.000834142 0.000594187 0.00118586 0.00167367 0.000599847 0.00155126 0.000750817 0 0 0 0 0 0 0 0 0 0 0 0 0 0 0 0 0 
0 0 0 0 0 0 0 0 0 0 0 0 0 0 0 0 0 0.000230709 0.000975016 0.00035059 0.000216135 9.13159e-05 0.000275171 0.000773136 0.000831713 0.000257662 0.000781434 5.95116e-05 0.000210157 0.000604184 0.000175655 0.000286295 0.000553059 0.000755773 0.00159811 0.00153557 6.97586e-05 0.000310967 0.00026992 0.000366878 0.000452414 0.000291269 0.000104083 0.00142971 0.0012732 0.000755891 0.000174853 0.000149268 0.000289911 0.000152435 0.00104697 0.000206914 0 0 0 0 0 0 0 0 0 0 0 0 0 0 0 0 0 
0 0 0 0 0 0 0 0 0 0 0 0 0 0 0 0 0 0.000462608 0.000252296 0.000116149 0.00125965 0.000210326 0.00087259 0.00138633 0.000214769 0.00058418 0.000125329 0 0.000142695 0.000691308 0.000427754 0.00027715 0.000430345 0.000328161 0.00111785 0.00112882 0.000141611 0.000883355 0.000821443 0.000519023 6.18311e-05 7.5599e-05 0.00051754 0.000155645 0.000689545 0.000572292 0.000246612 0.000183338 0.0004448 0.000320132 0.000774402 0.000310541 0.000230674 2.30357e-06 0 0 0 0 0 0 0 0 0 0 0 0 0 0 0 
0 0 0 0 0 0 0 0 0 0 0 0 0 0 0 0 0 0.000973085 0.00160865 0.00190509 0.00130258 0.000530392 0.000449887 0.000748283 0.000173596 0.000305999 0.000749909 0.000174178 0.000389945 0.000844587 0.00144333 0.00154665 0.000187918 0.00019402 0.000123372 0 0 6.25325e-05 0.000571295 0 2.96356e-05 0.00034656 0.000878229 0.000740507 0.000821218 6.06568e-05 0.000268423 0.000415155 0.0010319 0.000387753 0 0.000601092 0.00179698 0.000459156 0 0 0 0 0 0 0 0 0 0 0 0 0 0 0 
0 0 0 0 0 0 0 0 0 0 0 0 0 0 0 0 0.000198077 0.000185752 0.000371093 0.00103141 0.00115055 0.00147457 0.000214227 0.00137351 0.000969885 0.000679725 0.000754985 0.00123341 0.000241768 0.000867948 0.0047726 0.00301763 0.00393596 0.000789497 0.00094484 0.00117968 0.000635944 0.000569053 0.000150835 0.000463374 0.000436083 0.000566387 0.000976411 0.00128301 0.000715601 0.000174684 0.000787251 0.000173226 0.000987972 0.00178351 0.000208544 0.00285361 0.00254797 0.000287213 6.7773e-05 0 0 0 0 0 0 0 0 0 0 0 0 0 0 
0 0 0 0 0 0 0 0 0 0 0 0 0 0 0 0 0.000222619 0.000402707 0.000456971 0 0.000376529 0.00117305 0.00061916 0.0003813 0.00101073 0.000689361 0.000576392 0.00130349 9.3741e-05 2.46874e-06 0.000130583 0.000683773 0.00124705 0 5.84408e-05 0.00132788 0.00129295 0.00126896 0.000476692 0.000543466 0.000104421 0 0.00119609 0.000525487 0.000242176 0.00074154 0.000912605 0.000294619 0.000715471 0.000688419 0.000856963 0.00188507 0.00115939 0.00038986 0.000116247 0 0 0 0 0 0 0 0 0 0 0 0 0 0 
0 0 0 0 0 0 0 0 0 0 0 0 0 0 0 0 0 0.000726548 0.000606241 1.61511e-05 0.000547973 0.000458795 0 0.000527545 0.00083078 0.000149546 7.62935e-05 0.000217497 0.000350876 5.32486e-05 0 0.000345722 0.000935681 0 0 0 1.51764e-05 0.000113866 0.000847319 0.000650032 0.00199812 0.000406925 0.000441142 5.91789e-05 4.14882e-05 0.000305989 1.60002e-05 0.000533695 0.00029592 0.000265505 0.000721866 0.000220953 0.000155363 0.000327544 0.000863019 0.000157108 0 0 0 0 0 0 0 0 0 0 0 0 0 
0 0 0 0 0 0 0 0 0 0 0 0 0 0 0 0 0 0.000914014 0.001334 0.000923156 0.0006335 0.000556737 0.000402182 0.000272199 0.000859616 0.000671217 0.000273509 0.000106055 0.00127242 0.0010096 0.001017 0.000374882 0.000424518 0.000133567 0.000266455 0.000780612 0.000189905 0 0.000191013 7.35174e-05 0.000208727 0.000264058 0.00104775 0.00105932 2.80728e-05 0.00128542 1.38649e-05 0.000475804 0.000596877 0.00133436 0.000976979 0.000691861 0.00059284 0.0009019 0.000862563 0.000390421 0 0 0 0 0 0 0 0 0 0 0 0 0 
0 0 0 0 0 0 0 0 0 0 0 0 0 0 0 0 0.000363493 0.000438749 0.00041059 0.000797205 0.00048298 0.000202291 0.000629136 0.000428106 0.00132444 0.00241332 0.000775736 7.69929e-05 0.000527606 0.00237871 0.00156323 0.000878486 0.000369829 0.00063544 0.000842294 0.000572294 0.000173381 0.000193179 0.000666432 0.00022175 0 8.91536e-05 0.0025115 0.000426171 0.000148075 0.00239601 7.32645e-05 0.000123064 0.000426503 0.000806679 0.000281261 0.000328195 0.0004648 0.000807662 0.000213947 5.35278e-05 0 0 0 0 0 0 0 0 0 0 0 0 0 
0 0 0 0 0 0 0 0 0 0 0 0 0 0 0 0 0.000312714 0.000449318 0.000973399 0.00074988 0.000285279 0.000534439 0.000270942 0.000682558 9.78839e-05 0.00124192 0.000850997 0.00202137 0.000923787 0.000162774 0.00103052 0.00051623 0.000649144 0.000546313 0.00127618 0.000181735 0.000682031 0.00139036 0.00114619 0.000773305 4.47174e-05 7.07276e-06 0.00185656 0.000835029 0.000339819 0.000701173 5.56253e-06 0 0.000132477 0.000587619 4.36468e-05 0.000158386 0.000587642 0.00163769 0.000411772 0 0 0 0 0 0 0 0 0 0 0 0 0 0 
0 0 0 0 0 0 0 0 0 0 0 0 0 0 0 0.000146058 0.00139579 0.000804157 0.00051769 0.00081165 0.000604962 0.000687393 0.000652632 0.00034437 7.83698e-05 0.00116735 0.001829 0.00147177 0.000656035 0.000251182 0.000427152 0.000102368 0.000289017 0.000253762 0.0017495 0.00614174 0.00105203 0.00117251 0.000803457 0.00057101 0.000147392 0.000153466 0.000796343 0.000737968 0.000891144 0.000779679 0.00200298 0.000803425 0.000882196 0.000464227 0.000513125 0.000320113 0.00119932 0.000657703 0.0001838 0 0 0 0 0 0 0 0 0 0 0 0 0 0 
0 0 0 0 0 0 0 0 0 0 0 0 0 0 0.000308708 0.00143428 0.00110486 0.00134662 0.000329739 0.000623758 0.00207043 0.00127933 0.00091946 0.000169013 5.98643e-05 0.000170707 0.0018588 0.00048351 0.000597807 0.000207937 0.000965164 0.0233291 0.00668667 0.00167544 0.0329273 0.117614 0.0190567 0.00131082 0.00090568 0.000363147 0.000486292 0.000271596 0.00040165 0.000468204 0.00096329 0.00150714 0.00111574 0.0010268 0.000417247 0.000144917 0.000463884 0.000549866 0.00166977 0.000112556 0.000306195 1.56646e-05 0 0 0 0 0 0 0 0 0 0 0 0 0 
0 0 0 0 0 0 0 0 0 0 0 0 0 0 0.000946007 0.000758968 0.000477355 0.00148123 0.000369939 0.00122527 0.00266944 0.00314472 0.00105981 8.44714e-05 0.000445469 0.00109399 0.00159714 0.000331907 0.000221261 4.73098e-05 0.000318185 0.0736441 0.0815221 0.0284593 0.088566 0.372542 0.226213 0.00562151 0 0 0 0.000115134 0.000584001 0.000799655 0.00167364 0.00163434 0.00105149 0.000498138 6.84801e-05 7.04199e-05 0.000530066 0.00071262 0.000981626 0.0011865 0.00125384 0.000842037 0.000166799 0 0 0 0 0 0 0 0 0 0 0 0 
0 0 0 0 0 0 0 0 0 0 0 0 0 0 0.000702045 0.000464223 0.000699906 2.43092e-05 9.84295e-05 0.000564777 0.000538527 0.00214772 0.00121325 0.000237791 2.54904e-05 0.000157979 0.000131188 2.06687e-05 0.000301828 0.000381121 0.000479257 0.012477 0.0706585 0.124005 0.140196 0.14663 0.165064 0.0266768 0.000759945 0.000161101 0.000966097 9.86284e-05 0.000339306 0.00055137 0.000182786 0.000727977 0.000278797 0.000942342 0.000729679 0.000510602 0.00118446 0.000624396 0.00035984 0.00141585 0.00101352 0.000441769 6.89279e-06 0 0 0 0 0 0 0 0 0 0 0 0 
0 0 0 0 0 0 0 0 0 0 0 0 0 0 7.05323e-05 0.00098653 0.000293432 1.14009e-06 8.90667e-05 0.000366567 0.000588139 0.00143766 0.000272941 0.000535402 0.00108056 0.0017954 0.000625088 0.000678513 0.000773543 0.000601165 0.000901689 0.000390762 0.00053065 0.00230404 0.000807846 0.00155805 0.0608978 0.0228803 3.96268e-05 0.000706503 0.000784558 0.00114125 0.00141194 0.000624151 0.0017912 0.00101814 0 0.000111198 0.000148772 0.000380853 0.000432667 0.00095391 0.000303919 0.000606767 0.000443254 0.000177522 0 0 0 0 0 0 0 0 0 0 0 0 0 
0 0 0 0 0 0 0 0 0 0 0 0 0 0 3.73636e-05 0.000284493 0.000576287 6.50201e-05 0.000534464 0.000162927 0.000655356 0.000745257 0.000256361 0.000558672 0.00140156 0.000448183 0.000161901 0.000597341 0.000329569 0.000295486 0.000117646 0 0.000346902 0.000779478 0.000662583 0 0.0014157 0.000707229 0.000535843 0.000433398 0.00024478 0.000800677 0.000799422 0.000488996 0.000464634 0.00117894 0.000322371 0.000188151 0.000101605 0.00219076 0.00107629 0.00133877 0.000803529 0.000191274 0.00127695 0.000880447 7.65788e-06 0 0 0 0 0 0 0 0 0 0 0 0 
0 0 0 0 0 0 0 0 0 0 0 0 0 0 0.00031373 0.000424307 0.000314913 0.00124654 0.000442418 0.000374725 0.000281234 0.00126906 0.000183575 0.000489945 0.000341376 0.000319256 0.000135512 0.000602858 0.000728108 0.000363399 0.000220505 0.00018182 0.000935522 0.00160461 0.000324422 0.00071534 0.00144751 0.000998261 0.00127167 0.000874917 5.69589e-05 0.000771165 0.000508465 0.00132821 0.000735543 0.00109546 0.000761625 0.000445995 0.000321611 0.00139302 0.000677587 0.000421323 0.00130376 0.00024065 0.000722106 0.000467874 5.5419e-06 0 0 0 0 0 0 0 0 0 0 0 0 
0 0 0 0 0 0 0 0 0 0 0 0 0 0 2.68382e-05 3.62975e-05 6.33716e-05 0.000579153 4.86465e-05 0.000188089 7.26636e-05 0.000556316 0.000822717 0.00100908 0.000369712 0.00144001 0.00129575 0.00233084 0.00206475 0.000412085 0.000989972 0.000457336 0.000327139 0.000428881 0.000788575 0.00072711 0.000635109 1.3566e-05 0.000656887 0.00155675 0.000523458 0.000849184 0.000145072 0.0011794 0.000823965 0.00227591 0.000720649 0.0010591 0.00202486 0.00115774 0.00121298 0.000803226 0.000271579 0.00256639 0.000949685 0.000197166 0 0 0 0 0 0 0 0 0 0 0 0 0 
0 0 0 0 0 0 0 0 0 0 0 0 0 0 0 0.000242826 0.000281614 0.000118617 0.00130428 0.00152008 0.00069525 0.00101435 0.000595086 0.00037307 0.00025091 0.000761131 0.00218 0.00121508 0.000328176 5.70634e-05 0.000574166 0.000621123 0.000699328 0.000720255 0.00412771 0.00201763 0.00184553 0.000614768 0.00112457 0.000963886 0.000833456 0.00158604 0.000669579 0.000836403 0.00105715 0.000815908 0.000236945 0.000229081 0.00102023 0.000274637 0.000498114 0.000342516 0.000582296 0.000895448 0.000109859 0 0 0 0 0 0 0 0 0 0 0 0 0 0 
0 0 0 0 0 0 0 0 0 0 0 0 0 0 0 0.000888334 0.000790078 0.000344474 0.000789179 0.00244939 0.00104589 0.000463011 0.000103136 0 0.000731679 0.00105954 0.00139767 0.000870719 0.000543214 2.61167e-06 5.66739e-05 0.000352595 0.00120752 0.000756572 0.000947932 0.00039203 0.00114226 0.000603666 0.000276372 0.000554375 0.000315853 0.000578996 0.00118721 0.000853894 0.000553708 0.000680552 0.000591182 0.00113546 0.000626884 0.000144891 0.00107279 0.000210489 0.000191025 6.85332e-05 9.73818e-06 0 0 0 0 0 0 0 0 0 0 0 0 0 0 
0 0 0 0 0 0 0 0 0 0 0 0 0 0 0 0.000268445 0.00063306 0.000419175 0.000103084 0 0.000340736 0.000606751 0.000564639 7.71892e-05 0.000393125 0.000239638 0.00092393 0.00110928 0.00123353 8.22888e-05 0 0.0001508 0.00248775 0.000872875 0.000430872 0 0 0.00142395 0.0012518 0.00114854 0.000622915 0.000891243 0.00218519 0.00327307 0.000572552 0.00144575 0.00108055 0.00192573 0.000242903 0.000365758 0.000333917 0.000690498 0.000164745 0.000632961 8.99401e-05 0 0 0 0 0 0 0 0 0 0 0 0 0 0 
0 0 0 0 0 0 0 0 0 0 0 0 0 0 0 0 0.000352406 0.000283833 0.000293097 0.000225181 0.00021059 0.000978092 0.00263856 0.00107862 0.000206064 6.07068e-06 0.00114018 0.000337849 0.000993193 0.000319152 1.51986e-05 0.000420327 0.00106739 0.000509151 0.00104448 0.000159718 0.000173177 0.000381326 0.00128667 0.000684866 8.90548e-05 0.000592666 0.00102412 0.000735349 0.000856656 0.000957416 0.0010098 4.48876e-05 0 0.00105517 0.00107593 0.00076679 0.000289909 0.00108658 1.46958e-05 0 0 0 0 0 0 0 0 0 0 0 0 0 0 
0 0 0 0 0 0 0 0 0 0 0 0 0 0 0 0 0.00083604 0.000621617 0.000614993 0.000637514 0.000992866 0.00151772 0.00201447 0.0011589 0.000249123 0.000490302 0.000389042 0.000114705 0.000442224 0.000365508 0.000679193 0.000741606 0.000539526 0.000345599 0.000561381 0.000862179 0.00089571 0.000467204 0.00104429 0.000111269 0 8.66308e-05 0.000401633 0.000662949 0.000581889 0.00019632 4.88488e-05 0.000247383 0.000341486 0.000806421 0.000930196 0.000486651 0.000142762 0.00033392 1.65714e-06 0 0 0 0 0 0 0 0 0 0 0 0 0 0 
0 0 0 0 0 0 0 0 0 0 0 0 0 0 0 0 0.000446565 0.00109004 0.00088534 0.00108159 0.00239753 0.00163676 0.00353742 0.000469872 0.000618089 0.00092723 0.000685146 0.000352499 0.000131924 0.000716438 0.00167787 0.00179271 0.00097574 0.000303274 0 0.000595228 0.000607342 0.000255178 0.000881475 0.00119203 0.000753404 0.00108796 0.000619807 0.000881884 0.00100714 0.000521886 6.89649e-05 0.000636794 0.000926864 0.000277402 0.00102308 0.000442123 0.000660681 5.88545e-05 0 0 0 0 0 0 0 0 0 0 0 0 0 0 0 
0 0 0 0 0 0 0 0 0 0 0 0 0 0 0 0 0 0 0.000804929 0.00125282 0.000498222 0.00177954 0.0011285 0.000500358 0.000235883 0 0.000320362 0.0010344 0.000703936 0.000962847 0.000206256 0.00220781 0.000365605 0.000197919 0 0.00033226 0.000794767 9.67226e-05 9.75682e-05 0.000944622 0.00211988 0.00119039 0.000449416 0 0.000402809 0.000683885 0.000694611 7.9346e-05 0.000123728 0.000118123 0.00029064 0.000840568 0 0 0 0 0 0 0 0 0 0 0 0 0 0 0 0 0 
0 0 0 0 0 0 0 0 0 0 0 0 0 0 0 0 0 0 0.000328491 0.000442419 0.000464618 0.000152232 0.000642592 0.000661757 0.00101318 0.000360456 0.000389512 0.00190449 0.000287045 0.00039959 0.000235268 0.00107516 0.000360179 0.000313154 0.000532928 3.0604e-07 0.000148728 2.72191e-05 0.000103564 0.000472794 0.00191269 0.00150151 0 0 0.000569363 0.00113988 0.00144676 5.97565e-07 5.28568e-07 0.000162969 0.0001362 0 0 0 0 0 0 0 0 0 0 0 0 0 0 0 0 0 0 
0 0 0 0 0 0 0 0 0 0 0 0 0 0 0 0 0 0 0 0.000159396 0.000588975 0.00179058 0.00101477 0.00126026 0.000688418 0.00108853 0.000187716 0.00104288 0.000535606 0.000360235 0.000248894 0.00111181 0.00126992 0.00042322 0.00167137 0.000499541 0.000386259 0.000431234 0.000366907 0.00101449 0.00112411 0.000408327 0 5.52568e-05 0.00035449 0.000541665 0 0.000424532 0.000498691 0.000913865 0.000228543 0 0 0 0 0 0 0 0 0 0 0 0 0 0 0 0 0 0 
0 0 0 0 0 0 0 0 0 0 0 0 0 0 0 0 0 0 0 0.000217607 0.00131597 0.00025857 0.00143517 0.0010983 0.000531545 0.000866536 0.000248695 0.000370768 0.000105515 0.000230953 0.000416712 0.000816774 0.00185895 0.00079356 0.00084628 0.000995516 0.000874703 0.000205397 0.000788565 0.00092408 0.00124883 0.000633759 0.000437101 0.000917672 0.000520965 0.000437746 0.000173691 0.000530007 6.06405e-06 3.15275e-05 0 0 0 0 0 0 0 0 0 0 0 0 0 0 0 0 0 0 0 
0 0 0 0 0 0 0 0 0 0 0 0 0 0 0 0 0 0 0 0 0.000146102 4.24727e-06 0.00110147 0.00107812 0.00162549 0.000871546 0.000717429 0.000430406 2.46289e-05 0.00037775 0.00168404 0.000844362 0.000734069 0.000792613 0.00109824 0.000104277 0.000389803 0.000240591 7.82544e-05 0 0.000185789 0.000136773 0.000281144 0.00100108 0.000371767 0.000845181 0.000883984 0.000258952 0 0 0 0 0 0 0 0 0 0 0 0 0 0 0 0 0 0 0 0 0 
0 0 0 0 0 0 0 0 0 0 0 0 0 0 0 0 0 0 0 0 0 0 0.000251503 0.000449926 0.000678155 0.000387983 0.000137807 0.000621694 0.000368738 0.000589134 0.000750703 0.00118063 0.000631313 0.00077841 0.000326352 0.000669245 0.000476863 0.00144422 0.00012557 0.00114192 0.000992545 0.00115634 0.000325268 0.000804867 0.000150761 0.00044416 0.000263651 8.51147e-05 0 0 0 0 0 0 0 0 0 0 0 0 0 0 0 0 0 0 0 0 0 
0 0 0 0 0 0 0 0 0 0 0 0 0 0 0 0 0 0 0 0 0 0 0 0.000266113 0.00119758 0.00134873 0.000283434 0.000588435 0.000665234 0.00062817 0.000446417 0.00276193 0.00109277 0.000531744 0.000837073 0.000380483 0.00144643 0.000670077 0.00108585 0.00192961 0.000784699 0.00071439 0.000299982 4.66927e-05 0.000249584 0.000262141 0 0 0 0 0 0 0 0 0 0 0 0 0 0 0 0 0 0 0 0 0 0 0 
0 0 0 0 0 0 0 0 0 0 0 0 0 0 0 0 0 0 0 0 0 0 0 0 7.19396e-05 0.000119566 0.000645927 0.00155625 0.000882779 0.000238057 0.000493077 0.000756264 0.000497393 4.49834e-05 2.10581e-05 0.000254546 0.000508676 0.000605962 0.000981641 0.00141053 0.000749128 0.000592151 0.000901298 0 0 0 0 0 0 0 0 0 0 0 0 0 0 0 0 0 0 0 0 0 0 0 0 0 0 
0 0 0 0 0 0 0 0 0 0 0 0 0 0 0 0 0 0 0 0 0 0 0 0 0 0 6.80384e-05 0.000881099 0.00116731 0.000631084 1.1834e-05 0.00127202 0.000575697 0.00114963 0.000132471 0.00133413 0.000450715 0.00198501 0.00111372 0.0010533 0.000597956 0.000624056 0.000706061 0 0 0 0 0 0 0 0 0 0 0 0 0 0 0 0 0 0 0 0 0 0 0 0 0 0 
0 0 0 0 0 0 0 0 0 0 0 0 0 0 0 0 0 0 0 0 0 0 0 0 0 0 0 0 2.18684e-05 1.11926e-05 1.04602e-06 0.000672777 0.000588 0.00038377 1.97471e-06 7.37243e-05 0.000471172 0.000556986 0.00037898 2.73966e-05 0.000128805 0 0 0 0 0 0 0 0 0 0 0 0 0 0 0 0 0 0 0 0 0 0 0 0 0 0 0 0 
0 0 0 0 0 0 0 0 0 0 0 0 0 0 0 0 0 0 0 0 0 0 0 0 0 0 0 0 0 0 0 0 0 0 0 0 0 0 0 0 0 0 0 0 0 0 0 0 0 0 0 0 0 0 0 0 0 0 0 0 0 0 0 0 0 0 0 0 0 
0 0 0 0 0 0 0 0 0 0 0 0 0 0 0 0 0 0 0 0 0 0 0 0 0 0 0 0 0 0 0 0 0 0 0 0 0 0 0 0 0 0 0 0 0 0 0 0 0 0 0 0 0 0 0 0 0 0 0 0 0 0 0 0 0 0 0 0 0 
0 0 0 0 0 0 0 0 0 0 0 0 0 0 0 0 0 0 0 0 0 0 0 0 0 0 0 0 0 0 0 0 0 0 0 0 0 0 0 0 0 0 0 0 0 0 0 0 0 0 0 0 0 0 0 0 0 0 0 0 0 0 0 0 0 0 0 0 0 
0 0 0 0 0 0 0 0 0 0 0 0 0 0 0 0 0 0 0 0 0 0 0 0 0 0 0 0 0 0 0 0 0 0 0 0 0 0 0 0 0 0 0 0 0 0 0 0 0 0 0 0 0 0 0 0 0 0 0 0 0 0 0 0 0 0 0 0 0 
0 0 0 0 0 0 0 0 0 0 0 0 0 0 0 0 0 0 0 0 0 0 0 0 0 0 0 0 0 0 0 0 0 0 0 0 0 0 0 0 0 0 0 0 0 0 0 0 0 0 0 0 0 0 0 0 0 0 0 0 0 0 0 0 0 0 0 0 0 
0 0 0 0 0 0 0 0 0 0 0 0 0 0 0 0 0 0 0 0 0 0 0 0 0 0 0 0 0 0 0 0 0 0 0 0 0 0 0 0 0 0 0 0 0 0 0 0 0 0 0 0 0 0 0 0 0 0 0 0 0 0 0 0 0 0 0 0 0 
0 0 0 0 0 0 0 0 0 0 0 0 0 0 0 0 0 0 0 0 0 0 0 0 0 0 0 0 0 0 0 0 0 0 0 0 0 0 0 0 0 0 0 0 0 0 0 0 0 0 0 0 0 0 0 0 0 0 0 0 0 0 0 0 0 0 0 0 0 
0 0 0 0 0 0 0 0 0 0 0 0 0 0 0 0 0 0 0 0 0 0 0 0 0 0 0 0 0 0 0 0 0 0 0 0 0 0 0 0 0 0 0 0 0 0 0 0 0 0 0 0 0 0 0 0 0 0 0 0 0 0 0 0 0 0 0 0 0 
0 0 0 0 0 0 0 0 0 0 0 0 0 0 0 0 0 0 0 0 0 0 0 0 0 0 0 0 0 0 0 0 0 0 0 0 0 0 0 0 0 0 0 0 0 0 0 0 0 0 0 0 0 0 0 0 0 0 0 0 0 0 0 0 0 0 0 0 0 
0 0 0 0 0 0 0 0 0 0 0 0 0 0 0 0 0 0 0 0 0 0 0 0 0 0 0 0 0 0 0 0 0 0 0 0 0 0 0 0 0 0 0 0 0 0 0 0 0 0 0 0 0 0 0 0 0 0 0 0 0 0 0 0 0 0 0 0 0 
0 0 0 0 0 0 0 0 0 0 0 0 0 0 0 0 0 0 0 0 0 0 0 0 0 0 0 0 0 0 0 0 0 0 0 0 0 0 0 0 0 0 0 0 0 0 0 0 0 0 0 0 0 0 0 0 0 0 0 0 0 0 0 0 0 0 0 0 0 
0 0 0 0 0 0 0 0 0 0 0 0 0 0 0 0 0 0 0 0 0 0 0 0 0 0 0 0 0 0 0 0 0 0 0 0 0 0 0 0 0 0 0 0 0 0 0 0 0 0 0 0 0 0 0 0 0 0 0 0 0 0 0 0 0 0 0 0 0 
0 0 0 0 0 0 0 0 0 0 0 0 0 0 0 0 0 0 0 0 0 0 0 0 0 0 0 0 0 0 0 0 0 0 0 0 0 0 0 0 0 0 0 0 0 0 0 0 0 0 0 0 0 0 0 0 0 0 0 0 0 0 0 0 0 0 0 0 0 
