0 0 0 0 0 0 0 0 0 0 0 0 0 0 0 0 0 0 0 0 0 0 0 0 0 0 0 0 0 0 0 0 0 0 0 0 0 0 0 0 0 0 0 0 0 0 0 0 0 0 0 0 0 0 0 0 0 0 0 0 0 0 0 0 0 0 0 0 0 
0 0 0 0 0 0 0 0 0 0 0 0 0 0 0 0 0 0 0 0 0 0 0 0 0 0 0 0 0 0 0 0 0 0 0 0 0 0 0 0 0 0 0 0 0 0 0 0 0 0 0 0 0 0 0 0 0 0 0 0 0 0 0 0 0 0 0 0 0 
0 0 0 0 0 0 0 0 0 0 0 0 0 0 0 0 0 0 0 0 0 0 0 0 0 0 0 0 0 0 0 0 0 0 0 0 0 0 0 0 0 0 0 0 0 0 0 0 0 0 0 0 0 0 0 0 0 0 0 0 0 0 0 0 0 0 0 0 0 
0 0 0 0 0 0 0 0 0 0 0 0 0 0 0 0 0 0 0 0 0 0 0 0 0 0 0 0 0 0 0 0 0 0 0 0 0 0 0 0 0 0 0 0 0 0 0 0 0 0 0 0 0 0 0 0 0 0 0 0 0 0 0 0 0 0 0 0 0 
0 0 0 0 0 0 0 0 0 0 0 0 0 0 0 0 0 0 0 0 0 0 0 0 0 0 0 0 0 0 0 0 0 0 0 0 0 0 0 0 0 0 0 0 0 0 0 0 0 0 0 0 0 0 0 0 0 0 0 0 0 0 0 0 0 0 0 0 0 
0 0 0 0 0 0 0 0 0 0 0 0 0 0 0 0 0 0 0 0 0 0 0 0 0 0 0 0 0 0 0 0 0 0 0 0 0 0 0 0 0 0 0 0 0 0 0 0 0 0 0 0 0 0 0 0 0 0 0 0 0 0 0 0 0 0 0 0 0 
0 0 0 0 0 0 0 0 0 0 0 0 0 0 0 0 0 0 0 0 0 0 0 0 0 0 0 0 0 0 0 0 0 0 0 0 0 0 0 0 0 0 0 0 0 0 0 0 0 0 0 0 0 0 0 0 0 0 0 0 0 0 0 0 0 0 0 0 0 
0 0 0 0 0 0 0 0 0 0 0 0 0 0 0 0 0 0 0 0 0 0 0 0 0 0 0 0 0 0 0 0 0 0 0 0 0 0 0 0 0 0 0 0 0 0 0 0 0 0 0 0 0 0 0 0 0 0 0 0 0 0 0 0 0 0 0 0 0 
0 0 0 0 0 0 0 0 0 0 0 0 0 0 0 0 0 0 0 0 0 0 0 0 0 0 0 0 0 0 0 0 0 0 0 0 0 0 0 0 0 0 0 0 0 0 0 0 0 0 0 0 0 0 0 0 0 0 0 0 0 0 0 0 0 0 0 0 0 
0 0 0 0 0 0 0 0 0 0 0 0 0 0 0 0 0 0 0 0 0 0 0 0 0 0 0 0 0 0 0 0 0 0 0 0 0 0 0 0 0 0 0 0 0 0 0 0 0 0 0 0 0 0 0 0 0 0 0 0 0 0 0 0 0 0 0 0 0 
0 0 0 0 0 0 0 0 0 0 0 0 0 0 0 0 0 0 0 0 0 0 0 0 0 0 0 0 0 0 0 0 0 0 0 0 0 0 0 0 0 0 0 0 0 0 0 0 0 0 0 0 0 0 0 0 0 0 0 0 0 0 0 0 0 0 0 0 0 
0 0 0 0 0 0 0 0 0 0 0 0 0 0 0 0 0 0 0 0 0 0 0 0 0 0 0 0 0 0 0 0 0 0 0 0 0 0 0 0 0 0 0 0 0 0 0 0 0 0 0 0 0 0 0 0 0 0 0 0 0 0 0 0 0 0 0 0 0 
0 0 0 0 0 0 0 0 0 0 0 0 0 0 0 0 0 0 0 0 0 0 0 0 0 0 0 0 0 0 0 0 0 0 0 0 0 0 0 0 0 0 0 0 0 0 0 0 0 0 0 0 0 0 0 0 0 0 0 0 0 0 0 0 0 0 0 0 0 
0 0 0 0 0 0 0 0 0 0 0 0 0 0 0 0 0 0 0 0 0 0 0 0 0 0 0 0 0 0 0 0 0 0 0 0 0 0 0 0 0 0 0 0 0 0 0 0 0 0 0 0 0 0 0 0 0 0 0 0 0 0 0 0 0 0 0 0 0 
0 0 0 0 0 0 0 0 0 0 0 0 0 0 0 0 0 0 0 0 0 0 0 0 0 0 0 0 0 0 0 0.000302142 0.000599616 0.000717762 0.000772699 8.06893e-05 0 0.000249794 0.00026869 0 2.80868e-05 0.000122927 0 0 0 0 0 0 0 0 0 0 0 0 0 0 0 0 0 0 0 0 0 0 0 0 0 0 0 
0 0 0 0 0 0 0 0 0 0 0 0 0 0 0 0 0 0 0 0 0 0 0 0 0 0 0 7.10823e-05 0.000748448 0.000572852 0.000412438 0.000922452 0.000781173 0.000209886 0.0010537 0.000842739 0.000228571 0.00126759 0.000773611 0.000350872 0.000120922 0.000754689 0.000127804 0 0 0 0 0 0 0 0 0 0 0 0 0 0 0 0 0 0 0 0 0 0 0 0 0 0 
0 0 0 0 0 0 0 0 0 0 0 0 0 0 0 0 0 0 0 0 0 0 0 0 0 0.000450294 0.000552339 2.36661e-05 0.000382346 0.00117222 0.00107481 0.000402122 0.00227854 0.000374276 0.000304542 3.92506e-05 5.846e-05 0.00122655 0.00165862 0.00148607 1.69298e-05 0.000770732 0.000631162 2.43793e-05 0.000661331 0 0 0 0 0 0 0 0 0 0 0 0 0 0 0 0 0 0 0 0 0 0 0 0 
0 0 0 0 0 0 0 0 0 0 0 0 0 0 0 0 0 0 0 0 0 0 0 0.000455465 0.000542439 0.000944345 0.000617928 0.000390676 0.00112336 0.00111084 0.0009777 0.000860581 0.00036441 6.6795e-05 0 0 0.000360428 0.00100606 0.000541008 0.000505721 0.000180524 0.00168996 0.00192947 0.000512333 0.000294521 0.000110298 0.000370917 0 0 0 0 0 0 0 0 0 0 0 0 0 0 0 0 0 0 0 0 0 0 
0 0 0 0 0 0 0 0 0 0 0 0 0 0 0 0 0 0 0 0 0 0 0.000236507 0.000451113 0.00131273 0.000686693 0.000410063 4.70101e-05 0.000922386 0.000477837 0.000766884 0.000439237 0.000698807 0 0.000655608 7.19958e-06 0.000202852 0.000491552 0.000526562 0.00134872 0.00133748 0.000714634 0.000681405 0.000827654 0.000334645 0.00122028 0.000333489 0.000172362 0.000124794 0 0 0 0 0 0 0 0 0 0 0 0 0 0 0 0 0 0 0 0 
0 0 0 0 0 0 0 0 0 0 0 0 0 0 0 0 0 0 0 0 0.000109315 0.000484739 0.0011838 0.000579376 0.000178348 0.000616264 0.000352932 3.98307e-05 0.00159344 0.000470217 0.000442716 0.000154886 0.000316787 0.000957882 0.000393662 0.000473533 0.000870446 0.00013831 0.00104128 0.000359004 0.00040923 0.000130664 0.00101756 0.00023593 4.57421e-05 0.00079431 0.000637578 0.00207944 0.000662135 0 0 0 0 0 0 0 0 0 0 0 0 0 0 0 0 0 0 0 0 
0 0 0 0 0 0 0 0 0 0 0 0 0 0 0 0 0 0 0 0 0.000223529 0.00164719 0.000954993 0.000728604 0.00149556 0.000565702 0.000165452 0.00100904 0.000808038 0.000929683 0.000561509 0.000136843 0.00133598 0.00161672 0.000435154 0.00183491 0.00191241 0.000140685 0.000688669 0.000351455 0.000414982 0.000808756 0.00152129 0.000398399 6.29965e-05 0 0.00141208 0.00144333 0.00120261 0.000658873 0 0 0 0 0 0 0 0 0 0 0 0 0 0 0 0 0 0 0 
0 0 0 0 0 0 0 0 0 0 0 0 0 0 0 0 0 0 0 0.000210411 0.000189516 0.000700678 0.00183011 0.00102701 0.000891851 0.000483554 0.00069666 0.000821083 0.000955288 0.000614924 8.72038e-05 0.000924953 0.000805759 1.74579e-05 0.000129254 0.0015316 0.000417031 0.000133028 0.00146235 0.00159632 0.000868479 0.000449017 0.00267641 0.000831501 0.000661406 0.000538203 0.000319149 0.000701055 0.00138672 0.000600617 0.000122959 0 0 0 0 0 0 0 0 0 0 0 0 0 0 0 0 0 0 
0 0 0 0 0 0 0 0 0 0 0 0 0 0 0 0 0 0 0 0.000323979 0.000349587 0.000535608 0 0 0.00104359 0.000901567 0.000668246 0.00105167 0.000304874 0.000202955 0.0013923 0.000369025 0.000676076 0.000187871 2.57685e-05 0.000537735 0.000627294 0.000620787 0.00227213 0.000726559 0.000151158 0.000649521 0.000592515 0.000593086 0.000702282 0.000264952 5.87863e-05 0.000555544 0.000510404 0.000313034 0.00056709 0 0 0 0 0 0 0 0 0 0 0 0 0 0 0 0 0 0 
0 0 0 0 0 0 0 0 0 0 0 0 0 0 0 0 0 0 0 3.85399e-05 0.0010165 0.000592659 0.000330811 0.0003252 0.00177224 0.000204342 0.000200926 0.000740732 0.00109263 0.00094095 0.00339461 0.000116095 0.000434866 0.00108408 0.00080982 0.000681517 0.000641323 0.000749701 0.000184576 0.000228655 0.00102137 0.000179842 0.000782038 0.000627907 0.00101911 0.000762036 0.00115465 0.000777811 0.000641791 0.00140162 0.000511548 0 0 0 0 0 0 0 0 0 0 0 0 0 0 0 0 0 0 
0 0 0 0 0 0 0 0 0 0 0 0 0 0 0 0 0 0 9.47902e-05 0.000134475 0.00127458 0.00157602 0.00122735 0.000293973 0.00120652 0.000440753 0.000517871 0.000174843 0.000734631 0.0019736 0.00104941 0.00059422 0.000360787 0.00112017 0.00150019 0.000322846 0.000539011 0.00150254 0.00019247 0.000568446 0.000824266 0.000915067 0.00112156 0.000998458 0.000975488 0.00149149 0.00083162 0.000538086 0.00068374 0.000549438 0 0.000697392 0.000470431 0 0 0 0 0 0 0 0 0 0 0 0 0 0 0 0 
0 0 0 0 0 0 0 0 0 0 0 0 0 0 0 0 0 0 0.000272638 0.000664995 0.00091822 0.0012615 0.000608419 0.000303748 0.000776741 0.000262836 0.000916365 0.000265782 1.91544e-05 0.00125286 0.00197232 0.00145858 0.000605681 0.000105149 7.42874e-05 0.0013777 0.000245477 0.000319924 0.000784793 0.00166068 0.00024725 0.000881702 0.00103212 0.00041899 0.000327714 0.00129679 0.000536533 0.000906217 0.00048514 0.000740858 0 0.000651268 0.000236604 5.55068e-05 0 0 0 0 0 0 0 0 0 0 0 0 0 0 0 
0 0 0 0 0 0 0 0 0 0 0 0 0 0 0 0 3.68303e-06 0.000352835 0.00115615 0.000216075 0.000922534 0.000896677 0.000456611 0.000878932 0.000705921 0.000959813 0.000249394 0.000135136 0.00031997 0.00232192 0.0012903 0.000844096 0.000120491 0.000617542 0.00170689 0.000366866 7.50967e-05 0.000209003 0.00027413 0.00123767 0.000127194 0.000804629 0.00107862 9.01437e-05 0.000384824 0.000686215 0.000411883 0.000956338 0.00103219 0.00102227 0.000316445 0.00152301 0.000592171 0.000691824 0.000151124 0 0 0 0 0 0 0 0 0 0 0 0 0 0 
0 0 0 0 0 0 0 0 0 0 0 0 0 0 0 0 0.000478583 0.00229387 0.00208151 0.000425658 7.6361e-05 0.00104659 0.00117211 0.00120263 0.00095198 0.000430838 0 0.000199085 0.000607193 0.00231506 0.000746389 0.00170858 0.000499014 0.000398326 0.000794426 0.000703755 0.000307137 0.000890954 0.000789802 0.000457659 0.000963722 0.000892321 0.00208069 0.00091454 0.000169622 0.000165463 8.36503e-05 0.000441609 0.0014651 0.000682364 0.00023009 0.00200806 0.000636813 0.00200048 0.000664461 0 0 0 0 0 0 0 0 0 0 0 0 0 0 
0 0 0 0 0 0 0 0 0 0 0 0 0 0 3.13636e-05 0.00115239 0.000959471 0.001385 0.00182776 0.000434848 0.000469667 0.000583064 0.000431045 0.00172981 0.000447518 0.000244716 0.000458673 0.00122354 0.000525637 0.000670328 0.000547256 0.000903853 0.000363297 1.53944e-05 0.00046809 0.000148577 0.000104348 0.000210533 0.00170436 0.000788254 7.66706e-05 0.000150913 0.000664579 0.000424084 0.000879326 0.000679175 0.000207797 0.000983247 0.00179217 0.000585867 0.000488209 0.000278811 0.000588364 0.00105447 0.000128593 0 0 0 0 0 0 0 0 0 0 0 0 0 0 
0 0 0 0 0 0 0 0 0 0 0 0 0 0 0.000150983 0.000897517 0.000203262 0.000396378 0.00017989 0 0.000483026 0.000817052 0.00149096 0.00154547 0.00029248 0.00128665 0.00134851 0.000388756 0.000932917 0.00100065 0.000326326 0.000296944 0.00112741 0.000326684 0 0 0.00071244 0.000327713 0.00102788 0.000428604 5.07385e-05 0.000573083 0.000807957 0.000442308 0.00102488 0.00021589 0.000323108 0.000211769 0.00106616 0.00047786 0.000324256 0.000555785 0.00069103 0.000393521 0.000322235 0 0 0 0 0 0 0 0 0 0 0 0 0 0 
0 0 0 0 0 0 0 0 0 0 0 0 0 0 6.12868e-05 0.000882697 0.000648129 0.000237377 4.41654e-05 0.000239419 0.000204371 0.00105847 0.00101587 0.000357444 0.00031852 0.000445989 0.000406646 0.000479497 0.00139186 0.000469456 0.00042421 0.000183294 0.00052412 0.000201006 0 0.000629783 0.0007483 0.000642208 0.000681235 0.000386014 0.00177665 0.000156031 0.000958614 0.000409795 1.62083e-05 0 0.000745002 0.000782854 0.00069634 0.00098306 0.000654064 0.000669244 0.000280367 0.00174746 0.00128136 0.000673071 0 0 0 0 0 0 0 0 0 0 0 0 0 
0 0 0 0 0 0 0 0 0 0 0 0 0 0 0 0.000452636 0.00102581 0.000583043 0.00049199 0.000455672 0.00100311 0.00202866 0.000371259 0.000569235 0.000806156 0.00129829 0.00165315 0.000506331 0.000292337 0.000786743 0.000672856 0.0015634 0.000638092 0.000688195 7.65559e-06 0.000134884 0.000226255 0.000114363 0 0.000155651 0.000167319 4.97054e-05 0.00081725 0.000336749 0.000380912 0.000233426 0.00096731 0.000841921 8.12433e-05 1.54763e-05 0.000591549 0.00127412 0.000248102 0.00127213 0.00185475 0.000383786 0 0 0 0 0 0 0 0 0 0 0 0 0 
0 0 0 0 0 0 0 0 0 0 0 0 0 0 0.000263991 0.000140013 0.000606398 0.001451 0.00125468 0.00065526 0.000279987 0.00100384 0.000669614 0.000155332 0.000498889 0.00190818 0.000913133 0.000271762 0.00178059 0.00104437 0.000297286 0.000784609 0.000522365 0.00109276 2.09784e-05 0 0.00089349 0.000390369 0.000710541 0.001122 0.000660111 0.000271899 0.00144886 0.000461613 0.00016346 0.000528534 0.00101754 0.00126109 0.000922587 0.000716197 0.000326828 0.00158093 0.000892446 0.00197573 0.00210397 0.000653355 0 0 0 0 0 0 0 0 0 0 0 0 0 
0 0 0 0 0 0 0 0 0 0 0 0 0 0 0.000259525 0.000137644 0.000153158 0.000429581 0.000408403 0.000444054 0.000666419 0.00103939 0.00102714 0.00115813 0.00218707 0.00236108 2.44353e-05 0.000415216 0.00168885 0.00092706 0.000710555 0.00146152 0.00104924 0.00190253 0.0299095 0.0229354 0.00140651 0.000579564 0.000856639 0.000879373 0.000819648 0.00014339 0.00209938 0.000828481 0.000745586 0.000818876 0.00123994 0.000332267 0.000742157 0.000741523 0.000468176 0.000520966 0.000423547 0.000327548 0.000543104 0.000272183 0 0 0 0 0 0 0 0 0 0 0 0 0 
0 0 0 0 0 0 0 0 0 0 0 0 0 0 1.70584e-05 0.000127562 4.35518e-05 0.00114622 0.00132685 0.000629221 0.000952278 0.000585763 0.00111325 0.00129013 0.00122514 0.00107667 9.2444e-05 0.000487918 9.96138e-05 0.000184924 0.000896759 0.000558873 0.000123214 0.0198967 0.112711 0.11031 0.0179407 0.000450652 0.000840653 0.000899724 0.000871147 0.000484074 0.000743456 0.000578602 4.76018e-05 0.000598545 0.00068109 0.000478643 0.000575879 0.00166621 0.000344315 0.000930733 0.000709572 0.00105025 0.00101941 0.001277 4.91082e-05 0 0 0 0 0 0 0 0 0 0 0 0 
0 0 0 0 0 0 0 0 0 0 0 0 0 0 0.000694794 0.000830264 0.000547224 0.00233904 0.00343457 0.000455034 0.000201332 3.56334e-06 0.000449858 0.0009325 0.00144467 0.000834949 0.000935167 0.00108841 0.000128733 0.00069252 0.00138848 0.000344627 0.000132642 0.0141108 0.108966 0.13086 0.03169 0.00115708 0.000923396 0.000804375 0.000744447 0.000326871 0.000669921 0.00114506 0.000767856 0.000815723 0.000538723 0.000479522 0.00038663 0.000503077 0.00100722 0.000826202 0.00159193 0.000629364 0.000592134 0.000927718 9.51078e-06 0 0 0 0 0 0 0 0 0 0 0 0 
0 0 0 0 0 0 0 0 0 0 0 0 0 0 0.000704679 0.000837918 0.000615267 0.000307433 0.000297307 0.00193965 0.00142824 0.000125101 0.000292495 0.00213326 0.00155287 0.00073186 0.00142262 0.000526624 0.00032246 0.000929 0.000889715 0.000757052 0.000180425 0.00131173 0.0238176 0.0272569 0.00200117 0.00163506 0.00131426 0.00108024 0.000110506 0.000329588 0.00099647 0.00341543 0.00182609 8.41443e-05 0.000227459 0.000117805 0.000411869 0.000789702 0.00084435 5.01216e-05 0.00097437 0.000965905 0.000274647 0 0 0 0 0 0 0 0 0 0 0 0 0 0 
0 0 0 0 0 0 0 0 0 0 0 0 0 0 0.000325898 0.00113513 0.000245111 6.84197e-05 0.00251845 0.00167298 0.00192018 0.000617722 0.000363542 0.0018815 0.00135682 0.00051729 0.000218575 9.74843e-05 0.00142334 0.00213803 0.000224326 0.000167262 0.000636138 0.000784841 0.00150061 0.00141125 0.000356144 0.000492774 0.000135176 0.000415486 0.000442947 0.000730051 0.000146744 0.00111949 0.00195045 0.000804763 0.00146517 0.000163612 0 0.000573046 0.000183131 0.000191434 0.00117776 0.00294156 0.000598426 0 0 0 0 0 0 0 0 0 0 0 0 0 0 
0 0 0 0 0 0 0 0 0 0 0 0 0 0 0.000544096 0.000398405 0.000453319 0.000788399 0.000916231 0.00110188 0.000588744 0.000731571 8.72569e-05 7.18467e-05 0.000304131 0.00151912 0.00121081 0.000517129 0.000610264 0.000495311 0.000670603 0.000516897 0.000719816 0.000508447 0.000422401 0.000621471 8.96863e-05 0.000356645 0.000771865 0.000748824 0.00104547 0.000253652 0.000224948 0.000313669 0.000671734 0.000659904 0.00153937 0.000128509 0.000134661 0.000523337 0.000817388 0.000852427 0.0014077 0.000825014 6.72516e-05 0 0 0 0 0 0 0 0 0 0 0 0 0 0 
0 0 0 0 0 0 0 0 0 0 0 0 0 0 0.000924911 0.000900947 0.0011943 0.00177711 0.00227537 0.00133961 0 0.00101928 0.00115229 0.00100374 0.00110799 0.000704576 0.00152811 0.000806568 0.000671051 0.00105961 0.000334911 0.000610024 7.84912e-05 5.60744e-05 7.45436e-05 0 0.000467183 0.00135671 0.000382595 0.000201092 0.00046966 0.000770757 0.000836672 0.0016485 0.000477456 0.000931054 0.000667244 0.000690742 0.00054611 0.000227762 0.000293742 0.00129408 0.000386658 0.000891268 0.000283626 4.52624e-05 0 0 0 0 0 0 0 0 0 0 0 0 0 
0 0 0 0 0 0 0 0 0 0 0 0 0 0 0.000379663 0.000554867 0.00170525 0.00325445 0.000789915 0.00030297 0.000559458 0.000404948 0.000412469 0.000117784 0.000855756 0.00213061 0.000227411 0.000870402 0.00063916 0.0015473 0.000176191 0.000106257 0.000711756 0.00088554 0.00157958 0.000319579 0 0.000192562 0.000433308 0.000439881 0.000270807 0.00093123 0.00178501 0.000801735 0.000346081 0.00190384 0.00137325 0.000353336 0.000314576 0.000551508 1.90006e-06 0.00121489 0.00189513 0.00180822 0.000958912 0.000316827 0 0 0 0 0 0 0 0 0 0 0 0 0 
0 0 0 0 0 0 0 0 0 0 0 0 0 0 0 0.000352734 0.00120499 0.000273331 0.000157554 0.000246007 0.000765095 0.000372146 0.000593091 0.000736037 0.000990747 0.00327124 0.00114977 0.000455471 0.000448304 0.000247534 0.0002159 0.000430738 0.000978737 0.000841129 0.000351373 1.78937e-05 0.000284027 0.000668795 0.00059289 0.00100867 0.000160267 0.0011742 0.00205964 0.00149499 0 0.000153575 0.000580041 6.02835e-06 0.000520828 0.000112017 6.68328e-05 0.000322734 0.000595822 0.000563515 0.000158849 0 0 0 0 0 0 0 0 0 0 0 0 0 0 
0 0 0 0 0 0 0 0 0 0 0 0 0 0 0 0.000103932 0.000473015 0.000451138 0.000636154 0.0012877 0.00170612 0.00112109 0.000964324 0.00161673 0.00267921 0.0021325 0.000815916 3.08204e-05 0.000455883 0.000853142 0.00114453 0.0010421 0.00038759 0.0012828 0.0010885 0.000571983 0.00107224 0.000651941 0.00051878 0.00120211 0.00114333 0.00091705 0.00109156 0.00016316 0.000274168 0.00170379 0.000631852 0.000628977 0.00152332 0.000917075 0.000431801 4.32867e-05 0.000928633 0.000932257 7.45657e-05 0 0 0 0 0 0 0 0 0 0 0 0 0 0 
0 0 0 0 0 0 0 0 0 0 0 0 0 0 0 0 0.000137013 0.000944162 0.00132808 0.00114 0.0013098 0.000718782 0.000719252 0.000874585 0.000806687 2.13187e-05 0.000491628 3.02221e-05 0.000804947 0.00121083 0.00135635 0.00154247 0.000682933 0.000523912 0.000477133 0.000488383 0.000955685 0.00073443 0.000575915 0.00185023 0.00148958 0.000626605 0.000600548 1.26985e-05 0.000413241 0.000463884 0.00129859 0.00098618 0.000360467 0.00127213 0.000538628 3.26161e-05 0.00081039 0.000616287 0.000169657 0 0 0 0 0 0 0 0 0 0 0 0 0 0 
0 0 0 0 0 0 0 0 0 0 0 0 0 0 0 0 0.0010948 0.000820739 0.00108053 0.00147734 0.0012029 0.000258642 0.000717439 0.00059478 3.28245e-05 0.000193771 0.000129539 3.17142e-05 0.000426385 0.000396162 0.00129607 0.000934096 0.000346357 0.000579767 0.000778202 0.0009412 0.00116479 0.00164271 0.00102837 0.000661546 0.0013271 0.00159273 0.000560848 0.000140835 0.000283173 0.000980853 0.00155359 0.00143201 0.000574823 0.000451086 0.000715846 0.000349334 0.00105432 0.000187736 0 0 0 0 0 0 0 0 0 0 0 0 0 0 0 
0 0 0 0 0 0 0 0 0 0 0 0 0 0 0 0 0.000232431 0.000438843 0.00204749 0.000531868 0.000787693 0.000461655 0.000373981 0.000425468 0.00113827 0.00149916 0.0007941 0.000698578 0.000187421 0.000946197 0.000803707 0.00023394 0.000574067 0.00102227 0.000705955 0.0012491 0.000828433 0.0014306 0.000640178 0.000896887 0.00199965 0.000972471 0.000279601 0.00115114 0.00185379 0.00108511 0.000654077 0.000990359 0.00107518 0.00071617 0.000261363 0.000478655 8.09567e-05 4.5727e-06 0 0 0 0 0 0 0 0 0 0 0 0 0 0 0 
0 0 0 0 0 0 0 0 0 0 0 0 0 0 0 0 0 0.000270936 0.00223913 0.00145294 0.00206598 0.00106989 0.00094986 9.13377e-05 0.000433284 0.000736746 0.00150355 0.00179393 0.00154211 0.000498053 9.19911e-05 0.000861923 0.00220738 0.000812794 0.000943138 0.0023452 0.00177881 0.00233449 0.000882333 0.000118297 0.00110472 0.000606791 0.00100965 0.000492634 0.000386863 0.000480521 0.00108964 0.000311737 0.000401012 0.000397674 0.000288242 0.000131935 0 0 0 0 0 0 0 0 0 0 0 0 0 0 0 0 0 
0 0 0 0 0 0 0 0 0 0 0 0 0 0 0 0 0 3.49239e-06 0.000177577 0.000232996 0.00187161 0.000607025 0.00098783 0.000421233 0.0015636 0.00112938 0.000839878 0.00035936 0.000331053 0.00058272 5.64703e-05 0.000912961 0.000757599 0.00180316 0.000973938 0.000464207 0.000922177 0.00105533 0.000227577 0.00122025 0.0018751 0.000699675 0.000252889 0.000120237 0.000384734 0.000848226 0.000762487 0.000356411 0.000804668 0 0.00016995 4.7126e-06 0 0 0 0 0 0 0 0 0 0 0 0 0 0 0 0 0 
0 0 0 0 0 0 0 0 0 0 0 0 0 0 0 0 0 0 0 0.00088674 0.00161686 0.000550502 0.00120875 0.000772464 0.000777151 0.00184681 0.00099928 0.000340504 0.00152104 0.00164456 0.000281021 0.00046249 0.000146079 0.00151809 0.000907467 0.00120375 0.000620991 0.00149523 0.000679347 0.0013038 0.00024088 0.000651333 0 0.000185027 1.68644e-05 0.00119916 0.00108882 0.000574389 0.000531242 0.000220887 0.00114415 1.6904e-05 0 0 0 0 0 0 0 0 0 0 0 0 0 0 0 0 0 
0 0 0 0 0 0 0 0 0 0 0 0 0 0 0 0 0 0 0 0.000181371 0.000684998 0.00027115 0.000645619 0.000402597 0.000651947 0.000843431 0.00103568 0.00199095 0.00137598 0.000216848 0.000807603 0.000324498 0.0012556 0.000972897 0.00130859 0.000539804 5.15534e-05 0.000306352 0.00028938 0.0010732 0.000987528 0 0.000170898 0.000917748 0.000387732 0.000300923 0.00111045 0.000690343 0.000159386 0.000404771 3.23667e-05 0 0 0 0 0 0 0 0 0 0 0 0 0 0 0 0 0 0 
0 0 0 0 0 0 0 0 0 0 0 0 0 0 0 0 0 0 0 0 0 0.00072612 0.00126072 0.00010108 0.000678566 0.000134105 0.000547812 0.00143386 0.000660582 0.000983695 0.000803837 0.000323837 0.00157183 0.00199368 0 0 0 0 0 0.000416486 0.000560725 0.00104012 0.000144912 0.000285433 0.000314548 0 0.000167845 0.000971805 0.00022824 0.000177932 0 0 0 0 0 0 0 0 0 0 0 0 0 0 0 0 0 0 0 
0 0 0 0 0 0 0 0 0 0 0 0 0 0 0 0 0 0 0 0 0 0.000134002 0.00133592 0.00104174 0.000258405 0.000711921 0.000758935 0.000732193 0.00132987 0.000801646 0.000875868 0.00127275 0.000641349 0.000569435 0 0 0.000306419 0.000788576 0.000469893 0 0.0007741 0.00118041 4.52459e-05 0.00019064 4.41657e-05 0.000321692 0.000141189 4.66858e-05 1.24046e-05 0 0 0 0 0 0 0 0 0 0 0 0 0 0 0 0 0 0 0 0 
0 0 0 0 0 0 0 0 0 0 0 0 0 0 0 0 0 0 0 0 0 0 6.36836e-05 0.000644045 8.50457e-05 0.000760085 0.000808372 0.000208131 0.00013073 0.000168742 0.00188763 0.00122702 0.000472584 0.000540024 0.000236281 0.00125735 0.000797411 0.000761384 0.000882786 0.000385535 0.000320527 3.4391e-05 0.000697178 0.000903217 0.000266862 0.000682002 0.000146434 0 0 0 0 0 0 0 0 0 0 0 0 0 0 0 0 0 0 0 0 0 0 
0 0 0 0 0 0 0 0 0 0 0 0 0 0 0 0 0 0 0 0 0 0 0 0 0 0.000571676 0.000765603 0.00154285 0.00020671 0.000855963 0.000991158 0.000483741 0.00133008 0.0011213 0.00112999 0.00112224 0.00188815 0.000774807 0.000736075 0.00050581 0.00120696 0.000688915 0.000649023 8.25432e-05 0 0 0 0 0 0 0 0 0 0 0 0 0 0 0 0 0 0 0 0 0 0 0 0 0 
0 0 0 0 0 0 0 0 0 0 0 0 0 0 0 0 0 0 0 0 0 0 0 0 0 0 0.00018228 3.59325e-05 3.01142e-06 0.000356647 0.00083291 0.00141724 0.00173691 0.00212445 0.000934512 0.00086449 0.00122006 0.000523394 0.000179163 0.00150571 0.00100536 0.000258675 0.000116703 0 0 0 0 0 0 0 0 0 0 0 0 0 0 0 0 0 0 0 0 0 0 0 0 0 0 
0 0 0 0 0 0 0 0 0 0 0 0 0 0 0 0 0 0 0 0 0 0 0 0 0 0 0 0 0 3.38257e-05 0.000212075 0.00055156 0.000617381 0.000347612 0.000834903 0.000703087 0.00153005 0 0 0.000209345 6.472e-05 0 0 0 0 0 0 0 0 0 0 0 0 0 0 0 0 0 0 0 0 0 0 0 0 0 0 0 0 
0 0 0 0 0 0 0 0 0 0 0 0 0 0 0 0 0 0 0 0 0 0 0 0 0 0 0 0 0 0 0 0 0 0 1.14944e-05 4.49592e-05 3.24848e-05 0 0 0 0 0 0 0 0 0 0 0 0 0 0 0 0 0 0 0 0 0 0 0 0 0 0 0 0 0 0 0 0 
0 0 0 0 0 0 0 0 0 0 0 0 0 0 0 0 0 0 0 0 0 0 0 0 0 0 0 0 0 0 0 0 0 0 0 0 0 0 0 0 0 0 0 0 0 0 0 0 0 0 0 0 0 0 0 0 0 0 0 0 0 0 0 0 0 0 0 0 0 
0 0 0 0 0 0 0 0 0 0 0 0 0 0 0 0 0 0 0 0 0 0 0 0 0 0 0 0 0 0 0 0 0 0 0 0 0 0 0 0 0 0 0 0 0 0 0 0 0 0 0 0 0 0 0 0 0 0 0 0 0 0 0 0 0 0 0 0 0 
0 0 0 0 0 0 0 0 0 0 0 0 0 0 0 0 0 0 0 0 0 0 0 0 0 0 0 0 0 0 0 0 0 0 0 0 0 0 0 0 0 0 0 0 0 0 0 0 0 0 0 0 0 0 0 0 0 0 0 0 0 0 0 0 0 0 0 0 0 
0 0 0 0 0 0 0 0 0 0 0 0 0 0 0 0 0 0 0 0 0 0 0 0 0 0 0 0 0 0 0 0 0 0 0 0 0 0 0 0 0 0 0 0 0 0 0 0 0 0 0 0 0 0 0 0 0 0 0 0 0 0 0 0 0 0 0 0 0 
0 0 0 0 0 0 0 0 0 0 0 0 0 0 0 0 0 0 0 0 0 0 0 0 0 0 0 0 0 0 0 0 0 0 0 0 0 0 0 0 0 0 0 0 0 0 0 0 0 0 0 0 0 0 0 0 0 0 0 0 0 0 0 0 0 0 0 0 0 
0 0 0 0 0 0 0 0 0 0 0 0 0 0 0 0 0 0 0 0 0 0 0 0 0 0 0 0 0 0 0 0 0 0 0 0 0 0 0 0 0 0 0 0 0 0 0 0 0 0 0 0 0 0 0 0 0 0 0 0 0 0 0 0 0 0 0 0 0 
0 0 0 0 0 0 0 0 0 0 0 0 0 0 0 0 0 0 0 0 0 0 0 0 0 0 0 0 0 0 0 0 0 0 0 0 0 0 0 0 0 0 0 0 0 0 0 0 0 0 0 0 0 0 0 0 0 0 0 0 0 0 0 0 0 0 0 0 0 
0 0 0 0 0 0 0 0 0 0 0 0 0 0 0 0 0 0 0 0 0 0 0 0 0 0 0 0 0 0 0 0 0 0 0 0 0 0 0 0 0 0 0 0 0 0 0 0 0 0 0 0 0 0 0 0 0 0 0 0 0 0 0 0 0 0 0 0 0 
0 0 0 0 0 0 0 0 0 0 0 0 0 0 0 0 0 0 0 0 0 0 0 0 0 0 0 0 0 0 0 0 0 0 0 0 0 0 0 0 0 0 0 0 0 0 0 0 0 0 0 0 0 0 0 0 0 0 0 0 0 0 0 0 0 0 0 0 0 
0 0 0 0 0 0 0 0 0 0 0 0 0 0 0 0 0 0 0 0 0 0 0 0 0 0 0 0 0 0 0 0 0 0 0 0 0 0 0 0 0 0 0 0 0 0 0 0 0 0 0 0 0 0 0 0 0 0 0 0 0 0 0 0 0 0 0 0 0 
0 0 0 0 0 0 0 0 0 0 0 0 0 0 0 0 0 0 0 0 0 0 0 0 0 0 0 0 0 0 0 0 0 0 0 0 0 0 0 0 0 0 0 0 0 0 0 0 0 0 0 0 0 0 0 0 0 0 0 0 0 0 0 0 0 0 0 0 0 
0 0 0 0 0 0 0 0 0 0 0 0 0 0 0 0 0 0 0 0 0 0 0 0 0 0 0 0 0 0 0 0 0 0 0 0 0 0 0 0 0 0 0 0 0 0 0 0 0 0 0 0 0 0 0 0 0 0 0 0 0 0 0 0 0 0 0 0 0 
