0 0 0 0 0 0 0 0 0 0 0 0 0 0 0 0 0 0 0 0 0 0 0 0 0 0 0 0 0 0 0 0 0 0 0 0 0 0 0 0 0 0 0 0 0 0 0 0 0 0 0 0 0 0 0 0 0 0 0 0 0 0 0 0 0 0 0 0 0 
0 0 0 0 0 0 0 0 0 0 0 0 0 0 0 0 0 0 0 0 0 0 0 0 0 0 0 0 0 0 0 0 0 0 0 0 0 0 0 0 0 0 0 0 0 0 0 0 0 0 0 0 0 0 0 0 0 0 0 0 0 0 0 0 0 0 0 0 0 
0 0 0 0 0 0 0 0 0 0 0 0 0 0 0 0 0 0 0 0 0 0 0 0 0 0 0 0 0 0 0 0 0 0 0 0 0 0 0 0 0 0 0 0 0 0 0 0 0 0 0 0 0 0 0 0 0 0 0 0 0 0 0 0 0 0 0 0 0 
0 0 0 0 0 0 0 0 0 0 0 0 0 0 0 0 0 0 0 0 0 0 0 0 0 0 0 0 0 0 0 0 0 0 0 0 0 0 0 0 0 0 0 0 0 0 0 0 0 0 0 0 0 0 0 0 0 0 0 0 0 0 0 0 0 0 0 0 0 
0 0 0 0 0 0 0 0 0 0 0 0 0 0 0 0 0 0 0 0 0 0 0 0 0 0 0 0 0 0 0 0 0 0 0 0 0 0 0 0 0 0 0 0 0 0 0 0 0 0 0 0 0 0 0 0 0 0 0 0 0 0 0 0 0 0 0 0 0 
0 0 0 0 0 0 0 0 0 0 0 0 0 0 0 0 0 0 0 0 0 0 0 0 0 0 0 0 0 0 0 0 0 0 0 0 0 0 0 0 0 0 0 0 0 0 0 0 0 0 0 0 0 0 0 0 0 0 0 0 0 0 0 0 0 0 0 0 0 
0 0 0 0 0 0 0 0 0 0 0 0 0 0 0 0 0 0 0 0 0 0 0 0 0 0 0 0 0 0 0 0 0 0 0 0 0 0 0 0 0 0 0 0 0 0 0 0 0 0 0 0 0 0 0 0 0 0 0 0 0 0 0 0 0 0 0 0 0 
0 0 0 0 0 0 0 0 0 0 0 0 0 0 0 0 0 0 0 0 0 0 0 0 0 0 0 0 0 0 0 0 0 0 0 0 0 0 0 0 0 0 0 0 0 0 0 0 0 0 0 0 0 0 0 0 0 0 0 0 0 0 0 0 0 0 0 0 0 
0 0 0 0 0 0 0 0 0 0 0 0 0 0 0 0 0 0 0 0 0 0 0 0 0 0 0 0 0 0 0 0 0 0 0 0 0 0 0 0 0 0 0 0 0 0 0 0 0 0 0 0 0 0 0 0 0 0 0 0 0 0 0 0 0 0 0 0 0 
0 0 0 0 0 0 0 0 0 0 0 0 0 0 0 0 0 0 0 0 0 0 0 0 0 0 0 0 0 0 0 0 0 0 0 0 0 0 0 0 0 0 0 0 0 0 0 0 0 0 0 0 0 0 0 0 0 0 0 0 0 0 0 0 0 0 0 0 0 
0 0 0 0 0 0 0 0 0 0 0 0 0 0 0 0 0 0 0 0 0 0 0 0 0 0 0 0 0 0 0 0 0 0 0 0 0 0 0 0 0 0 0 0 0 0 0 0 0 0 0 0 0 0 0 0 0 0 0 0 0 0 0 0 0 0 0 0 0 
0 0 0 0 0 0 0 0 0 0 0 0 0 0 0 0 0 0 0 0 0 0 0 0 0 0 0 0 0 0 0 0 0 0 0 0 0 0 0 0 0 0 0 0 0 0 0 0 0 0 0 0 0 0 0 0 0 0 0 0 0 0 0 0 0 0 0 0 0 
0 0 0 0 0 0 0 0 0 0 0 0 0 0 0 0 0 0 0 0 0 0 0 0 0 0 0 0 0 0 0 0 0 0 0 0 0 0 0 0 0 0 0 0 0 0 0 0 0 0 0 0 0 0 0 0 0 0 0 0 0 0 0 0 0 0 0 0 0 
0 0 0 0 0 0 0 0 0 0 0 0 0 0 0 0 0 0 0 0 0 0 0 0 0 0 0 0 0 0 0 0 0 0 0 0 0 0 0 0 0 0 0 0 0 0 0 0 0 0 0 0 0 0 0 0 0 0 0 0 0 0 0 0 0 0 0 0 0 
0 0 0 0 0 0 0 0 0 0 0 0 0 0 0 0 0 0 0 0 0 0 0 0 0 0 0 0 0 0 3.97665e-05 0.000689548 0.000374585 0.000942596 0.000153271 8.60969e-07 0.000175265 0.000504809 0 0 0.000274575 4.29563e-05 0 0 0 0 0 0 0 0 0 0 0 0 0 0 0 0 0 0 0 0 0 0 0 0 0 0 0 
0 0 0 0 0 0 0 0 0 0 0 0 0 0 0 0 0 0 0 0 0 0 0 0 0 0 0 0.000443724 0.000286926 0.000318805 0.000475744 0.00109487 0.000153253 0.000939973 0.00101065 0.000210679 0.00111111 0.00111406 0.000450362 0.00015924 0.000591653 0.000461432 0 8.23956e-05 4.42567e-05 0 0 0 0 0 0 0 0 0 0 0 0 0 0 0 0 0 0 0 0 0 0 0 0 
0 0 0 0 0 0 0 0 0 0 0 0 0 0 0 0 0 0 0 0 0 0 0 0 0 0.000455449 5.68808e-06 0.000198501 0.000826385 0.00168518 0.000337111 0.001833 0.000964434 0.000227334 0.000122977 1.28975e-05 0.000457755 0.00155601 0.00177968 0.000193291 0.000687684 0.00140203 0.000232555 0.000456221 0.000235701 0 0 0 0 0 0 0 0 0 0 0 0 0 0 0 0 0 0 0 0 0 0 0 0 
0 0 0 0 0 0 0 0 0 0 0 0 0 0 0 0 0 0 0 0 0 0 7.06305e-05 6.43883e-05 0.000586855 0.00101186 0.000121493 0.000951395 0.00118588 0.000807712 0.00105976 0.00036788 0.000239921 0 0 0.000166241 0.00102309 0.000232997 0.000404613 0.000447973 0.00101043 0.00178679 0.000927275 0.000604083 0.000169009 0.000661287 0.000119217 0 0 0 0 0 0 0 0 0 0 0 0 0 0 0 0 0 0 0 0 0 0 
0 0 0 0 0 0 0 0 0 0 0 0 0 0 0 0 0 0 0 0 0 0 0.000348475 0.00104245 0.0012075 0.000529375 0.000233155 0.000618753 0.000618562 0.00106415 0.000574839 0.00071805 0.000136692 0.00052887 0.000109693 4.70169e-05 0.000352608 0.000736668 0.00107353 0.00132806 0.000747806 0.000534122 0.000529066 0.000107956 0.00139258 0.00072982 0.000392913 0.000704545 0 0 0 0 0 0 0 0 0 0 0 0 0 0 0 0 0 0 0 0 0 
0 0 0 0 0 0 0 0 0 0 0 0 0 0 0 0 0 0 0 0 0.000169892 0.000461046 0.000961058 0.000152624 0.000679132 0.000729044 0 0.00105901 0.000841733 0.000238595 0.000155265 0.000283841 0.000610359 0.00036591 0.000488982 0.000899004 0.000277139 0.00101311 0.000427237 0.00014629 0.000156144 0.000962423 0.000614051 0 6.18359e-05 0.000411447 0.00253237 0.00143071 0.000541106 0 0 0 0 0 0 0 0 0 0 0 0 0 0 0 0 0 0 0 0 
0 0 0 0 0 0 0 0 0 0 0 0 0 0 0 0 0 0 0 0 0.000556728 0.000405826 0.00082482 0.000291913 0.0010329 0.000128487 0.000418638 0.000606553 0.000793457 0.00109656 4.4062e-05 0.000935788 0.00199011 0.000554995 0.00168529 0.00191233 0.000338567 0.000506014 0.000566687 0.000914621 0.000619915 0.00218993 0.000737072 0.000421146 0.000231259 0.00055156 0.000934197 0.000723891 0.00158322 0.000140502 0 0 0 0 0 0 0 0 0 0 0 0 0 0 0 0 0 0 0 
0 0 0 0 0 0 0 0 0 0 0 0 0 0 0 0 0 0 0 0 0.000747271 0.00168594 0.00197701 0.00127546 0.000741825 0.000231168 0.000909008 0.00113433 0.00129825 4.01651e-05 0.000652374 0.00104622 8.86604e-05 3.16082e-05 0.00150246 0.000483945 0.000134178 0.00161991 0.00148099 0.000775048 0.000237815 0.00105739 0.00102433 0.00040992 0.00108634 0 0.000204117 0.00146498 0.000438215 0.000670055 1.32059e-05 0 0 0 0 0 0 0 0 0 0 0 0 0 0 0 0 0 0 
0 0 0 0 0 0 0 0 0 0 0 0 0 0 0 0 0 0 0.000101021 0.000539661 0.000218937 0.000420679 0.000498431 0.000324914 0.00109012 0.000531308 0.000868983 0.000579052 0.000123133 0.000159269 0.000542716 0.000165829 8.86205e-05 1.4002e-05 0.000501418 0.000694945 0.000506836 0.00201638 0.000620019 0.000278602 0.000554557 0.000589466 0.000247684 0.00106593 0.000423526 0.000331986 0.000845057 0.000207813 0.000777898 0.000756011 0.000362416 0 0 0 0 0 0 0 0 0 0 0 0 0 0 0 0 0 0 
0 0 0 0 0 0 0 0 0 0 0 0 0 0 0 0 0 0 2.53056e-05 0.000169591 0.000481313 0.000125985 0.000223538 0.00103918 0.00116368 0.000493143 0.000415617 0.000477026 0.00041679 0.00376721 0.000544308 0.00020884 0.000930085 0.000590039 0.000593427 0.000587272 0.000725855 8.34454e-05 0.00029522 0.0010772 0.000163518 0.000377621 0.000811207 0.000685989 0.00167371 0.00071925 0.00117304 0.000356216 0.00122227 0.000233772 8.06627e-05 0.000455034 7.12333e-05 0 0 0 0 0 0 0 0 0 0 0 0 0 0 0 0 
0 0 0 0 0 0 0 0 0 0 0 0 0 0 0 0 0 0 0 0.000657549 0.00142358 0.0011052 0.00196216 0.00267934 0.000750043 0.000138757 0 0.00135197 0.000865313 0.00179119 0.000239013 0.000404145 0.000841808 0.00145901 0.000356106 0.000710932 0.0015058 0.000386711 0.000717414 0.000509736 0.000761259 0.000782481 0.000344071 0.000105205 0.00168671 0.00109873 0.000361634 0.000673238 0.000942921 0.000238986 0.000258035 0.000755597 6.0063e-05 0 0 0 0 0 0 0 0 0 0 0 0 0 0 0 0 
0 0 0 0 0 0 0 0 0 0 0 0 0 0 0 0 0 0 0.0003916 0.000278702 0.00145788 0.00151836 0.000664365 0.000362374 0.000441255 0.000803297 0.000382335 0.000100186 0.00204641 0.00159605 0.00108183 0.000335776 0 0.000108196 0.00135847 0.000116047 0.000128993 0.000701782 0.0020334 9.48535e-05 0.000160046 0.000683283 7.66523e-05 6.91646e-05 0.000699574 0.000654745 0.000934236 0.000816944 0.000564767 0.00030323 0.000534118 0.000824662 0.000763655 0.000156144 1.12617e-05 0 0 0 0 0 0 0 0 0 0 0 0 0 0 
0 0 0 0 0 0 0 0 0 0 0 0 0 0 0 0 0 3.72146e-05 0.000318895 0.000788923 0.00124775 0.000373043 0.000542498 0.000483831 0.000803258 0.000593651 0.000565645 0 0.000252896 0.00174308 0.000511598 0.000178228 0.00097383 0.00110646 0.000336135 2.28065e-05 0.00052752 0.000169493 0.000675839 0.000680082 0.000687731 0.00224378 0.00123194 0.000333843 0.000260088 0.000120383 0.000114301 0.000832527 0.00113376 0.000485859 0.000997076 0.00166123 0.000703662 0.00197631 9.51479e-05 0 0 0 0 0 0 0 0 0 0 0 0 0 0 
0 0 0 0 0 0 0 0 0 0 0 0 0 0 0 0 9.9799e-05 0.00129474 0.00142259 0.000150953 0.000858689 0.000460004 0.00120686 0.00065884 0.000972749 0.000264807 3.19211e-05 0.000421252 0.00261844 0.00143284 0.00178965 0.00020745 0.000732803 0.000843506 0.000680097 0.000392784 0.000889311 0.00163901 0.000350784 0.000404194 0.000248842 0.000686529 0.000402104 0.000190292 0.000537993 0.000693934 0.000132959 0.00148162 0.00154092 0.000211737 0.000345017 0.000431823 0.000577337 0.00146808 2.72826e-05 0 0 0 0 0 0 0 0 0 0 0 0 0 0 
0 0 0 0 0 0 0 0 0 0 0 0 0 0 0 0.000360661 0.00132655 0.0023825 0.00168189 0.000197843 0.000483049 0.00130344 0.00119466 0.00116446 0.000580211 4.99353e-05 3.38255e-05 0.000433118 0.00109473 0.00057153 0.00113741 0.00025461 0.000265707 0.000675008 7.69021e-05 0.000214701 7.72092e-05 0.00116795 0.000481004 2.78779e-05 0.000262453 0.00100779 0.00018044 0.000937982 0.0007093 3.38392e-05 0.000361906 0.000698006 0.00119257 0.000327321 0.000405263 0.00100195 0.000662975 0.000308334 9.62377e-05 0 0 0 0 0 0 0 0 0 0 0 0 0 0 
0 0 0 0 0 0 0 0 0 0 0 0 0 0 0.000145936 0.00123382 0.00053896 0.00108356 0.00128582 7.58164e-05 0.00056699 0.000169899 0.000821686 0.00132129 0.000508936 0.00043801 0.00122712 0.000856898 0.000789797 0.000443827 0.000379334 0.000232974 0 0 0.0005763 0.000748437 0.000431824 0.000276232 0.000501354 0.00168834 0.000142898 0.000731622 0.000853966 0.000128415 0 8.26263e-06 0.0011865 0.000524168 0.000801997 0.00110254 0.000317487 0.000474482 0.000546664 0.00114431 0.00109233 0.000229169 0 0 0 0 0 0 0 0 0 0 0 0 0 
0 0 0 0 0 0 0 0 0 0 0 0 0 0 0.00032352 0.000822911 0.000416257 0.000416266 1.97323e-05 0 0.000878313 0.00117841 0.00184084 0.000767489 0.000535093 0.00179845 0.000390922 0.000612473 0.00117437 0.000216412 0.000304842 0.000960161 2.44742e-05 0.000417513 0.000351311 0.000441487 8.98297e-05 7.11568e-05 0.000668583 0.000224035 9.10368e-05 0.000651213 0.000453552 0.000477684 0.000122823 0.000433758 0.00126899 0.00040289 4.09165e-05 0.000206054 0.000912653 0.000810298 0.000415568 0.00170921 0.00174767 0.000289483 0 0 0 0 0 0 0 0 0 0 0 0 0 
0 0 0 0 0 0 0 0 0 0 0 0 0 0 3.70283e-05 0.000970841 0.000554134 7.95857e-05 0.000137002 0.00027747 0.000413908 0.0015066 0.000504282 0.000367417 0.000329544 0.000417588 0.000243058 0.00114873 0.0011006 0.000503333 0.000359709 0.000595168 1.98893e-05 0.000470854 0.000607072 0.000299607 0.0010117 0.000767323 0.00138616 0.000581027 0.000520814 0.000955238 0.0015484 0.00033261 0.000272341 0.000509674 0.00119545 0.00147299 0.000641047 0.000290165 0.000538051 0.00190602 0.000588926 0.00201436 0.00181676 0.000340886 0 0 0 0 0 0 0 0 0 0 0 0 0 
0 0 0 0 0 0 0 0 0 0 0 0 0 0 0 0.000270937 0.00117812 0.000789168 0.000694974 0.000344808 0.00131261 0.00159347 0.000235007 0.000456525 0.000930111 0.001581 0.0010435 0.000441605 0.000151996 0.000348362 0.000484321 0.000313471 0 0.000575755 0.000919622 0.000412562 0.00102433 0.00044848 0.000996294 0.000422838 0.000630584 0.000503472 0.00175082 0.000516917 0.000660013 0.000993908 0.00101265 0.000318207 0.000857397 0.000611351 0.000780251 0.000701913 0.00062012 0.000887802 0.000969978 0.000390986 0 0 0 0 0 0 0 0 0 0 0 0 0 
0 0 0 0 0 0 0 0 0 0 0 0 0 0 0.000472612 0.000193124 0.000594688 0.0013823 0.00107217 0.000583684 0.000337439 0.000813981 0.000793553 0.000143115 0.000847235 0.00175559 0.0011155 0.000400981 0.00131734 0.00105392 0.00125923 0.000707318 4.21291e-05 0.000867934 0.02661 0.0355 0.00485362 0.00137454 0.00111555 0.000818985 0.00138815 0.000205193 0.000869368 0.000212606 0 0.000886838 0.00051224 0.000658792 0.000667037 0.00154821 0.000139706 0.000695805 0.000439836 0.000666788 0.000638739 0.000864849 2.98472e-05 0 0 0 0 0 0 0 0 0 0 0 0 
0 0 0 0 0 0 0 0 0 0 0 0 0 0 9.61475e-05 3.92888e-05 0.000114279 0.000218439 0.00046098 0.000326434 0.000861454 0.00119165 0.000878482 0.00129242 0.00231642 0.0019689 3.10907e-05 0.00057946 0.00213393 0.000383732 0.000696358 0.00133863 0.000608095 0.0189134 0.142829 0.185822 0.0592413 0.000858747 0.000725965 0.000706738 0.00014898 0 0.000794058 0.00140227 0.000995474 0.000815177 0.000479821 0.000516905 0.000305275 0.000789623 0.000989013 0.00116403 0.00123655 0.00106211 0.00086149 0.00116165 1.96442e-05 0 0 0 0 0 0 0 0 0 0 0 0 
0 0 0 0 0 0 0 0 0 0 0 0 0 0 0 0.000280081 0.000138074 0.00175963 0.00172691 0.000722842 0.000852219 0.000462457 0.00103614 0.00144164 0.00116205 0.00115836 6.44359e-05 0.000565104 0.00073019 0.000580417 0.000471357 0.000551785 0.000240675 0.0309082 0.160973 0.14904 0.033687 0.00151375 0.000207305 0.000365626 0.00020062 0.000903779 0.000983911 0.00252033 0.00183933 0.000111992 0.000176475 0.00014692 0.000463009 0.000687337 0.000819371 0.000109909 0.00138154 0.000568698 0.000162459 0.00015983 0 0 0 0 0 0 0 0 0 0 0 0 0 
0 0 0 0 0 0 0 0 0 0 0 0 0 0 0.000379802 0.00050547 0.000623622 0.00200553 0.00304051 0.000346204 7.00415e-05 0 0.000347094 0.000866753 0.00152327 0.000875384 0.000314394 0.00101186 0 0.000109675 0.00101862 0.001498 0.00140697 0.00242949 0.0251983 0.0164599 0.00197423 0.001258 1.09778e-05 0.00040835 0.000317255 0.000816067 2.15606e-05 0.000514144 0.00191154 0.000921726 0.0013827 0.000335326 0 0.000505687 0.00040018 5.45371e-05 0.000820548 0.00256086 0.00068144 0 0 0 0 0 0 0 0 0 0 0 0 0 0 
0 0 0 0 0 0 0 0 0 0 0 0 0 0 0.000550821 0.00111199 0.000564733 9.1773e-05 0.000569346 0.00224965 0.00271935 0.000250675 0.000116303 0.00213843 0.00167096 0.000838261 0.00104936 0.000998583 0 0.000526483 0.00101164 0.00128369 0.000173576 0 0 8.25516e-05 0.000280069 0.000658695 0.000669218 0.000948633 0.000912481 0.000692837 0.000356959 0.00026573 0.000612563 0.000394374 0.00197732 9.06839e-05 0.000116115 0.000340443 0.000774252 0.000311303 0.00132457 0.000996907 0.000169199 0 0 0 0 0 0 0 0 0 0 0 0 0 0 
0 0 0 0 0 0 0 0 0 0 0 0 0 0 0.000193632 0.000829143 0.000397283 0.000191149 0.00253114 0.00117777 0.00130372 0.00119513 8.96049e-05 0.00153466 0.00135052 0.000926992 0.000301856 0.000332382 0.000100498 0.00191557 0.00185071 0.000587749 0.000106564 0.000192052 0.000498914 0.000518839 0 4.81608e-05 0.000904413 0.000599628 4.63653e-05 0.000392326 0.00100464 0.00117631 0.00109873 0.000623053 0.000577949 0.00060105 0.000760719 0.000128835 0.000668582 0.000682663 0.000724697 0.000381897 0.000214189 0 0 0 0 0 0 0 0 0 0 0 0 0 0 
0 0 0 0 0 0 0 0 0 0 0 0 0 0 0.000605613 0.000497438 0.000589833 0.000528759 0.000978302 0.00180682 0.00032294 0.000623676 0.000312296 0.00016163 0.000355101 0.000935933 0.00145099 0.000780957 0.000441429 0.000900689 0.000745466 0.00051505 0.00031488 0.000719345 0.000367254 0.000179623 0.000214946 1.41035e-05 6.74292e-05 0.000457917 0.000390242 0.000347357 0.00114891 0.00153709 0.000259223 0.000845313 0.00169509 0.000726722 0.000366339 0.000704813 3.20169e-05 0.000867794 0.00154904 0.00152692 0.0013952 0.000438492 0 0 0 0 0 0 0 0 0 0 0 0 0 
0 0 0 0 0 0 0 0 0 0 0 0 0 0 0.000522424 0.00120415 0.00106225 0.00235189 0.00197925 0.000885258 0.000143221 0.000580509 0.001196 0.000810757 0.00109222 0.000389576 0.0011798 0.00128947 0.000660835 0.000778512 0.00122919 0.000199221 0.000712627 0.000198969 0.000383997 0.000845552 0.0013226 6.46148e-05 0.000334256 0.000535299 0.000928114 0.000360416 0.00155832 0.00245127 0.00047142 0 0.000372604 0.000249264 0.000159877 0.000167718 2.79584e-06 0.000452638 0.00114958 0.00099195 0.000516017 5.06019e-05 0 0 0 0 0 0 0 0 0 0 0 0 0 
0 0 0 0 0 0 0 0 0 0 0 0 0 0 0.000108341 0.000406302 0.000736303 0.00232925 0.000319837 0.000585514 0.00058449 0.000319091 0.000323014 0.000425148 0.000147508 0.0017144 0.00120188 0.000322826 0.000625181 0.000624907 0.00120287 9.81598e-05 7.56484e-05 0.000709623 0.00131064 0.000489533 8.01314e-05 0 0.000327963 0.000608091 0.000929606 0.00074643 0.000700459 0.00109002 0.000134923 0.000611841 0.0014019 0.000228991 0.00119859 0.000633689 0.000521558 0 0.000271236 0.000712631 5.65356e-05 0 0 0 0 0 0 0 0 0 0 0 0 0 0 
0 0 0 0 0 0 0 0 0 0 0 0 0 0 0 0.000141089 0.000733966 0.000308721 8.99955e-05 0.000373938 0.000632575 0.00101701 0.000368941 0.00134092 0.00100964 0.0027039 0.002946 1.67866e-05 0.000534799 0.000458797 0.000468181 0.000601603 0.000719544 0.000250406 0.000996156 0.00138476 0.000637196 0.00126077 0.000831902 0.000592945 0.00203008 0.00158232 0.000627584 0.000805273 0.000154282 0.000743413 0.000652597 0.00081547 0.000551641 0.00087799 0.000395727 2.75941e-05 0.000558692 0.00117443 0.000513098 0 0 0 0 0 0 0 0 0 0 0 0 0 0 
0 0 0 0 0 0 0 0 0 0 0 0 0 0 0 0 9.23544e-05 0.000442522 0.000855928 0.00102634 0.00196017 0.00123567 0.000597645 0.000873532 0.00225729 0.00154761 0.000806895 0.000438266 1.75539e-05 0.000584222 0.001135 0.00131676 0.00160061 0.000635952 0.00078387 0.000539878 0.000407903 0.000647738 0.000460462 0.000413109 0.00051669 0.00157821 0.0011016 0.000102491 0 0.000137254 0.00167941 0.00187644 0.000990445 0.000469015 0.00126651 0.000415511 0.000648568 0.000607751 2.1318e-05 0 0 0 0 0 0 0 0 0 0 0 0 0 0 
0 0 0 0 0 0 0 0 0 0 0 0 0 0 0 0 0.0002598 0.000779514 0.00154219 0.00146891 0.00116726 0.000958147 0.000190249 0.000550607 0.000386906 0.000145262 5.46724e-05 0.000166923 8.00459e-05 0.00100189 0.000798713 0.00149191 0.000906647 0.000133831 0.000513797 0.000702991 0.000801069 0.000869361 0.00202457 0.000933564 0.000395183 0.00117098 0.00110746 0.000322459 0.00164719 0.00123776 0.00108322 0.000753848 0.001604 0.000760402 0.000156871 0.000375819 0.000520127 0.000155219 0 0 0 0 0 0 0 0 0 0 0 0 0 0 0 
0 0 0 0 0 0 0 0 0 0 0 0 0 0 0 0 0.000371537 0.00110965 0.000522954 0.00108213 0.000929901 0.000425045 0.000554879 0.000969919 0.000406792 0.000573312 0.00102014 0.000187481 0.000403669 0.000122549 0.000644515 0.00109562 0.000646107 0.000345463 0.000879732 0.000847963 0.00176068 0.000996801 0.00103215 0.000362643 0.000400929 0.00101101 0.000680677 0.00032178 0.000822256 0.000441811 0.000765167 0.000767865 0.000124361 0.000843497 0.000355128 0.000522892 0 0 0 0 0 0 0 0 0 0 0 0 0 0 0 0 0 
0 0 0 0 0 0 0 0 0 0 0 0 0 0 0 0 1.80481e-05 9.69525e-05 0.0019425 0.00189294 0.00044226 0.00126498 0.000213031 5.54466e-05 0.000778031 0.00228858 0.0023727 0.00039178 0.00173512 0.000582102 0.000703104 0.000668322 0.00221028 0.00218521 0.000887831 0.00101127 0.00188014 0.00209183 0.00250089 0.000587982 0.00047153 0.00156475 0.000643989 0.000752729 0.000528571 0.000629178 0.000844435 0.000765918 0.000258404 0.000304542 0 0 0 0 0 0 0 0 0 0 0 0 0 0 0 0 0 0 0 
0 0 0 0 0 0 0 0 0 0 0 0 0 0 0 0 0 0 0.000886459 0.000922997 0.00173335 0.00197114 0.000863552 0.000539886 0.000361089 0.00068679 0.00147743 0.00140622 0.00134326 0.00059999 0.000305571 0.000188594 0.0011588 0.000839428 0.00160638 0.000757156 0.000488632 0.00087652 0.000517251 0.000665851 0.00183137 0.00110146 0.000638602 0 0 8.37304e-05 0.0015004 0.000609082 0.000814698 0.000416249 0.000623643 0.000399565 0 0 0 0 0 0 0 0 0 0 0 0 0 0 0 0 0 
0 0 0 0 0 0 0 0 0 0 0 0 0 0 0 0 0 0 0 4.37759e-05 0.000699562 0.000994848 0.000276767 0.000780738 0.00097608 0.0016791 0.00111603 0.000235454 0.000114152 0.00128039 0.00136536 0.000177866 0.000328627 0.000413001 0.00180943 0.000882261 0.000855387 0.000463102 0.00142664 0.000581582 0.000510043 0.000225671 0.000139068 0.000135187 0.000434641 0.000212205 0.00121175 0.00114189 0.000221783 0.000127478 0.000449034 0.000165161 0 0 0 0 0 0 0 0 0 0 0 0 0 0 0 0 0 
0 0 0 0 0 0 0 0 0 0 0 0 0 0 0 0 0 0 0 0.000172543 0.0012768 0.00120756 0.000305456 0.000727886 0.000777018 0.000500761 0.00171976 0.00110109 0.00198687 0.00149328 0.000420168 0.000620973 0.000348673 0.00061165 0.000727084 0.00268703 0.0006061 1.65162e-06 4.93483e-05 0.000347942 0.00138275 0.000946686 5.67038e-05 0.000611949 0.000835678 0.000323442 0.000105876 0.000988311 0.000460762 0.000493947 0.000170754 0 0 0 0 0 0 0 0 0 0 0 0 0 0 0 0 0 0 
0 0 0 0 0 0 0 0 0 0 0 0 0 0 0 0 0 0 0 0 9.50195e-05 0.000202938 0.000958588 0.000800827 0.000309189 0.000518117 0.000323761 0.000925001 0.0014017 0.00022757 0.00102475 0.00045559 0.00042222 0.00209282 0.00137887 0.000187878 6.18042e-05 1.88258e-05 8.97539e-06 1.58714e-05 0.000112786 0.000762152 0.00120311 1.25824e-06 3.47932e-05 2.65679e-05 0 0.000191302 0.00043315 0 0 0 0 0 0 0 0 0 0 0 0 0 0 0 0 0 0 0 0 
0 0 0 0 0 0 0 0 0 0 0 0 0 0 0 0 0 0 0 0 0 5.32592e-05 0.000996065 0.00114376 0.00035536 0.000453353 0.000374334 0.000900238 0.00116319 0.00131657 0.000867663 0.00101061 0.000620527 0.000890414 0.000443437 7.53463e-06 5.40825e-05 0.000523695 0.000423644 0.000467795 0.000164401 0.000636206 0.0003599 0.00034851 0.000340175 3.72989e-05 0.000680266 0 0 0 0 0 0 0 0 0 0 0 0 0 0 0 0 0 0 0 0 0 0 
0 0 0 0 0 0 0 0 0 0 0 0 0 0 0 0 0 0 0 0 0 0 8.20119e-05 0.000739026 0.00108612 8.72355e-05 0.000925042 0.000742099 0.000151505 0.000550966 0.000357998 0.00158283 0.000882188 0.000352274 0.000549123 0.000400853 0.00145815 0.000750481 0.000898902 0.000510638 0.000650002 0.000318604 0.000229813 0.00108722 0.000247061 4.34591e-06 7.92617e-05 0 0 0 0 0 0 0 0 0 0 0 0 0 0 0 0 0 0 0 0 0 0 
0 0 0 0 0 0 0 0 0 0 0 0 0 0 0 0 0 0 0 0 0 0 0 0 0 7.87916e-06 0.0013061 0.000744888 0.000866699 0.000275469 0.000844729 0.00106591 0.000679891 0.00109957 0.00143531 0.00100247 0.00119937 0.00183255 0.000810609 0.000364763 0.00131023 0.00106245 0.000824198 0.000146719 0 0 0 0 0 0 0 0 0 0 0 0 0 0 0 0 0 0 0 0 0 0 0 0 0 
0 0 0 0 0 0 0 0 0 0 0 0 0 0 0 0 0 0 0 0 0 0 0 0 0 3.65086e-07 0.000121435 0.000495914 0.000221554 8.73472e-05 0.000741579 0.000712153 0.00161827 0.00160663 0.00216439 0.000616461 0.000991848 0.000878879 0.000274781 0.000103495 0.00183758 0.000161468 0.000132095 0 0 0 0 0 0 0 0 0 0 0 0 0 0 0 0 0 0 0 0 0 0 0 0 0 0 
0 0 0 0 0 0 0 0 0 0 0 0 0 0 0 0 0 0 0 0 0 0 0 0 0 0 0 0 0 0 0.000122386 0.00038468 0.00063365 0.000642221 0.000481818 0.000645682 0.00118892 0.000922436 0 0 0 0 0 0 0 0 0 0 0 0 0 0 0 0 0 0 0 0 0 0 0 0 0 0 0 0 0 0 0 
0 0 0 0 0 0 0 0 0 0 0 0 0 0 0 0 0 0 0 0 0 0 0 0 0 0 0 0 0 0 0 0 0 0 0 0 0 0 0 0 0 0 0 0 0 0 0 0 0 0 0 0 0 0 0 0 0 0 0 0 0 0 0 0 0 0 0 0 0 
0 0 0 0 0 0 0 0 0 0 0 0 0 0 0 0 0 0 0 0 0 0 0 0 0 0 0 0 0 0 0 0 0 0 0 0 0 0 0 0 0 0 0 0 0 0 0 0 0 0 0 0 0 0 0 0 0 0 0 0 0 0 0 0 0 0 0 0 0 
0 0 0 0 0 0 0 0 0 0 0 0 0 0 0 0 0 0 0 0 0 0 0 0 0 0 0 0 0 0 0 0 0 0 0 0 0 0 0 0 0 0 0 0 0 0 0 0 0 0 0 0 0 0 0 0 0 0 0 0 0 0 0 0 0 0 0 0 0 
0 0 0 0 0 0 0 0 0 0 0 0 0 0 0 0 0 0 0 0 0 0 0 0 0 0 0 0 0 0 0 0 0 0 0 0 0 0 0 0 0 0 0 0 0 0 0 0 0 0 0 0 0 0 0 0 0 0 0 0 0 0 0 0 0 0 0 0 0 
0 0 0 0 0 0 0 0 0 0 0 0 0 0 0 0 0 0 0 0 0 0 0 0 0 0 0 0 0 0 0 0 0 0 0 0 0 0 0 0 0 0 0 0 0 0 0 0 0 0 0 0 0 0 0 0 0 0 0 0 0 0 0 0 0 0 0 0 0 
0 0 0 0 0 0 0 0 0 0 0 0 0 0 0 0 0 0 0 0 0 0 0 0 0 0 0 0 0 0 0 0 0 0 0 0 0 0 0 0 0 0 0 0 0 0 0 0 0 0 0 0 0 0 0 0 0 0 0 0 0 0 0 0 0 0 0 0 0 
0 0 0 0 0 0 0 0 0 0 0 0 0 0 0 0 0 0 0 0 0 0 0 0 0 0 0 0 0 0 0 0 0 0 0 0 0 0 0 0 0 0 0 0 0 0 0 0 0 0 0 0 0 0 0 0 0 0 0 0 0 0 0 0 0 0 0 0 0 
0 0 0 0 0 0 0 0 0 0 0 0 0 0 0 0 0 0 0 0 0 0 0 0 0 0 0 0 0 0 0 0 0 0 0 0 0 0 0 0 0 0 0 0 0 0 0 0 0 0 0 0 0 0 0 0 0 0 0 0 0 0 0 0 0 0 0 0 0 
0 0 0 0 0 0 0 0 0 0 0 0 0 0 0 0 0 0 0 0 0 0 0 0 0 0 0 0 0 0 0 0 0 0 0 0 0 0 0 0 0 0 0 0 0 0 0 0 0 0 0 0 0 0 0 0 0 0 0 0 0 0 0 0 0 0 0 0 0 
0 0 0 0 0 0 0 0 0 0 0 0 0 0 0 0 0 0 0 0 0 0 0 0 0 0 0 0 0 0 0 0 0 0 0 0 0 0 0 0 0 0 0 0 0 0 0 0 0 0 0 0 0 0 0 0 0 0 0 0 0 0 0 0 0 0 0 0 0 
0 0 0 0 0 0 0 0 0 0 0 0 0 0 0 0 0 0 0 0 0 0 0 0 0 0 0 0 0 0 0 0 0 0 0 0 0 0 0 0 0 0 0 0 0 0 0 0 0 0 0 0 0 0 0 0 0 0 0 0 0 0 0 0 0 0 0 0 0 
0 0 0 0 0 0 0 0 0 0 0 0 0 0 0 0 0 0 0 0 0 0 0 0 0 0 0 0 0 0 0 0 0 0 0 0 0 0 0 0 0 0 0 0 0 0 0 0 0 0 0 0 0 0 0 0 0 0 0 0 0 0 0 0 0 0 0 0 0 
0 0 0 0 0 0 0 0 0 0 0 0 0 0 0 0 0 0 0 0 0 0 0 0 0 0 0 0 0 0 0 0 0 0 0 0 0 0 0 0 0 0 0 0 0 0 0 0 0 0 0 0 0 0 0 0 0 0 0 0 0 0 0 0 0 0 0 0 0 
