0 0 0 0 0 0 0 0 0 0 0 0 0 0 0 0 0 0 0 0 0 0 0 0 0 0 0 0 0 0 0 0 0 0 0 0 0 0 0 0 0 0 0 0 0 0 0 0 0 0 0 0 0 0 0 0 0 0 0 0 0 0 0 0 0 0 0 0 0 
0 0 0 0 0 0 0 0 0 0 0 0 0 0 0 0 0 0 0 0 0 0 0 0 0 0 0 0 0 0 0 0 0 0 0 0 0 0 0 0 0 0 0 0 0 0 0 0 0 0 0 0 0 0 0 0 0 0 0 0 0 0 0 0 0 0 0 0 0 
0 0 0 0 0 0 0 0 0 0 0 0 0 0 0 0 0 0 0 0 0 0 0 0 0 0 0 0 0 0 0 0 0 0 0 0 0 0 0 0 0 0 0 0 0 0 0 0 0 0 0 0 0 0 0 0 0 0 0 0 0 0 0 0 0 0 0 0 0 
0 0 0 0 0 0 0 0 0 0 0 0 0 0 0 0 0 0 0 0 0 0 0 0 0 0 0 0 0 0 0 0 0 0 0 0 0 0 0 0 0 0 0 0 0 0 0 0 0 0 0 0 0 0 0 0 0 0 0 0 0 0 0 0 0 0 0 0 0 
0 0 0 0 0 0 0 0 0 0 0 0 0 0 0 0 0 0 0 0 0 0 0 0 0 0 0 0 0 0 0 0 0 0 0 0 0 0 0 0 0 0 0 0 0 0 0 0 0 0 0 0 0 0 0 0 0 0 0 0 0 0 0 0 0 0 0 0 0 
0 0 0 0 0 0 0 0 0 0 0 0 0 0 0 0 0 0 0 0 0 0 0 0 0 0 0 0 0 0 0 0 0 0 0 0 0 0 0 0 0 0 0 0 0 0 0 0 0 0 0 0 0 0 0 0 0 0 0 0 0 0 0 0 0 0 0 0 0 
0 0 0 0 0 0 0 0 0 0 0 0 0 0 0 0 0 0 0 0 0 0 0 0 0 0 0 0 0 0 0 0 0 0 0 0 0 0 0 0 0 0 0 0 0 0 0 0 0 0 0 0 0 0 0 0 0 0 0 0 0 0 0 0 0 0 0 0 0 
0 0 0 0 0 0 0 0 0 0 0 0 0 0 0 0 0 0 0 0 0 0 0 0 0 0 0 0 0 0 0 0 0 0 0 0 0 0 0 0 0 0 0 0 0 0 0 0 0 0 0 0 0 0 0 0 0 0 0 0 0 0 0 0 0 0 0 0 0 
0 0 0 0 0 0 0 0 0 0 0 0 0 0 0 0 0 0 0 0 0 0 0 0 0 0 0 0 0 0 0 0 0 0 0 0 0 0 0 0 0 0 0 0 0 0 0 0 0 0 0 0 0 0 0 0 0 0 0 0 0 0 0 0 0 0 0 0 0 
0 0 0 0 0 0 0 0 0 0 0 0 0 0 0 0 0 0 0 0 0 0 0 0 0 0 0 0 0 0 0 0 0 0 0 0 0 0 0 0 0 0 0 0 0 0 0 0 0 0 0 0 0 0 0 0 0 0 0 0 0 0 0 0 0 0 0 0 0 
0 0 0 0 0 0 0 0 0 0 0 0 0 0 0 0 0 0 0 0 0 0 0 0 0 0 0 0 0 0 0 0 0 0 0 0 0 0 0 0 0 0 0 0 0 0 0 0 0 0 0 0 0 0 0 0 0 0 0 0 0 0 0 0 0 0 0 0 0 
0 0 0 0 0 0 0 0 0 0 0 0 0 0 0 0 0 0 0 0 0 0 0 0 0 0 0 0 0 0 0 0 0 0 0 0 0 0 0 0 0 0 0 0 0 0 0 0 0 0 0 0 0 0 0 0 0 0 0 0 0 0 0 0 0 0 0 0 0 
0 0 0 0 0 0 0 0 0 0 0 0 0 0 0 0 0 0 0 0 0 0 0 0 0 0 0 0 0 0 0 0.000314498 9.23124e-05 0.000114665 4.86466e-05 0.000585215 5.27292e-06 0 0 0 0 0 0 0 0 0 0 0 0 0 0 0 0 0 0 0 0 0 0 0 0 0 0 0 0 0 0 0 0 
0 0 0 0 0 0 0 0 0 0 0 0 0 0 0 0 0 0 0 0 0 0 0 0 0 0 0 0 0.000153584 3.64257e-05 6.49587e-05 0.00141842 0.000569951 0.000938874 0.000394846 0.000559096 0.000380783 0 3.30741e-05 0.000405367 0 0 0 0 0 0 0 0 0 0 0 0 0 0 0 0 0 0 0 0 0 0 0 0 0 0 0 0 0 
0 0 0 0 0 0 0 0 0 0 0 0 0 0 0 0 0 0 0 0 0 0 0 0 0 0 0 0 0.000494 0.000146284 1.07223e-05 7.0424e-05 0.000392017 0.00146538 0.000954436 0.000139353 0.00125119 6.79242e-05 0.000446293 0.000349092 7.88776e-06 0.000511818 4.3584e-05 0 0 0 0 0 0 0 0 0 0 0 0 0 0 0 0 0 0 0 0 0 0 0 0 0 0 
0 0 0 0 0 0 0 0 0 0 0 0 0 0 0 0 0 0 0 0 0 0 0 0 0 0 0 0 0 0.00112206 0.00142728 0.000338788 0.000575933 0.000491055 9.83542e-05 0.00062084 0.0010331 4.56635e-05 0.000363278 0.000254741 0.000544852 0.00023755 0.00024277 0.000228408 0 0 0 0 0 0 0 0 0 0 0 0 0 0 0 0 0 0 0 0 0 0 0 0 0 
0 0 0 0 0 0 0 0 0 0 0 0 0 0 0 0 0 0 0 0 0 0 0 0 0 0.000150486 0.000746696 0.000308814 0.00047034 0.000935134 0.000590677 0.0013591 0.000328527 0.000240792 0.000715653 0.00047952 0.000970448 4.58943e-05 0 8.09441e-05 0.000758633 0.00123722 0.00172419 0.000651523 0 0 0 0 0 0 0 0 0 0 0 0 0 0 0 0 0 0 0 0 0 0 0 0 0 
0 0 0 0 0 0 0 0 0 0 0 0 0 0 0 0 0 0 0 0 0 0 0 0 0 0.000257886 0.000970175 0.0010986 0.000960905 6.94284e-05 6.33947e-05 0.000434638 0.000289539 0.00079052 0.00105733 0.000231921 0.000840067 0.000161247 0 2.83265e-05 0.000351376 0.000838597 0.000638724 0.000473544 0 0 0 0 0 0 0 0 0 0 0 0 0 0 0 0 0 0 0 0 0 0 0 0 0 
0 0 0 0 0 0 0 0 0 0 0 0 0 0 0 0 0 0 0 0 0 0 0 0 0 0.000189223 0.000927616 0.000510524 0.000664697 0.000323118 0.000770854 0.000522441 0.00064551 0.000107692 4.99862e-05 0.000978194 0.000648478 0.00125571 0.000541808 0.000236628 9.5885e-06 0.000826541 0.00131886 0.000292193 0 0 0 0 0 0 0 0 0 0 0 0 0 0 0 0 0 0 0 0 0 0 0 0 0 
0 0 0 0 0 0 0 0 0 0 0 0 0 0 0 0 0 0 0 0 0 0 0 0 0 1.39064e-05 0.000152553 0.000924388 0.000574653 0.00156209 0.000726814 0.00158466 0.000640418 0.000158745 9.48781e-05 0.000811414 0.000184508 0.000332683 0.00139153 0.000597429 0 0.000206653 0.000463421 5.0879e-05 0 0 0 0 0 0 0 0 0 0 0 0 0 0 0 0 0 0 0 0 0 0 0 0 0 
0 0 0 0 0 0 0 0 0 0 0 0 0 0 0 0 0 0 0 0 4.71188e-06 6.55448e-06 0 0 0.00021143 0.000141997 0.000541834 0.000433839 0.000548453 0.000868664 0.000199035 0.00112964 0.000116583 0.000922916 0.000409033 0.000680829 0.00015327 0.000661698 0.00058039 0.000548787 0.000302254 0.00104942 0.000238801 0 0.000382929 0.000220284 0.000308335 0.000290027 4.48671e-05 0.000126141 0.000238369 0 0 0 0 0 0 0 0 0 0 0 0 0 0 0 0 0 0 
0 0 0 0 0 0 0 0 0 0 0 0 0 0 0 0 0 0 0 9.66253e-05 0.000703974 0.00076968 0.000460848 0 0.000302481 0.000765912 0.000768134 0.000438203 0.000288925 0.000286119 0.000434244 0.00016713 0.000144234 0.000898385 0.00020548 7.18954e-05 0.000424501 0.000487184 7.03567e-05 0.000166351 0.00110445 0.001013 0.000432913 2.04894e-05 0.000190011 0.000345237 0.000403106 0.000685238 0.000899479 0.000894194 0.000836949 0 0 0 0 0 0 0 0 0 0 0 0 0 0 0 0 0 0 
0 0 0 0 0 0 0 0 0 0 0 0 0 0 0 0 0 0 7.27199e-06 0.000440793 0.00115333 0.00032534 1.80468e-05 0 6.77398e-05 0.000951863 0.000722883 0.000567371 0.000715499 0 0 0 0.000151151 0.00127043 0.0005299 0.000408447 0.000333126 0.000615771 0.000909275 0 0.000139591 0.000426783 0.000593206 0.000173016 0.000715639 0.000912089 0.000467498 6.90231e-05 0.000100097 0.000858481 0.000860821 0 0 0 0 0 0 0 0 0 0 0 0 0 0 0 0 0 0 
0 0 0 0 0 0 0 0 0 0 0 0 0 0 0 0 0 0 0.000121585 0.000873851 0.000549699 0.000383777 0 0 0.000182766 0.000592917 0.000525637 6.94474e-05 0.000349375 0.000599547 0.000290366 0 4.57382e-05 0.00125813 0.0016911 0.000548339 0.000314663 0.000280528 0.000773179 0.000150355 0 0.00016711 0.000573248 0.000431032 0.00091986 0.000589725 0.00068944 0.000422196 0 3.82647e-06 2.8659e-06 0 0 0 0 0 0 0 0 0 0 0 0 0 0 0 0 0 0 
0 0 0 0 0 0 0 0 0 0 0 0 0 0 0 0 0 0.000101604 0.000260471 0.000579874 0.000333214 0.000733061 0 2.92639e-05 0.000884404 0.00044666 0.000238877 0.000576228 0.000461537 0.000909004 0.000246476 0 8.58605e-05 0.00065906 0.000206368 0.000298579 0.00065132 7.68765e-06 0.000621333 0.000414688 4.64805e-05 0.000162623 0.000363655 0.00102634 0.00051438 0.000106612 0.00012364 0.000383048 0.000624862 6.75007e-06 0 0 0 0 0 0 0 0 0 0 0 0 0 0 0 0 0 0 0 
0 0 0 0 0 0 0 0 0 0 0 0 0 0 0 0 0 0.000705449 0.000736046 0.0012978 0.000844193 0.000473556 0.000288688 0.000595147 0.000775586 0.000355899 0.000820592 0.000525928 8.20825e-05 0.00116856 0.000415177 3.59378e-06 0.000782913 7.73982e-06 7.78746e-05 0.00124509 0.000324133 0.000467021 0.00147806 0.000395079 0.000183721 0.000455685 0.000369664 0.00108998 0.000544481 0 3.58858e-05 0.000910958 0.00134783 3.67062e-05 0 0 0 0 0 0 0 0 0 0 0 0 0 0 0 0 0 0 0 
0 0 0 0 0 0 0 0 0 0 0 0 0 0 0 0 0 0.000313039 0.000700649 0.000839071 0.000442056 0.00115418 0.000520783 0.000337084 0.00105753 0.00075467 0.000726377 0.000571618 0 0.00126043 0.000630031 6.63646e-05 0.000693651 3.45295e-05 0.00011266 0.000563164 0.000405812 0.000273948 0.000299646 0.000877159 0.000680098 0 0.000102711 0.000477155 0.000507766 0.000194452 3.66163e-05 0.00143179 0.00031597 0 0 0 0 0 0 0 0 0 0 0 0 0 0 0 0 0 0 0 0 
0 0 0 0 0 0 0 0 0 0 0 0 0 0 0 0 0 0.000264148 0.000114796 0.00169584 0.000703526 0.000317247 1.95956e-05 0 0.000315822 0.000894173 0.000569578 0.000938799 0.000196276 0.000116377 0.000683888 0.000341471 0 0.00029009 0.000425862 0 0.00025893 0.000319943 0.000189375 0.000184559 0.000415319 0 0.000823353 0.000265153 0.000405393 0.000442881 0.000839117 0.00174695 0.000549711 0 0 0 0 0 0 0 0 0 0 0 0 0 0 0 0 0 0 0 0 
0 0 0 0 0 0 0 0 0 0 0 0 0 0 0 0 0 0.001256 0.000725335 6.46308e-06 0.000409636 0.000675276 0.000177373 6.60555e-05 0.000655448 0.00170784 0.000717522 0.000889278 0.000695404 0.000774667 0.0008377 0.00122167 1.52618e-05 0 1.05096e-05 3.35301e-06 0 0.000642315 0.00103423 0.000105797 2.89958e-05 0 9.61203e-06 3.5856e-07 0.00057535 0.00181934 0.00164815 0.000879874 0.000160214 0 0 0 0 0 0 0 0 0 0 0 0 0 0 0 0 0 0 0 0 
0 0 0 0 0 0 0 0 0 0 0 0 0 0 0 0 0 0.000870815 0.00095709 0.000223424 0.000257766 0.000966351 0.000699179 0.000261222 0.000271223 0.00118271 0.000455134 0.000580951 0.00021261 0.000106436 0.000538791 0.000552337 8.96124e-06 0 0.000773548 0.000756779 3.41439e-05 3.94284e-05 0.000244961 0.000518506 0.000277913 0.000313488 0.000778685 7.28994e-05 0.000410525 0.00103867 9.6255e-05 7.9204e-05 2.27152e-05 0 0 0 0 1.00522e-06 4.88555e-07 0 0 0 0 0 0 0 0 0 0 0 0 0 0 
0 0 0 0 0 0 0 0 0 0 0 0 0 0 0 1.51923e-05 0.000205921 0.000573688 0.000436863 0.000858097 0.000732382 0.000429104 0.000328504 0.000108745 0 0.000277198 0.000147908 0.000773039 0.00100844 0.000633007 0.000560423 0.000670314 0 0 0.000379132 0.000961739 0.000764809 0.000806806 0.000335771 0.000330167 0.000818883 0.000622222 0.00097649 0.000381017 0.00110415 0.000885869 6.14696e-05 0 8.35407e-05 0.000295568 0.000724471 0.000467415 0.000143124 0.00148374 0.00078272 0 0 0 0 0 0 0 0 0 0 0 0 0 0 
0 0 0 0 0 0 0 0 0 0 0 0 0 0 0 3.98547e-05 0.000766076 0.000562751 0.000121147 0.000716639 0.000543475 0.000230244 0.000514872 6.51556e-05 0.00064682 0.000331903 0.000483837 0.000548408 0.0010781 0.000620645 0.000630414 0.000582519 0.00062738 0.000249788 0.00036588 0.000484635 0.000549824 0.00062413 8.35227e-05 0.00035304 0.000753063 0.000721651 0.000605615 0.000744354 0.000239743 0.000472075 1.16637e-05 0.000225305 0.00077214 0.00120127 0.000821759 0.00109107 0.00135729 0.00048676 0.000275413 0 0 0 0 0 0 0 0 0 0 0 0 0 0 
0 0 0 0 0 0 0 0 0 0 0 0 0 0 0.000201355 0.000447503 0.000178328 0.000175139 0.000480745 0.00098461 0.000182347 0.000277841 0.000220959 0.000169822 8.10342e-05 0 0.000249697 0.00117944 0.000908357 0.00040867 0.000635511 0.000185266 6.49509e-06 0.000167025 0.00040098 2.92594e-05 0.00206386 0.000331884 0 0 0.00126297 0.000425757 9.68545e-05 7.99256e-05 0.000327797 0.00192702 6.55609e-05 7.82025e-05 0.000687356 0.00231555 0.00149647 0.000629294 0.000525267 0.000728511 0.000249573 0 0 0 0 0 0 0 0 0 0 0 0 0 0 
0 0 0 0 0 0 0 0 0 0 0 0 0 0 8.84461e-05 0.000297972 0 4.64429e-05 0.00116991 0.000594202 0.00070759 0.00100594 0.00136479 0.000942516 0 2.23479e-05 0.000877884 0.00114909 0.000649601 0.0011983 0.000317487 0.000195344 0.000116698 0.000170418 0.00137486 0.000788604 0.000592023 0.000500054 0 0.000227071 0.00112047 0.000486316 0.000495918 0.00038747 0.000467496 0.000568316 0.000361516 0.000320085 0 0 5.9523e-05 0.000632665 0.000182112 0.000282779 0.000639109 0.000265021 0.000680078 0 0 0 0 0 0 0 0 0 0 0 0 
0 0 0 0 0 0 0 0 0 0 0 0 0 3.54208e-05 0.00033839 0.00117625 0.000688286 0.000331448 5.745e-05 0.000642034 0.00102926 0.00151415 0.000298583 0.00012764 4.81338e-05 0.000133565 0.000805138 0.000955847 0.000766852 0.000424498 1.42179e-05 0.000279898 0.00134209 0.00135578 0.000965784 8.81498e-05 0.000432162 0.000425165 0 0.000544673 0.000513037 0.00028613 0.000367113 0.00048 0.000332864 0.00078534 0.000661138 7.03642e-05 0 0 0.000302151 0.000712571 0.00016072 0.000443041 0.000344515 0.000490112 0.000413819 0 0 0 0 0 0 0 0 0 0 0 0 
0 0 0 0 0 0 0 0 0 0 0 0 0 0.000787162 0.00147257 0.00121307 0.00196685 0.000407112 0.00038294 0.000933983 0.000483095 0.000364185 0.000613941 0.000515462 0.000562811 0.00111907 0.000876167 0.000286557 0.000843047 0.000875213 0.000267141 0.000664542 1.92564e-05 0.000599739 9.57149e-05 0 0.000265802 0.00032932 0.000465454 0.000545062 0.000369765 0.000888031 0.0012779 0.000333823 0.00052017 0.000371692 0.00024593 7.59011e-05 0.000379476 0.000112149 0.000386775 0.000767537 0.000212764 0.000293392 0.000122358 8.76134e-05 0 0 0 0 0 0 0 0 0 0 0 0 0 
0 0 0 0 0 0 0 0 0 0 0 0 0.000154249 0.000950156 0.000236843 0.000281582 0.000215215 0.000272317 0.00088058 0.000732839 0.000193767 0.000190212 0.000130342 0.000210676 0.000304528 0.000619408 0.0001504 0.000131331 0.000641171 0.000259186 0.000996586 0.00124309 0 0 0.000414095 5.07623e-05 0.000260334 0.00042156 0.000510354 0.000567939 0.000218403 0.000161176 0.000410821 0.000244215 0.000318793 0.000856787 0.000498136 0.000209463 0.000855796 0.000534193 0.000668474 0.000630256 0.000251002 0.000715086 0 0 0 0 0 0 0 0 0 0 0 0 0 0 0 
0 0 0 0 0 0 0 0 0 0 0 0 0.000263445 0.00102202 0.000221865 0 4.80718e-05 0.000131772 0.000358886 1.11377e-05 0.000376156 0.0015315 0.000680363 0.0005935 0.000463094 0.000610512 0.000241323 0 0.00072236 0.000496561 0.000514734 0.00203052 0.000208395 0 0.000442811 0.000497212 0.0014797 0.000374716 0.000120564 0.000300011 1.03223e-05 2.16405e-05 0.000481869 0.000444524 0.00133656 0.00120193 0.000345135 8.31195e-05 0.00023375 0.000976518 0.0012514 0.000318991 0.00010634 0.000529916 0 0 0 0 0 0 0 0 0 0 0 0 0 0 0 
0 0 0 0 0 0 0 0 0 0 0 0 0 0.000874995 0.000492027 0.000731976 0.000349985 0.00124998 0.000839343 0.000683299 0.000976378 0.00155949 0.000655205 0.000574667 0.00019086 0.00142087 0.000394378 0 5.3636e-05 0.000114689 0.00016933 0.0016564 6.82272e-05 0.000235187 0.000993893 0.00117647 0.00102928 0.000324507 0.000132677 0.000652985 0.000469485 0.000520795 0.000620066 0.000648519 0.000254146 0.000804664 0.00157975 0.000440769 1.8161e-06 0.000209891 0.00161924 0.000721767 0.000404533 0.00031821 0 0 0 0 0 0 0 0 0 0 0 0 0 0 0 
0 0 0 0 0 0 0 0 0 0 0 0 0.000639603 0.00016131 0.000474737 0.00106649 0.000259655 0.000364281 0.00043044 0.00118282 0.000571227 0.000392168 0.00126518 0.00017349 0.000932867 0.000765246 0.000234672 5.20818e-06 0 6.47348e-05 0.000229464 0.000132944 0.000162163 8.81477e-05 9.33576e-05 8.96152e-05 0.000266418 0.000516591 0.000124346 0.00126925 0.000639769 0.000492219 0.000142938 0.000202318 0.000817446 0.00068122 0.000455184 0.000529487 0.00079065 0.000189664 0.00020694 0.000358768 0.000143062 0.000224568 0.000553971 0.000131768 0 0 0 0 0 0 0 0 0 0 0 0 0 
0 0 0 0 0 0 0 0 0 0 0 0 0.000143233 3.35493e-06 0 0.000565095 0.000302592 0.000570108 0.000189308 6.92619e-05 4.20994e-06 4.23565e-05 0.00103379 0.000205772 0.000751639 0.00138566 0.00136922 0.000919298 0.000832878 0.000775891 0.000452809 0 0.000374837 0.000194445 0.000176742 0.000353631 0.000408839 1.19833e-05 2.35581e-05 0.00064883 0.000870242 0.00050988 0 0.000514992 0.0014382 0.000931635 0.000245625 0.000234316 7.43699e-05 0.000319578 0.000187735 0.00015188 0.00132401 0.000232864 0.000464712 7.03828e-05 0 0 0 0 0 0 0 0 0 0 0 0 0 
0 0 0 0 0 0 0 0 0 0 0 0 0 0.000104115 0.000741061 0.000675465 0.000290706 0.000640058 0.00017132 0.00109036 0.000600062 0 0.0010952 0.000789321 0 0.00100604 0.000369322 0.000662863 0.000438879 0.000295786 5.75565e-05 0.00063164 0.000337333 0.000508183 0.00137014 0.000674257 8.09476e-05 0.00025396 1.10813e-05 0.000318193 0.000390344 0.000403024 0.000257953 0.000234372 0.000939704 0.00143438 0.000769803 0.00136838 0.000582423 0 3.6657e-05 0.000148593 0.000110229 0.000109736 8.30105e-05 0 0 0 0 0 0 0 0 0 0 0 0 0 0 
0 0 0 0 0 0 0 0 0 0 0 0 0 0.000364936 0.00120882 0.00161315 0.00175276 0.000117797 0.000824414 0.00146171 0.0014304 0.000135498 0.000181512 0.000619682 0 0.000350559 0.000176007 0.000170223 0.000294974 0.000335388 0.000114859 0.00163388 0.00093639 0.000263077 0.000869491 0.00113682 5.97477e-05 0.000562703 0.000246123 0.000750383 0.000357955 0.000684185 0.000357612 0.000893023 0.000272412 0.00152094 0.00105086 0.00208215 0.000140199 0.000429461 0.00016886 0.000722172 0 0.000806143 0.000331945 0 0 0 0 0 0 0 0 0 0 0 0 0 0 
0 0 0 0 0 0 0 0 0 0 0 0 0 0.000240818 0.000296902 0.00107731 0.000777723 0.000286856 1.39107e-05 1.22993e-05 2.4796e-05 5.28611e-06 0.000309027 0.000272561 7.91511e-05 0.00135851 0.000437378 0.00130016 0.000616903 0.000636157 4.94869e-05 0.000253804 2.45227e-06 0.000396564 0.000840151 0.000917131 0.000458259 0.000144616 0.000938118 0.000347494 0.0012975 0.000138623 0.000223257 0.000577119 0.000796037 0.00145963 0 0.00045361 0.000249188 0.000455009 6.65305e-05 0.00047576 0.000515299 0.000353732 3.58378e-05 0 0 0 0 0 0 0 0 0 0 0 0 0 0 
0 0 0 0 0 0 0 0 0 0 0 0 0 0.00026234 0.0002391 0.000389014 0.000554718 0.000345518 0.000206553 0.000107942 0 0 0.000215706 0.00102775 0.000523504 0.0005908 0.000806447 0.000605743 2.67405e-05 0.000375139 0.000184894 0.000215938 0.000409742 0.000593705 0.000651672 0.000360935 0.000356753 0.000442574 0.000758784 0.000688188 0.00115245 0.000242813 0.000538874 0.000271604 0.00090342 0.00202319 0.000389832 0.000107776 0.000372663 0.000644663 7.13717e-05 5.51995e-05 0.000179558 3.12809e-05 0 0 0 0 0 0 0 0 0 0 0 0 0 0 0 
0 0 0 0 0 0 0 0 0 0 0 0 0 0 0 0 7.48275e-05 0.000398237 0.00048754 0.000485372 4.15992e-05 6.50415e-05 0.000418999 0.00097581 0.00130652 0.000357899 0.000259359 0 0 0.00038438 0.000453442 0.000789723 0.00132231 0.000525063 0.000735153 7.02645e-05 0.000100686 0.000708648 0.000913321 0.000849292 0.0011259 4.09637e-06 0.000308785 0.000448315 0.00130816 0.00128777 0.000530215 0.000561043 0.000186582 0.000415316 0.00117943 0.000395039 0.000307909 0 0 0 0 0 0 0 0 0 0 0 0 0 0 0 0 
0 0 0 0 0 0 0 0 0 0 0 0 0 0 0 0 0.000604358 0.000429211 0.000197679 0.000910234 0.000160395 0.00035467 0.00214698 0.000233072 0.00011888 0.000106638 7.72771e-05 0 0 7.84929e-05 0.000436831 0 0.000437121 0.00064753 0.000760183 8.54978e-05 0 0 0.000867071 0.00056798 0.000666455 0.00104497 0.000763741 0 0.00083846 0.000985418 0.000679382 0.000406482 0.00013957 0.000496314 0.000151116 0.000721925 0 0 0 0 0 0 0 0 0 0 0 0 0 0 0 0 0 
0 0 0 0 0 0 0 0 0 0 0 0 0 0 0 0 0.000775397 0.0013197 0.00166653 0.00106687 0.000308367 0.000208533 0.000242273 0.000120498 0 1.75749e-05 0.000162536 2.47107e-06 0 4.35397e-05 0.00064364 0.000656388 0.000299811 0.000106445 8.12799e-05 1.98007e-05 0.000316557 0.00163236 0.00129436 0.00197416 7.06429e-05 0.000569324 0.000701542 0 9.20207e-05 7.57057e-05 0.000419787 0.000362477 3.90885e-05 0.000411671 0.000914719 0.000207095 0 0 0 0 0 0 0 0 0 0 0 0 0 0 0 0 0 
0 0 0 0 0 0 0 0 0 0 0 0 0 0 0 0 0.000223319 0.000502057 0.00166628 0.000197381 0.000190373 0.000228623 0.000300946 0.00023144 0 0.000129475 0.00176858 0.000716979 7.36926e-05 4.20234e-05 0.0012539 0.00197014 0.000781003 0 0.000556737 0.000609885 0.00101085 0.00113544 0.000940852 0.00153341 0.000631445 0.00119627 0.000367718 0.000186726 0.000347531 0.000479598 0.00049496 0.000203249 0.000193828 0.000498255 0.000548523 9.2782e-05 0 0 0 0 0 0 0 0 0 0 0 0 0 0 0 0 0 
0 0 0 0 0 0 0 0 0 0 0 0 0 0 0 0 0 0 0.000584681 0.000128091 0 6.32154e-05 0.000183667 0 0 5.00801e-05 0.000599461 0.000814296 0.000436526 0.00024893 0.00088322 0.0016886 0.000521508 0.000517158 0.000268431 0.00132652 0.000395402 0.000344993 0.000526847 0.000964425 0.00034127 0.000570995 0.000199266 0.00048336 1.99153e-05 0.000164789 0.000252455 0.000546334 0.000197254 0.000617775 0.000925404 0 0 0 0 0 0 0 0 0 0 0 0 0 0 0 0 0 0 
0 0 0 0 0 0 0 0 0 0 0 0 0 0 0 0 0 0 0.000868785 0.000538947 0.000372519 0.000505837 0.000808475 0 0 0.000761592 0.000442643 0.000205586 0 0.000742523 0.000913634 0.00125613 0.000346556 0.000275543 0.00112943 0.00148206 0.000387495 8.01374e-06 0.0018562 0.00162169 0.00143184 0.000533946 0.000304588 0.000361617 0.000287514 0.00109189 0.00162802 0.0011814 0.00046584 0.00074418 0.00133548 0 0 0 0 0 0 0 0 0 0 0 0 0 0 0 0 0 0 
0 0 0 0 0 0 0 0 0 0 0 0 0 0 0 0 0 0 0.000300503 0.00017957 0.000422832 0.00121379 0.00084601 0.000460712 0.000308861 0.000342892 0.000977445 0.000479264 0.000288443 0.000535378 0.000534064 7.43303e-05 0.000512826 0.000257054 0.000210244 0.00111213 0.000530241 0.00122257 0.00120332 0.00116391 0.00103126 0.000807033 7.62046e-05 0.000150337 9.17705e-05 0.000747539 0.000502188 0.000550614 9.14248e-05 8.42055e-05 0.000172858 0 0 0 0 0 0 0 0 0 0 0 0 0 0 0 0 0 0 
0 0 0 0 0 0 0 0 0 0 0 0 0 0 0 0 0 0 0 3.57201e-05 0.000562552 0.00010137 0.00112257 0.00148818 0.000243911 0.000744745 0.000948177 5.09214e-05 0.000395308 2.63188e-06 8.41079e-05 0.000529646 0.000126565 0 0.000370684 0.000943032 2.91007e-06 0.000597258 0.00190513 0.00208296 0.000997283 0.000404208 0.000914343 0.00103706 0.000696045 0.000110385 0.000603063 0.000221809 0 0 0 0 0 0 0 0 0 0 0 0 0 0 0 0 0 0 0 0 0 
0 0 0 0 0 0 0 0 0 0 0 0 0 0 0 0 0 0 0 1.21143e-05 0.000190786 0 0.00124695 0.00127637 0.000532745 0.000865951 0.000714234 6.70733e-05 0.000717328 2.83978e-06 2.6308e-05 0.000182496 0.00112669 0.000221695 0.000195491 0.000246413 0 0 0.000701872 0.00182341 0.000554237 0.000148858 0.00124283 0.000644687 0.000457842 0.000335513 0.00108849 0.000278361 0 0 0 0 0 0 0 0 0 0 0 0 0 0 0 0 0 0 0 0 0 
0 0 0 0 0 0 0 0 0 0 0 0 0 0 0 0 0 0 0 0 0 0.00119573 0.000996591 0.000872564 0.00139581 6.14446e-05 0.000100333 0.000157939 0.000416239 0 0 0 7.22001e-05 3.38066e-05 0 0 0 0 8.11606e-05 0.000640024 0.00113383 0.000508666 0.000789785 0 0 0 0 0 0 0 0 0 0 0 0 0 0 0 0 0 0 0 0 0 0 0 0 0 0 
0 0 0 0 0 0 0 0 0 0 0 0 0 0 0 0 0 0 0 0 0 0.000254509 0.000236144 0.000971608 0.00131763 0.000516705 0.00137141 0.00175956 0.00054516 0 0 0 0 0 0 0 0 0 0.000654201 0.000737894 0.00252209 0.000132884 0 0 0 0 0 0 0 0 0 0 0 0 0 0 0 0 0 0 0 0 0 0 0 0 0 0 0 
0 0 0 0 0 0 0 0 0 0 0 0 0 0 0 0 0 0 0 0 0 0 0 6.61747e-06 0.000121953 0.00127561 0.000529203 6.41277e-05 1.58424e-05 0 0 0 0 0 0 0 0 0 9.80131e-05 1.01949e-05 0 0 0 0 0 0 0 0 0 0 0 0 0 0 0 0 0 0 0 0 0 0 0 0 0 0 0 0 0 
0 0 0 0 0 0 0 0 0 0 0 0 0 0 0 0 0 0 0 0 0 0 0 0 0 0 0 0 0 0 0 0 0 0 0 0 0 0 0 0 0 0 0 0 0 0 0 0 0 0 0 0 0 0 0 0 0 0 0 0 0 0 0 0 0 0 0 0 0 
0 0 0 0 0 0 0 0 0 0 0 0 0 0 0 0 0 0 0 0 0 0 0 0 0 0 0 0 0 0 0 0 0 0 0 0 0 0 0 0 0 0 0 0 0 0 0 0 0 0 0 0 0 0 0 0 0 0 0 0 0 0 0 0 0 0 0 0 0 
0 0 0 0 0 0 0 0 0 0 0 0 0 0 0 0 0 0 0 0 0 0 0 0 0 0 0 0 0 0 0 0 0 0 0 0 0 0 0 0 0 0 0 0 0 0 0 0 0 0 0 0 0 0 0 0 0 0 0 0 0 0 0 0 0 0 0 0 0 
0 0 0 0 0 0 0 0 0 0 0 0 0 0 0 0 0 0 0 0 0 0 0 0 0 0 0 0 0 0 0 0 0 0 0 0 0 0 0 0 0 0 0 0 0 0 0 0 0 0 0 0 0 0 0 0 0 0 0 0 0 0 0 0 0 0 0 0 0 
0 0 0 0 0 0 0 0 0 0 0 0 0 0 0 0 0 0 0 0 0 0 0 0 0 0 0 0 0 0 0 0 0 0 0 0 0 0 0 0 0 0 0 0 0 0 0 0 0 0 0 0 0 0 0 0 0 0 0 0 0 0 0 0 0 0 0 0 0 
0 0 0 0 0 0 0 0 0 0 0 0 0 0 0 0 0 0 0 0 0 0 0 0 0 0 0 0 0 0 0 0 0 0 0 0 0 0 0 0 0 0 0 0 0 0 0 0 0 0 0 0 0 0 0 0 0 0 0 0 0 0 0 0 0 0 0 0 0 
0 0 0 0 0 0 0 0 0 0 0 0 0 0 0 0 0 0 0 0 0 0 0 0 0 0 0 0 0 0 0 0 0 0 0 0 0 0 0 0 0 0 0 0 0 0 0 0 0 0 0 0 0 0 0 0 0 0 0 0 0 0 0 0 0 0 0 0 0 
0 0 0 0 0 0 0 0 0 0 0 0 0 0 0 0 0 0 0 0 0 0 0 0 0 0 0 0 0 0 0 0 0 0 0 0 0 0 0 0 0 0 0 0 0 0 0 0 0 0 0 0 0 0 0 0 0 0 0 0 0 0 0 0 0 0 0 0 0 
0 0 0 0 0 0 0 0 0 0 0 0 0 0 0 0 0 0 0 0 0 0 0 0 0 0 0 0 0 0 0 0 0 0 0 0 0 0 0 0 0 0 0 0 0 0 0 0 0 0 0 0 0 0 0 0 0 0 0 0 0 0 0 0 0 0 0 0 0 
0 0 0 0 0 0 0 0 0 0 0 0 0 0 0 0 0 0 0 0 0 0 0 0 0 0 0 0 0 0 0 0 0 0 0 0 0 0 0 0 0 0 0 0 0 0 0 0 0 0 0 0 0 0 0 0 0 0 0 0 0 0 0 0 0 0 0 0 0 
0 0 0 0 0 0 0 0 0 0 0 0 0 0 0 0 0 0 0 0 0 0 0 0 0 0 0 0 0 0 0 0 0 0 0 0 0 0 0 0 0 0 0 0 0 0 0 0 0 0 0 0 0 0 0 0 0 0 0 0 0 0 0 0 0 0 0 0 0 
0 0 0 0 0 0 0 0 0 0 0 0 0 0 0 0 0 0 0 0 0 0 0 0 0 0 0 0 0 0 0 0 0 0 0 0 0 0 0 0 0 0 0 0 0 0 0 0 0 0 0 0 0 0 0 0 0 0 0 0 0 0 0 0 0 0 0 0 0 
