0 0 0 0 0 0 0 0 0 0 0 0 0 0 0 0 0 0 0 0 0 0 0 0 0 0 0 0 0 0 0 0 0 0 0 0 0 0 0 0 0 0 0 0 0 0 0 0 0 0 0 0 0 0 0 0 0 0 0 0 0 0 0 0 0 0 0 0 0 
0 0 0 0 0 0 0 0 0 0 0 0 0 0 0 0 0 0 0 0 0 0 0 0 0 0 0 0 0 0 0 0 0 0 0 0 0 0 0 0 0 0 0 0 0 0 0 0 0 0 0 0 0 0 0 0 0 0 0 0 0 0 0 0 0 0 0 0 0 
0 0 0 0 0 0 0 0 0 0 0 0 0 0 0 0 0 0 0 0 0 0 0 0 0 0 0 0 0 0 0 0 0 0 0 0 0 0 0 0 0 0 0 0 0 0 0 0 0 0 0 0 0 0 0 0 0 0 0 0 0 0 0 0 0 0 0 0 0 
0 0 0 0 0 0 0 0 0 0 0 0 0 0 0 0 0 0 0 0 0 0 0 0 0 0 0 0 0 0 0 0 0 0 0 0 0 0 0 0 0 0 0 0 0 0 0 0 0 0 0 0 0 0 0 0 0 0 0 0 0 0 0 0 0 0 0 0 0 
0 0 0 0 0 0 0 0 0 0 0 0 0 0 0 0 0 0 0 0 0 0 0 0 0 0 0 0 0 0 0 0 0 0 0 0 0 0 0 0 0 0 0 0 0 0 0 0 0 0 0 0 0 0 0 0 0 0 0 0 0 0 0 0 0 0 0 0 0 
0 0 0 0 0 0 0 0 0 0 0 0 0 0 0 0 0 0 0 0 0 0 0 0 0 0 0 0 0 0 0 0 0 0 0 0 0 0 0 0 0 0 0 0 0 0 0 0 0 0 0 0 0 0 0 0 0 0 0 0 0 0 0 0 0 0 0 0 0 
0 0 0 0 0 0 0 0 0 0 0 0 0 0 0 0 0 0 0 0 0 0 0 0 0 0 0 0 0 0 0 0 0 0 0 0 0 0 0 0 0 0 0 0 0 0 0 0 0 0 0 0 0 0 0 0 0 0 0 0 0 0 0 0 0 0 0 0 0 
0 0 0 0 0 0 0 0 0 0 0 0 0 0 0 0 0 0 0 0 0 0 0 0 0 0 0 0 0 0 0 0 0 0 0 0 0 0 0 0 0 0 0 0 0 0 0 0 0 0 0 0 0 0 0 0 0 0 0 0 0 0 0 0 0 0 0 0 0 
0 0 0 0 0 0 0 0 0 0 0 0 0 0 0 0 0 0 0 0 0 0 0 0 0 0 0 0 0 0 0 0 0 0 0 0 0 0 0 0 0 0 0 0 0 0 0 0 0 0 0 0 0 0 0 0 0 0 0 0 0 0 0 0 0 0 0 0 0 
0 0 0 0 0 0 0 0 0 0 0 0 0 0 0 0 0 0 0 0 0 0 0 0 0 0 0 0 0 0 0 0 0 0 0 0 0 0 0 0 0 0 0 0 0 0 0 0 0 0 0 0 0 0 0 0 0 0 0 0 0 0 0 0 0 0 0 0 0 
0 0 0 0 0 0 0 0 0 0 0 0 0 0 0 0 0 0 0 0 0 0 0 0 0 0 0 0 0 0 0 0 0 0 0 0 0 0 0 0 0 0 0 0 0 0 0 0 0 0 0 0 0 0 0 0 0 0 0 0 0 0 0 0 0 0 0 0 0 
0 0 0 0 0 0 0 0 0 0 0 0 0 0 0 0 0 0 0 0 0 0 0 0 0 0 0 0 0 0 0 0 0 0 0 0 0 0 0 0 0 0 0 0 0 0 0 0 0 0 0 0 0 0 0 0 0 0 0 0 0 0 0 0 0 0 0 0 0 
0 0 0 0 0 0 0 0 0 0 0 0 0 0 0 0 0 0 0 0 0 0 0 0 0 0 0 0 0 0 0 0 0 0 0 0 0 0 0 0 0 0 0 0 0 0 0 0 0 0 0 0 0 0 0 0 0 0 0 0 0 0 0 0 0 0 0 0 0 
0 0 0 0 0 0 0 0 0 0 0 0 0 0 0 0 0 0 0 0 0 0 0 0 0 0 0 0 0 0 0 0 0 4.08506e-05 2.42698e-05 0 0 7.33676e-05 1.40341e-05 0 0 0 0 0 0 0 0 0 0 0 0 0 0 0 0 0 0 0 0 0 0 0 0 0 0 0 0 0 0 
0 0 0 0 0 0 0 0 0 0 0 0 0 0 0 0 0 0 0 0 0 0 0 0 0 0 0 0 0 0 0 0 0 0.000476107 0.000793108 4.90186e-05 0 0.000599161 0.00011461 0.00031504 5.37205e-05 0 0 0 0 0 0 0 0 0 0 0 0 0 0 0 0 0 0 0 0 0 0 0 0 0 0 0 0 
0 0 0 0 0 0 0 0 0 0 0 0 0 0 0 0 0 0 0 0 0 0 0 0 0 0 0.000154044 0.000143084 0 4.41862e-05 0.000819314 5.8135e-05 0 8.50253e-06 0.000854855 0.00128094 0.000822562 0.000203014 0.000203289 0.000412051 0.00025488 0.000965124 0.00014668 0 0 0 0 0 0 0 0 0 0 0 0 0 0 0 0 0 0 0 0 0 0 0 0 0 0 
0 0 0 0 0 0 0 0 0 0 0 0 0 0 0 0 0 0 0 0 0 0 0 0 0.000103566 0.000552355 0.000559539 0.00137663 0.00049202 0.000537874 0.000706454 0.00125209 0.000358579 0 0.000498136 0.00111581 0.000401032 1.99448e-05 0.000458993 0.000153244 0.00154243 0.00093666 0.00132239 0.00025988 0 0 0 0 0 0 0 0 0 0 0 0 0 0 0 0 0 0 0 0 0 0 0 0 0 
0 0 0 0 0 0 0 0 0 0 0 0 0 0 0 0 0 0 0 0 0 0 0 0 0.000407452 0.000861701 5.93731e-05 0.00134523 0.000548148 0.000329239 0.000528872 0.000681209 0.000257049 0.000581614 0.000132164 0.000490232 0 2.86061e-06 3.55297e-07 0.000617699 0.000832166 0.000952302 0.00125965 0.000899276 0.000654835 7.02085e-05 0 0 0 0 0 0 0 0 0 0 0 0 0 0 0 0 0 0 0 0 0 0 0 
0 0 0 0 0 0 0 0 0 0 0 0 0 0 0 0 0 0 0 0 0 0.000154723 0.000394907 0.000801326 0.000445556 0.00172653 0.000475174 0.000131359 4.36289e-05 0.000522075 0.000287812 0.000475427 0.000856728 0.000250077 0.000432709 0 0 0.00105652 0.000453791 0 1.9379e-05 0.00038177 0.000427173 0.000822499 0.000487368 0.000170685 0.000150153 0.000241701 0 0 0 0 0 0 0 0 0 0 0 0 0 0 0 0 0 0 0 0 0 
0 0 0 0 0 0 0 0 0 0 0 0 0 0 0 0 0 0 0 0 0 0.000306976 0.00117375 0.00183189 0.00078566 0.000386643 0.000530127 9.16824e-05 3.16738e-05 0.00123794 0.000381129 0.000230123 6.36129e-05 0.000230898 0.000821529 2.25402e-05 0.00104384 0.000440147 0.00024319 0.000721127 0.000613105 0.000684245 0.000919275 0.00101165 1.05023e-06 0 0.000298576 0.00031006 0 0 0 0 0 0 0 0 0 0 0 0 0 0 0 0 0 0 0 0 0 
0 0 0 0 0 0 0 0 0 0 0 0 0 0 0 0 0 0 0 6.96809e-05 0.000416893 0.000129707 0.000459465 0.000650217 0.000716537 0 0.00043328 0.000206298 6.34071e-05 0.000441621 0.00100963 0.00111919 0.00059897 0.000177849 0.000150359 2.91049e-06 0.000659247 0.00180129 0.00110338 0.000149065 0.000453511 0.000336638 0.0004616 0.00133238 0.00108258 1.28559e-05 0.00161922 0.000546164 0.000204808 0.000580965 0.000176942 0 0 0 0 0 0 0 0 0 0 0 0 0 0 0 0 0 0 
0 0 0 0 0 0 0 0 0 0 0 0 0 0 0 0 0 0 0 0.000463317 0.000575673 0.000304758 0.000448272 0.00148226 0.00051533 0.000214193 0.00179401 0.000560642 0.000356032 0.000200283 0.00106511 0.00116392 0.000479155 0.000758437 0.0013022 8.60344e-05 0.000226262 0.00124578 0.000551729 2.67457e-05 0.000392621 0.00093908 0.000630918 0.00101359 0.000529083 0.000706513 0.00132855 0.000837297 0.000380091 0.00187362 0.000506409 0 0 0 0 0 0 0 0 0 0 0 0 0 0 0 0 0 0 
0 0 0 0 0 0 0 0 0 0 0 0 0 0 0 0 0 6.47521e-05 0.000434374 0.000856832 0.000705501 0.000341005 0.000566423 0.000497575 0.00031865 0.00105949 0.00221779 0.000562135 0.000728441 0.00101846 0.00130979 0.00128487 0.00120846 0.000506249 0.000888253 6.56614e-05 2.07683e-05 9.80479e-05 0.00038513 0.00020095 0 0.00120625 0.00120491 0.00118993 0.000125948 0.000106727 4.97351e-07 0.000588271 0.000197182 0.000795161 2.36657e-05 0 0 0 0 0 0 0 0 0 0 0 0 0 0 0 0 0 0 
0 0 0 0 0 0 0 0 0 0 0 0 0 0 0 0 0 5.90427e-05 0.000612969 0.000582524 0.000204748 0.000141589 0.000973225 0.00129675 0.00061242 0.00119458 0.000751583 0.00151977 0.000202908 0.0022683 0.00100076 0.00101022 0.00233603 0.00107342 0.000139525 0.000911226 0.000759946 0.000685955 0.000141343 0.000146135 0.000601457 8.24745e-05 0.000496961 0.000620671 0.000221722 0.000634532 0.000326055 0.000670662 0.000299174 0.000394401 0.000755356 0.000677381 0.000195173 0 0 0 0 0 0 0 0 0 0 0 0 0 0 0 0 
0 0 0 0 0 0 0 0 0 0 0 0 0 0 0 0 0 0.000596837 0.000355581 0.000296544 0.000142465 7.16153e-05 0.000829094 0.0011052 0.000627785 0.00068974 0.000123382 0.000536665 0.000105306 0.000180534 0.000452445 0.000589331 0.00184958 0.000711761 8.85179e-05 0.000826489 0.00212281 0.00103591 0.00014013 0.000479485 0.000889384 0.00119472 0.000881842 0.000259435 0.000181239 0.000267279 0.000439049 0.00120847 0.000842197 5.10931e-05 0.00119783 0.00235937 0.000359489 0 0 0 0 0 0 0 0 0 0 0 0 0 0 0 0 
0 0 0 0 0 0 0 0 0 0 0 0 0 0 0 0 0.000456088 0.00070337 0.000212731 0.000575012 0.000265408 0.000935333 0.00112381 0.000221217 0.000279394 0 0 0.000681094 0.000620231 0.000258157 0.000344011 0.000765209 0.000311327 2.16918e-05 0 0.000345067 0.000382838 0.000270812 0.000358318 0.000236959 0.00125558 0.00108998 0.000213432 0.000397871 0.000710938 0.00104302 0 0.00113213 0.0013005 0.000657622 0.00305869 0.00290343 0.00054772 0.000365646 0 0 0 0 0 0 0 0 0 0 0 0 0 0 0 
0 0 0 0 0 0 0 0 0 0 0 0 0 0 0 0 0.000352285 0.000666256 0.000315027 0.00141647 0.00017753 0.000580705 0.00111633 9.54749e-05 0.000472462 9.36209e-05 0.000295861 0.000466905 0.000572692 0.000787106 3.64463e-05 0.000213453 0.000402938 0.00087117 0.00087186 0.000147121 0.000548208 0.000965309 0.000277765 0.000135126 0.000933964 0.000240736 0 0.000524725 0.000345185 0.000107831 0.000748161 0.000263534 0.000107621 0.000546038 0.000387072 9.88409e-05 0.00013164 0.000226326 0.00026951 0 0 0 0 0 0 0 0 0 0 0 0 0 0 
0 0 0 0 0 0 0 0 0 0 0 0 0 0 0 0 0.000337329 0.00111642 0.00282348 0.00120891 0.00111859 0.000404124 0.000863686 0.000492927 0.000594733 0.00084955 0.000128854 0.00106959 0.00331681 0.00383784 0.00125805 0.0011194 0.00164553 0.00142603 0.00088505 0.000969096 0.000285197 0.00128073 0.000580065 0.000293543 0.000941217 0.00122564 0 0.000416918 0.000850108 8.14372e-07 0.000416096 0.000599776 0.00114809 0.00126453 0.000658943 0.000370916 0.00109491 0.000777882 0.00103005 0 0 0 0 0 0 0 0 0 0 0 0 0 0 
0 0 0 0 0 0 0 0 0 0 0 0 0 0 0 7.97e-05 0.000586448 0.000120495 0.00020752 0.000582517 0.00149794 0.000380526 0.00111461 0.000698476 0.0007297 0.00120729 0.000857674 0.000659288 0.00311635 0.00242028 0.00085962 0.000168153 0.000451496 1.9119e-06 0.000215493 0.000233486 0 0 0 2.70308e-05 0.00251824 0.00143375 0.000102373 0.000489686 0.00165473 0 0.000196094 0.000357686 0.000889782 0.000658824 0.000130805 0.000950055 0.000349365 0.000406382 0.000340585 0 0 0 0 0 0 0 0 0 0 0 0 0 0 
0 0 0 0 0 0 0 0 0 0 0 0 0 0 0 1.61547e-05 0.000132608 0.000690508 6.57205e-05 5.07536e-05 0.0010568 0.000572998 0.000280125 0.000955861 0.000594768 0.000755257 0.000700107 0 3.05383e-05 0.000727175 0.00022793 0 0 0.000167846 0.00049699 0.000737984 0 0.000237636 6.07264e-05 0 0.00114118 0.000941563 0.000566038 0.000679642 0.000694423 0.000170155 5.84747e-05 5.23614e-05 0.000571234 0.000217241 2.59796e-05 0 0.00076138 0.00162739 0 0 0 0 0 0 0 0 0 0 0 0 0 0 0 
0 0 0 0 0 0 0 0 0 0 0 0 0 0 0 0 0.000183571 0.00148071 0.000220879 0.000301704 0.000827019 7.1892e-05 0.000202243 0.00114981 0.000126491 7.8188e-05 0.000175111 5.01296e-05 0 0.00112563 0.000364891 0 2.3181e-05 0.000410143 0.00111663 0.000508749 7.38538e-07 0.000400472 0.000196039 9.62814e-05 0.000864582 0.000153837 0.000656016 0.000587564 0.000569963 0.00223734 0.0012419 0.000645274 0.000841675 0.00052446 0.000171099 0.000722386 0.000669527 0.000810651 0 0 0 0 0 0 0 0 0 0 0 0 0 0 0 
0 0 0 0 0 0 0 0 0 0 0 0 0 0 0 0 9.24611e-05 0.00119027 0.000842031 0.000884486 0.000497258 0.000346942 0.00034131 0.000592622 0.000465819 0.000208171 0.000487393 0.000757612 6.75659e-05 0 8.13528e-06 0.000859286 0.00193805 0.0138839 0.0139724 0.00332018 0.00194445 0.0007827 0.000301444 0.000626271 0.000341069 0.000701385 0.000851364 0.000452918 0.00300912 0.000429378 0.00140814 0.00069602 0.000303186 0.0001124 0.000362992 0.000939252 0.0012377 0.000120698 0.000129773 0 0 0 0 0 0 0 0 0 0 0 0 0 0 
0 0 0 0 0 0 0 0 0 0 0 0 0 0 0 0 0.000700858 0.000434699 0.000582653 0.000618323 0.000410706 0.000362498 0.000647586 0.000681289 0.00246614 0.000841972 9.44468e-05 0.00118066 0.00127081 0.000593281 0.000424023 0.000932829 0.0384673 0.108105 0.0577701 0.0391608 0.0473943 0.0283457 0 0.00127197 0.000473949 0.000474001 0.000435747 0.00035919 0.000908257 0.000581702 0.00060564 0.000435876 0.000113846 0.000161891 0.000447007 0.000960036 0.000864841 0.000842182 0.00106661 0.000661602 5.69239e-05 0 0 0 0 0 0 0 0 0 0 0 0 
0 0 0 0 0 0 0 0 0 0 0 0 0 0 0 4.79219e-05 0.000559018 0.000651253 0.00105502 0.000580821 0.000280451 0.00045205 0.000449822 0.00034731 0.000904535 0.00129999 0.00038068 0.000841448 0.00229712 0.0010336 0.000885181 0.00147386 0.0664437 0.307647 0.103274 0.0193658 0.00644835 0.00215018 4.51715e-05 0.000355967 0.000263993 0.000957982 0.0012982 0.000847137 0.000740795 0.00112784 0.000147967 0.000809498 0.000627877 0.00026735 0.00092204 0.000603876 0.000454769 0.00170706 0.00135835 0.000633332 1.79341e-05 0 0 0 0 0 0 0 0 0 0 0 0 
0 0 0 0 0 0 0 0 0 0 0 0 0 0 0 0.0004618 0.00131153 0.000586385 0.000397578 0.000686799 0.000740607 0.000468133 0.000850343 0.00016338 0.000434208 0.000992086 0.00206277 0.00150619 0.000280762 0.000667001 0.00103986 0.000121759 0.00594131 0.177607 0.250986 0.118371 0.0517383 0.0068082 0.000428507 0.00157646 0.000514013 0.00011589 0.000623272 0.000672191 0.00123434 0.00114545 0.000304548 7.26493e-05 0.000107709 0.000133333 0.00034244 0.000862317 0.000441007 0.00048004 0.000340077 0.000138912 0 0 0 0 0 0 0 0 0 0 0 0 0 
0 0 0 0 0 0 0 0 0 0 0 0 0 0 0.000469729 0.00159592 0.00121012 0.00203387 0.000349228 0.000681944 0.00241922 0.00137018 0.000816735 0.000128359 0.000183217 0.000730507 0.00301572 0.00106381 0.000346924 0.00123132 0.00039686 2.34087e-06 0.000976982 0.0078008 0.0787921 0.129561 0.0591042 0.00887681 0.000985878 0.00111502 0.000976241 0.000409442 0.000408679 0.000482874 0.000625266 0.000394182 0.00133547 7.24071e-05 0.000301143 0.00119254 0.00187409 0.000883493 0.000906067 0.000175933 0.00128173 0.000925197 2.27372e-05 0 0 0 0 0 0 0 0 0 0 0 0 
0 0 0 0 0 0 0 0 0 0 0 0 0 0 0.000927041 0.000614453 0.000245101 0.000871405 0.000266202 0.00122855 0.00283898 0.00300277 0.00129569 0.000130525 0.000285795 0.000626206 0.00167989 0.000635657 0.000675405 0.000171235 0.000195086 7.65756e-06 0.0013372 0.000599751 0.000132598 0.0116684 0.0273703 0.00602191 0.00060967 0.000570405 0.000373718 0.00110442 0.000727623 0.000264703 0.0011491 0.00123627 0.000967856 0.000584323 0.000413526 0.000891127 0.00120534 0.000465312 0.00134588 0.00055842 0.000378483 0.000806042 6.0323e-05 0 0 0 0 0 0 0 0 0 0 0 0 
0 0 0 0 0 0 0 0 0 0 0 0 0 0 0.000320213 0.000559697 0.00071113 0.000107592 4.90288e-05 0.000475361 0.000383222 0.00226335 0.00172707 4.28709e-05 0.00010295 0.00045388 0.0014963 0.000449713 0.000486741 3.80576e-05 0.000996899 0.0170727 0.00394695 0.0030673 0.0135206 0.0237449 0.0190808 0.00215979 0.000810734 6.06135e-05 0.000603287 0.00105432 0.00119743 0.000780689 0.00123505 0.000767772 0.00235326 0.000289089 0.001894 0.00156907 0.000781062 0.00136156 0.000159393 0.000918146 0.00159198 0.000590334 0 0 0 0 0 0 0 0 0 0 0 0 0 
0 0 0 0 0 0 0 0 0 0 0 0 0 0 0 0.00101206 0.000412978 7.12108e-05 8.68485e-05 0.000365442 0.000310183 0.00156543 0.000488457 0.00034902 0.000366883 0.000562123 0.000527552 8.64875e-05 0 1.70784e-05 0.000416046 0.0486287 0.0531121 0.0382457 0.0239464 0.00503479 0.000451262 0.000819324 0.00317992 0.0020043 0.0011214 0.000844035 0.000899689 0.000460971 0.000449207 0.00111254 0.000633368 4.24982e-05 0.000536124 0.00114036 0.000276747 0.000340644 0.000247303 0.000950073 0.00116103 3.8824e-05 0 0 0 0 0 0 0 0 0 0 0 0 0 
0 0 0 0 0 0 0 0 0 0 0 0 0 0 0 0.000228019 0.00274971 0.000720917 0.000350382 0.000437991 0.000220779 0.0010398 0.000249176 0.000407502 0.000639586 0.00242111 0.000795791 0.000588989 0.000287515 0.000764467 0.000192775 0.00561315 0.0133115 0.00666952 0.000438096 3.79682e-05 0.000503748 0.00119592 0.00297971 0.00126991 0.000312507 0.0001816 0.000337356 0.00114772 0.0013286 0.000647253 0.000598394 0.000689445 0.00104012 0.000424478 0.000419338 0.000688697 0.000529311 2.37796e-05 0 0 0 0 0 0 0 0 0 0 0 0 0 0 0 
0 0 0 0 0 0 0 0 0 0 0 0 0 0 0 0.000548691 0.000381143 0.00121323 0.000506873 0.000696534 4.26812e-05 0.000767012 0.00070495 0.00026198 0.00064424 0.000276342 0.000151812 0.000150191 0.000304911 0.000543531 0.000178484 0.000565092 0.000336044 0.000985544 0.000420423 0.000327934 0.000509144 0.000879382 0.000642992 0.000503067 0.00107207 0.00111563 0.00084199 0.00164767 0.00306697 0.0012852 0.00111856 0.00102238 0.00115795 0.00036145 0.000259809 0.000341931 0.000397592 0.000154405 0.000419697 0 0 0 0 0 0 0 0 0 0 0 0 0 0 
0 0 0 0 0 0 0 0 0 0 0 0 0 0 0 0 0 0.000207684 0.000147009 0.000174173 0.000361416 3.73308e-05 0.000761621 0.000954887 0.000931766 0.000441953 0.00115878 0.00121413 0.00116513 0.00202836 0.00184197 0.000535635 3.90244e-05 0.00101099 0.000809078 0.000918968 0.000581563 0.000419192 0.00189223 0.00038031 0.00182703 0.00098595 9.31213e-05 0.00152244 0.00120093 0.000643087 0.0010877 0.00117976 0.000245654 0 0.00105631 0.000735951 0.00101001 0.000246408 0.000501703 0 0 0 0 0 0 0 0 0 0 0 0 0 0 
0 0 0 0 0 0 0 0 0 0 0 0 0 0 0 0.000177194 0.000677882 0.000378296 0.000654015 0.00184346 0.00225668 0.000740984 0.00109099 0.000379141 0.000309811 1.48577e-05 0.00117707 0.00110452 0.00220116 0.00102253 0.000543818 0.000108438 0 7.42728e-05 0.000434061 0.0023718 0.000838955 0.000746537 4.83607e-05 0.000135428 0.00094615 0.000272832 7.37909e-07 0 0.000298221 0.000512553 0.000453577 0.000301275 0.000124493 0.000212889 0.0012673 0.000834868 0.000392215 0.000466222 0.000615082 0 0 0 0 0 0 0 0 0 0 0 0 0 0 
0 0 0 0 0 0 0 0 0 0 0 0 0 0 0 0.000196302 0.00099168 0.000438345 0.000623497 0.000355818 0.00131908 0.000513943 0.000441353 1.67533e-05 0 0.000453335 0.0014167 0.000667368 0.00125144 0.000685666 0.00110721 0.000128578 0 0 0.000292759 0.00153139 0.000500503 0.00132388 0.00054337 0.000777623 0.000860289 9.45518e-05 0 0.000440099 0.000904586 0.00122597 0.000230726 0 0.000440738 0.000778674 0.000219024 0.00103578 0.000296379 0.000331695 0 0 0 0 0 0 0 0 0 0 0 0 0 0 0 
0 0 0 0 0 0 0 0 0 0 0 0 0 0 0 0 0.000152395 0.000192594 0.000303939 5.72086e-05 0 0.000242812 0.000711709 0.00122893 0.000351958 0.000178646 8.60112e-05 0.000133071 0.00158364 0.000501806 0.00129991 0.000449164 4.81985e-06 0.000564529 0.00056371 0.000621307 0.00021922 0.000373751 0.000479145 0.000354331 0.000943678 0.00136338 0.00123238 0.00151323 0.00027483 0.00037891 0.000439173 0.000132538 0.000281429 0.000526742 0.000312285 0.000853722 0.000837684 0.000275519 0 0 0 0 0 0 0 0 0 0 0 0 0 0 0 
0 0 0 0 0 0 0 0 0 0 0 0 0 0 0 0 9.70594e-05 0.000802488 0.000453158 0.000385667 0.000562241 0.000351398 0.00118494 0.00203484 0.00172794 0.00063262 4.89362e-05 0.000232863 0.000461265 1.96397e-05 0.000502317 0.000591067 0.00108742 0.00174189 0.000770111 0.000652601 0 0.000420075 0.00119427 0.000102748 6.72397e-05 0.00078821 0.00235217 0.000562653 0.000100398 6.71234e-05 0.000370286 0.00145742 0.000234064 0 0 3.36169e-05 0.000311245 0 0 0 0 0 0 0 0 0 0 0 0 0 0 0 0 
0 0 0 0 0 0 0 0 0 0 0 0 0 0 0 0 4.42595e-06 0.000809301 0.00106728 0.000886624 0.000715077 0.00202399 0.00197403 0.00288978 0.0010686 0.000252462 0.00114746 0.000769902 0.000899195 0.000146015 8.21456e-05 0.000418785 0.000775731 0.00174938 0.000584048 0.000369015 0 0 0.000348461 0.000173723 0.000133099 0.000556884 0.00214781 0.00103625 0 2.60714e-05 0.00213725 0.000522663 0.000256485 0.000247506 0.00056707 0.000298101 0 0 0 0 0 0 0 0 0 0 0 0 0 0 0 0 0 
0 0 0 0 0 0 0 0 0 0 0 0 0 0 0 0 0 0.000116212 0.000303371 0.000611109 0.0014922 0.00127991 0.00148703 0.00272448 0.000575993 0.000456106 0.000208722 0 0.000637841 0.000987778 0.000737483 0.00116229 0.000287404 0.00165848 0.000501435 0.000268365 0.000893781 8.16207e-05 8.54277e-05 0.000231513 0.000369708 0.000828285 0.00099202 0.000184258 3.01016e-05 1.31705e-05 7.06972e-05 3.22949e-06 0.00016061 0.000303493 0.000596058 9.42156e-05 0 0 0 0 0 0 0 0 0 0 0 0 0 0 0 0 0 
0 0 0 0 0 0 0 0 0 0 0 0 0 0 0 0 0 0 0 0.000594638 0.000726594 0.000616095 0.000403461 0.00103322 0.000219609 0.00112507 0.000446425 0.000473733 0.000385814 0.00197737 1.68582e-06 0.000116554 0.00010374 0.000842073 0.00116347 0.000326319 0.00151146 0.000938459 0.000751918 0.000289998 0.000715428 0.0013575 0.001016 0.00073038 0.000542866 0.000230678 0.000606707 0.00030717 0 0 0 0 0 0 0 0 0 0 0 0 0 0 0 0 0 0 0 0 0 
0 0 0 0 0 0 0 0 0 0 0 0 0 0 0 0 0 0 0 0 4.32054e-05 0.000486693 0.0010322 0.00128499 0.00109498 0.000851215 0.00105699 0.000669884 0.00035895 0.000894652 0 0.00034644 0.000501197 0.000877908 0.00206836 0.000753296 0.00102872 0.000438297 0.00065733 0.000175931 0.000258652 0.000102274 0.00012981 5.39913e-05 0.000647967 0.000827262 0.000306843 0.00109867 0.000395698 0 0 0 0 0 0 0 0 0 0 0 0 0 0 0 0 0 0 0 0 
0 0 0 0 0 0 0 0 0 0 0 0 0 0 0 0 0 0 0 0 5.95286e-05 0.00150622 0.000493253 0.000738514 0.00178748 0.000723855 0.000609088 0.000967881 0.000227715 0.000164944 0 0.000313798 0.00111462 0.00314654 0.00109597 0.000848913 0.00081213 0.000281897 0.000738401 0.000573519 5.90838e-05 0.000251907 0.00125258 0.000892273 0.000463471 0.000399286 0.000429709 0.000256278 9.70241e-05 0 0 0 0 0 0 0 0 0 0 0 0 0 0 0 0 0 0 0 0 
0 0 0 0 0 0 0 0 0 0 0 0 0 0 0 0 0 0 0 0 0 0.000213687 7.56686e-05 0.000438642 0.00131367 0.00130493 0.00131096 0.000663148 0.00062874 0.000548971 0.000129504 0.000469795 0.00153351 0.00128971 0.000891751 0.000853876 0.000339828 0.000644655 0.000763036 0.00103103 0.00114532 0.00182864 0.00113594 0.000403712 0.000122687 4.71587e-05 0.000495761 1.20027e-05 0 0 0 0 0 0 0 0 0 0 0 0 0 0 0 0 0 0 0 0 0 
0 0 0 0 0 0 0 0 0 0 0 0 0 0 0 0 0 0 0 0 0 0 0 6.38074e-05 0.000426459 0.000538998 0.000568955 0.000582618 1.7892e-05 0.000384994 0.000310652 0.000830305 0.000247229 0.00302991 0.000662087 0.000566227 0.000716898 0.000479147 0.00114241 0.000259977 0.000549583 0.00132389 0.000437336 0.000654271 0.000341844 0 0 0 0 0 0 0 0 0 0 0 0 0 0 0 0 0 0 0 0 0 0 0 0 
0 0 0 0 0 0 0 0 0 0 0 0 0 0 0 0 0 0 0 0 0 0 0 0 0 0.000636715 0.00111939 0.000926304 0.000478897 0.00131811 0.000792664 0.000424865 0.000578951 0.00154467 0.000599859 4.00307e-05 8.52256e-05 0.000378509 0.000278496 0.00120878 0.00144844 0.00140809 0.00030608 0.00155034 0.000455464 0 0 0 0 0 0 0 0 0 0 0 0 0 0 0 0 0 0 0 0 0 0 0 0 
0 0 0 0 0 0 0 0 0 0 0 0 0 0 0 0 0 0 0 0 0 0 0 0 0 0 1.21966e-05 4.9069e-05 0.000901841 0.0015419 0.00105106 0.000303394 0.000242986 0.00104353 0.00069534 0.000896497 0.000266414 0.00095882 0.000556851 0.00172564 0.000645771 0.000341845 0.000240191 1.095e-05 0 0 0 0 0 0 0 0 0 0 0 0 0 0 0 0 0 0 0 0 0 0 0 0 0 
0 0 0 0 0 0 0 0 0 0 0 0 0 0 0 0 0 0 0 0 0 0 0 0 0 0 0 0 2.17521e-05 0.000183139 0.000496391 8.96849e-05 0.000190189 0.00100977 0.000617118 0.000348227 0 0 4.8073e-05 8.12214e-05 3.66958e-05 0 0 0 0 0 0 0 0 0 0 0 0 0 0 0 0 0 0 0 0 0 0 0 0 0 0 0 0 
0 0 0 0 0 0 0 0 0 0 0 0 0 0 0 0 0 0 0 0 0 0 0 0 0 0 0 0 0 0 0 0 0 0 0 0 0 0 0 0 0 0 0 0 0 0 0 0 0 0 0 0 0 0 0 0 0 0 0 0 0 0 0 0 0 0 0 0 0 
0 0 0 0 0 0 0 0 0 0 0 0 0 0 0 0 0 0 0 0 0 0 0 0 0 0 0 0 0 0 0 0 0 0 0 0 0 0 0 0 0 0 0 0 0 0 0 0 0 0 0 0 0 0 0 0 0 0 0 0 0 0 0 0 0 0 0 0 0 
0 0 0 0 0 0 0 0 0 0 0 0 0 0 0 0 0 0 0 0 0 0 0 0 0 0 0 0 0 0 0 0 0 0 0 0 0 0 0 0 0 0 0 0 0 0 0 0 0 0 0 0 0 0 0 0 0 0 0 0 0 0 0 0 0 0 0 0 0 
0 0 0 0 0 0 0 0 0 0 0 0 0 0 0 0 0 0 0 0 0 0 0 0 0 0 0 0 0 0 0 0 0 0 0 0 0 0 0 0 0 0 0 0 0 0 0 0 0 0 0 0 0 0 0 0 0 0 0 0 0 0 0 0 0 0 0 0 0 
0 0 0 0 0 0 0 0 0 0 0 0 0 0 0 0 0 0 0 0 0 0 0 0 0 0 0 0 0 0 0 0 0 0 0 0 0 0 0 0 0 0 0 0 0 0 0 0 0 0 0 0 0 0 0 0 0 0 0 0 0 0 0 0 0 0 0 0 0 
0 0 0 0 0 0 0 0 0 0 0 0 0 0 0 0 0 0 0 0 0 0 0 0 0 0 0 0 0 0 0 0 0 0 0 0 0 0 0 0 0 0 0 0 0 0 0 0 0 0 0 0 0 0 0 0 0 0 0 0 0 0 0 0 0 0 0 0 0 
0 0 0 0 0 0 0 0 0 0 0 0 0 0 0 0 0 0 0 0 0 0 0 0 0 0 0 0 0 0 0 0 0 0 0 0 0 0 0 0 0 0 0 0 0 0 0 0 0 0 0 0 0 0 0 0 0 0 0 0 0 0 0 0 0 0 0 0 0 
0 0 0 0 0 0 0 0 0 0 0 0 0 0 0 0 0 0 0 0 0 0 0 0 0 0 0 0 0 0 0 0 0 0 0 0 0 0 0 0 0 0 0 0 0 0 0 0 0 0 0 0 0 0 0 0 0 0 0 0 0 0 0 0 0 0 0 0 0 
0 0 0 0 0 0 0 0 0 0 0 0 0 0 0 0 0 0 0 0 0 0 0 0 0 0 0 0 0 0 0 0 0 0 0 0 0 0 0 0 0 0 0 0 0 0 0 0 0 0 0 0 0 0 0 0 0 0 0 0 0 0 0 0 0 0 0 0 0 
0 0 0 0 0 0 0 0 0 0 0 0 0 0 0 0 0 0 0 0 0 0 0 0 0 0 0 0 0 0 0 0 0 0 0 0 0 0 0 0 0 0 0 0 0 0 0 0 0 0 0 0 0 0 0 0 0 0 0 0 0 0 0 0 0 0 0 0 0 
0 0 0 0 0 0 0 0 0 0 0 0 0 0 0 0 0 0 0 0 0 0 0 0 0 0 0 0 0 0 0 0 0 0 0 0 0 0 0 0 0 0 0 0 0 0 0 0 0 0 0 0 0 0 0 0 0 0 0 0 0 0 0 0 0 0 0 0 0 
0 0 0 0 0 0 0 0 0 0 0 0 0 0 0 0 0 0 0 0 0 0 0 0 0 0 0 0 0 0 0 0 0 0 0 0 0 0 0 0 0 0 0 0 0 0 0 0 0 0 0 0 0 0 0 0 0 0 0 0 0 0 0 0 0 0 0 0 0 
0 0 0 0 0 0 0 0 0 0 0 0 0 0 0 0 0 0 0 0 0 0 0 0 0 0 0 0 0 0 0 0 0 0 0 0 0 0 0 0 0 0 0 0 0 0 0 0 0 0 0 0 0 0 0 0 0 0 0 0 0 0 0 0 0 0 0 0 0 
