0 0 0 0 0 0 0 0 0 0 0 0 0 0 0 0 0 0 0 0 0 0 0 0 0 0 0 0 0 0 0 0 0 0 0 0 0 0 0 0 0 0 0 0 0 0 0 0 0 0 0 0 0 0 0 0 0 0 0 0 0 0 0 0 0 0 0 0 0 
0 0 0 0 0 0 0 0 0 0 0 0 0 0 0 0 0 0 0 0 0 0 0 0 0 0 -4.96795 -7.03087 -8.09668 -8.74819 -9.18703 -9.49246 -9.69929 -9.82378 -9.87319 -9.84929 -9.74939 -9.56531 -9.27973 -8.85647 -8.21402 -7.14608 -5.05729 0 0 0 0 0 0 0 0 0 0 0 0 0 0 0 0 0 0 0 0 0 0 0 0 0 0 
0 0 0 0 0 0 0 0 0 0 0 0 0 0 0 0 0 0 0 0 0 0 0 -5.18634 -7.78196 -9.85626 -12.841 -15.0588 -16.6077 -17.7091 -18.5075 -19.0835 -19.4809 -19.7227 -19.8197 -19.7746 -19.583 -19.2321 -18.6971 -17.9321 -16.8535 -15.313 -13.0831 -10.0624 -7.95943 -5.31261 0 0 0 0 0 0 0 0 0 0 0 0 0 0 0 0 0 0 0 0 0 0 0 
0 0 0 0 0 0 0 0 0 0 0 0 0 0 0 0 0 0 0 0 0 -5.75203 -9.11792 -12.9634 -16.0852 -18.8021 -21.4808 -23.7559 -25.566 -26.973 -28.0502 -28.8532 -29.4182 -29.7663 -29.9082 -29.8464 -29.5758 -29.0831 -28.3445 -27.3213 -25.9551 -24.1693 -21.8996 -19.2071 -16.4627 -13.291 -9.36487 -5.91674 0 0 0 0 0 0 0 0 0 0 0 0 0 0 0 0 0 0 0 0 0 
0 0 0 0 0 0 0 0 0 0 0 0 0 0 0 0 0 0 0 -5.89298 -9.51797 -13.8902 -17.7563 -21.4641 -24.7934 -27.7863 -30.5241 -32.9178 -34.9276 -36.5666 -37.8672 -38.8611 -39.5722 -40.0161 -40.2006 -40.127 -39.7906 -39.18 -38.2766 -37.0535 -35.4761 -33.5096 -31.139 -28.4037 -25.3933 -22.0239 -18.2517 -14.3021 -9.81721 -6.08725 0 0 0 0 0 0 0 0 0 0 0 0 0 0 0 0 0 0 0 
0 0 0 0 0 0 0 0 0 0 0 0 0 0 0 0 0 -5.74921 -9.45137 -14.0539 -18.2887 -22.5345 -26.5528 -30.3434 -33.8381 -37.0255 -39.9114 -42.4638 -44.66 -46.4986 -47.9909 -49.1516 -49.9935 -50.5253 -50.751 -50.6705 -50.2795 -49.5697 -48.5285 -47.1399 -45.3862 -43.2539 -40.7429 -37.8754 -34.683 -31.1594 -27.316 -23.2227 -18.8795 -14.5318 -9.7892 -5.96327 0 0 0 0 0 0 0 0 0 0 0 0 0 0 0 0 0 
0 0 0 0 0 0 0 0 0 0 0 0 0 0 0 -5.15289 -8.83977 -13.5455 -18.0023 -22.5826 -27.0484 -31.4065 -35.5768 -39.5187 -43.19 -46.5664 -49.6321 -52.3659 -54.7501 -56.7769 -58.4461 -59.761 -60.725 -61.3405 -61.6076 -61.5245 -61.0873 -60.2907 -59.1279 -57.5914 -55.675 -53.3768 -50.7035 -47.672 -44.3038 -40.6149 -36.6302 -32.3934 -27.9462 -23.3712 -18.6617 -14.0639 -9.19288 -5.36595 0 0 0 0 0 0 0 0 0 0 0 0 0 0 0 
0 0 0 0 0 0 0 0 0 0 0 0 0 0 -6.25467 -11.7718 -16.6607 -21.5906 -26.4299 -31.2259 -35.9159 -40.4662 -44.8292 -48.9647 -52.8369 -56.4178 -59.685 -62.6174 -65.1975 -67.4129 -69.2557 -70.7211 -71.8051 -72.5041 -72.8145 -72.7325 -72.2546 -71.378 -70.1009 -68.4228 -66.3456 -63.875 -61.0223 -57.8052 -54.2453 -50.366 -46.1965 -41.7743 -37.1407 -32.3452 -27.4226 -22.4377 -17.3417 -12.2709 -6.52893 0 0 0 0 0 0 0 0 0 0 0 0 0 0 
0 0 0 0 0 0 0 0 0 0 0 0 0 -6.99554 -13.2469 -19.0189 -24.4407 -29.7262 -34.9008 -39.9751 -44.923 -49.7133 -54.309 -58.674 -62.775 -66.5829 -70.0725 -73.2213 -76.0097 -78.4214 -80.4429 -82.0625 -83.2701 -84.0564 -84.4139 -84.3364 -83.8205 -82.8657 -81.4748 -79.6533 -77.4096 -74.7551 -71.7056 -68.2813 -64.5062 -60.4073 -56.0157 -51.3665 -46.4972 -41.4463 -36.2458 -30.9226 -25.4653 -19.847 -13.8448 -7.32252 0 0 0 0 0 0 0 0 0 0 0 0 0 
0 0 0 0 0 0 0 0 0 0 0 -5.00221 -9.02276 -14.7353 -20.7184 -26.6161 -32.3571 -37.9727 -43.472 -48.8506 -54.0877 -59.155 -64.0195 -68.6474 -73.0062 -77.0663 -80.8009 -84.1856 -87.1986 -89.8202 -92.0318 -93.8161 -95.1563 -96.0376 -96.448 -96.3788 -95.8254 -94.7895 -93.2793 -91.3062 -88.8843 -86.0302 -82.7636 -79.1082 -75.0909 -70.7414 -66.0925 -61.1787 -56.0355 -50.6968 -45.1918 -39.5415 -33.7499 -27.8071 -21.6808 -15.4453 -9.47414 -5.26004 0 0 0 0 0 0 0 0 0 0 0 
0 0 0 0 0 0 0 0 0 0 -5.49349 -10.9861 -16.3535 -22.2044 -28.2755 -34.37 -40.399 -46.3354 -52.164 -57.8675 -63.4224 -68.7996 -73.9665 -78.8897 -83.5362 -87.8754 -91.879 -95.5215 -98.779 -101.629 -104.048 -106.014 -107.501 -108.49 -108.962 -108.905 -108.313 -107.188 -105.547 -103.408 -100.791 -97.7177 -94.2105 -90.2971 -86.0076 -81.375 -76.434 -71.2203 -65.7691 -60.1137 -54.2833 -48.3015 -42.1856 -35.9509 -29.6259 -23.3036 -17.1913 -11.566 -5.79137 0 0 0 0 0 0 0 0 0 0 
0 0 0 0 0 0 0 0 0 -5.00379 -10.9879 -17.0951 -23.201 -29.4531 -35.8093 -42.1893 -48.5334 -54.806 -60.9809 -67.0331 -72.9347 -78.6543 -84.1574 -89.4087 -94.3736 -99.0199 -103.318 -107.242 -110.767 -113.868 -116.518 -118.689 -120.346 -121.458 -122.004 -121.968 -121.332 -120.103 -118.311 -115.987 -113.155 -109.839 -106.064 -101.862 -97.2675 -92.317 -87.0484 -81.4995 -75.707 -69.7055 -63.526 -57.1959 -50.74 -44.185 -37.5682 -30.952 -24.4213 -18.0214 -11.5994 -5.28892 0 0 0 0 0 0 0 0 0 
0 0 0 0 0 0 0 0 0 -9.02726 -16.3593 -23.2052 -29.9022 -36.5978 -43.3194 -50.0443 -56.7395 -63.3743 -69.9205 -76.3493 -82.6292 -88.7254 -94.6001 -100.214 -105.53 -110.512 -115.132 -119.363 -123.18 -126.557 -129.469 -131.878 -133.734 -134.993 -135.629 -135.631 -134.944 -133.58 -131.608 -129.075 -126.004 -122.418 -118.344 -113.819 -108.883 -103.577 -97.9429 -92.0221 -85.8541 -79.4754 -72.9192 -66.2159 -59.3937 -52.4811 -45.5098 -38.5148 -31.5206 -24.499 -17.296 -9.55624 0 0 0 0 0 0 0 0 0 
0 0 0 0 0 0 0 0 -7.0019 -14.746 -22.2167 -29.4644 -36.605 -43.7164 -50.8261 -57.9292 -65.0059 -72.0313 -78.9776 -85.8143 -92.5073 -99.018 -105.303 -111.318 -117.018 -122.367 -127.335 -131.897 -136.032 -139.711 -142.921 -145.622 -147.72 -149.149 -149.888 -149.939 -149.222 -147.664 -145.466 -142.7 -139.369 -135.484 -131.075 -126.188 -120.869 -115.165 -109.124 -102.792 -96.2118 -89.4227 -82.4597 -75.3548 -68.1376 -60.8358 -53.4752 -46.0769 -38.6471 -31.1581 -23.5294 -15.64 -7.43825 0 0 0 0 0 0 0 0 
0 0 0 0 0 0 0 -6.26268 -13.2616 -20.738 -28.2973 -35.8305 -43.3369 -50.8366 -58.3394 -65.8403 -73.3237 -80.7673 -88.1443 -95.4231 -102.568 -109.536 -116.278 -122.737 -128.859 -134.602 -139.946 -144.856 -149.332 -153.333 -156.883 -159.955 -162.365 -163.993 -164.792 -164.89 -164.205 -162.374 -159.896 -156.878 -153.282 -149.062 -144.283 -138.99 -133.24 -127.091 -120.596 -113.81 -106.779 -99.5438 -92.142 -84.6062 -76.9662 -69.2492 -61.4782 -53.6705 -45.8328 -37.9568 -30.0234 -22.0362 -14.113 -6.6746 0 0 0 0 0 0 0 
0 0 0 0 0 0 -5.16119 -11.7891 -19.044 -26.6469 -34.404 -42.2235 -50.0756 -57.9538 -65.8546 -73.769 -81.6812 -89.5701 -97.4089 -105.166 -112.805 -120.28 -127.534 -134.494 -141.077 -147.237 -152.972 -158.234 -163.043 -167.384 -171.305 -174.83 -177.665 -179.457 -180.384 -180.658 -179.883 -177.63 -174.798 -171.557 -167.749 -163.14 -157.978 -152.226 -146.011 -139.362 -132.36 -125.072 -117.549 -109.832 -101.958 -93.9615 -85.872 -77.7165 -69.518 -61.2942 -53.0569 -44.8127 -36.5715 -28.3681 -20.303 -12.5854 -5.51655 0 0 0 0 0 0 
0 0 0 0 0 0 -8.85564 -16.6886 -24.4782 -32.4018 -40.4482 -48.584 -56.788 -65.0485 -73.3563 -81.6996 -90.0622 -98.4228 -106.755 -115.028 -123.205 -131.244 -139.086 -146.627 -153.719 -160.276 -166.41 -172.001 -177.085 -181.743 -186.034 -189.971 -193.132 -194.861 -195.928 -196.261 -195.291 -192.885 -189.845 -186.51 -182.575 -177.642 -172.079 -165.82 -159.165 -151.988 -144.409 -136.568 -128.513 -120.277 -111.898 -103.41 -94.8437 -86.2269 -77.583 -68.9314 -60.2878 -51.6658 -43.0816 -34.5619 -26.1455 -17.8474 -9.4808 0 0 0 0 0 0 
0 0 0 0 0 -5.76157 -13.5728 -21.6314 -29.7785 -38.0339 -46.4029 -54.8764 -63.4439 -72.0959 -80.8224 -89.611 -98.4452 -107.304 -116.161 -124.986 -133.745 -142.403 -150.921 -159.162 -166.813 -173.729 -180.283 -186.212 -191.526 -196.434 -201.004 -205.079 -208.408 -210.384 -211.615 -211.742 -210.684 -208.447 -205.19 -201.351 -196.963 -191.899 -186.137 -179.556 -172.551 -164.875 -156.71 -148.279 -139.659 -130.866 -121.946 -112.936 -103.866 -94.7645 -85.6556 -76.5605 -67.4971 -58.481 -49.5273 -40.6524 -31.8698 -23.178 -14.5592 -6.1875 0 0 0 0 0 
0 0 0 0 0 -9.47348 -18.0425 -26.4858 -34.9703 -43.5526 -52.2529 -61.0748 -70.0154 -79.0688 -88.2265 -97.4769 -106.804 -116.186 -125.598 -135.01 -144.385 -153.685 -162.909 -171.935 -180.143 -187.25 -194.055 -200.416 -206.256 -211.609 -216.382 -220.487 -223.904 -225.962 -227.163 -227.378 -226.545 -224.457 -220.957 -216.625 -211.705 -206.233 -200.109 -193.146 -185.729 -177.637 -169.095 -160.171 -150.976 -141.582 -132.084 -122.521 -112.92 -103.309 -93.7145 -84.1581 -74.6592 -65.2336 -55.8943 -46.6504 -37.5032 -28.4357 -19.3905 -10.1908 0 0 0 0 0 
0 0 0 0 -5.90872 -14.0898 -22.638 -31.2991 -40.0642 -48.9534 -57.9813 -67.1545 -76.4741 -85.9372 -95.5379 -105.266 -115.107 -125.039 -135.037 -145.069 -155.085 -165.005 -174.956 -184.791 -193.588 -200.946 -208.149 -215.162 -221.602 -227.366 -232.273 -236.364 -239.826 -242.057 -243.286 -243.481 -242.652 -240.534 -236.779 -232.178 -226.985 -221.228 -214.694 -207.183 -199.312 -190.762 -181.774 -172.298 -162.468 -152.402 -142.286 -132.145 -121.985 -111.838 -101.735 -91.698 -81.7479 -71.9001 -62.1659 -52.5518 -43.057 -33.671 -24.3762 -15.1852 -6.37447 0 0 0 0 
0 0 0 0 -9.54506 -18.3391 -27.1206 -36.0083 -45.034 -54.2155 -63.5645 -73.0879 -82.7891 -92.6682 -102.722 -112.943 -123.318 -133.827 -144.442 -155.125 -165.749 -176.175 -186.659 -196.999 -206.476 -214.615 -222.474 -230.27 -237.384 -243.617 -248.661 -252.819 -256.273 -258.716 -260.142 -260.338 -259.294 -256.909 -252.917 -248.181 -242.708 -236.508 -229.317 -221.231 -212.807 -203.905 -194.638 -184.564 -174.001 -163.239 -152.509 -141.788 -131.037 -120.325 -109.688 -99.1514 -88.7345 -78.4528 -68.3173 -58.3338 -48.5021 -38.8151 -29.2581 -19.7995 -10.3126 0 0 0 0 
0 0 0 -5.77004 -13.9324 -22.6011 -31.4968 -40.5794 -49.8482 -59.3102 -68.9731 -78.8435 -88.9263 -99.2244 -109.739 -120.465 -131.395 -142.509 -153.778 -165.136 -176.394 -187.318 -198.217 -209.058 -219.273 -228.365 -236.82 -245.151 -252.848 -259.619 -265.024 -269.735 -273.694 -276.541 -278.169 -278.3 -276.96 -274.238 -269.914 -264.755 -258.694 -251.873 -244.125 -235.571 -226.447 -216.92 -207.051 -196.317 -185.17 -173.919 -162.696 -151.444 -140.049 -128.735 -117.541 -106.485 -95.5858 -84.8593 -74.3168 -63.9641 -53.8024 -43.8293 -34.0414 -24.4421 -15.0765 -6.24848 0 0 0 
0 0 0 -9.14778 -17.8132 -26.6362 -35.6863 -44.9642 -54.4691 -64.2039 -74.1742 -84.3867 -94.848 -105.565 -116.543 -127.785 -139.289 -151.034 -162.922 -174.824 -186.714 -198.341 -209.784 -221.141 -231.879 -241.69 -250.812 -259.634 -267.852 -275.232 -281.545 -287.08 -291.801 -295.332 -297.428 -297.519 -295.628 -292.407 -287.694 -281.945 -275.143 -267.438 -258.893 -249.821 -240.241 -229.907 -219.157 -207.86 -196.214 -184.531 -172.77 -161.014 -148.965 -137.026 -125.256 -113.662 -102.264 -91.0819 -80.1265 -69.4034 -58.9142 -48.6584 -38.6362 -28.8509 -19.303 -9.91736 0 0 0 
0 0 -5.20451 -13.0079 -21.5365 -30.4441 -39.6478 -49.1222 -58.8601 -68.8621 -79.1333 -89.681 -100.514 -111.644 -123.082 -134.843 -146.941 -159.358 -171.856 -184.215 -196.563 -208.848 -220.933 -232.696 -243.865 -254.508 -264.613 -274.256 -283.45 -291.766 -299.095 -305.471 -310.858 -314.996 -317.535 -317.768 -315.592 -311.837 -306.325 -299.603 -291.928 -283.387 -274.126 -264.284 -254.037 -242.939 -231.451 -219.536 -207.253 -195.025 -182.516 -170.148 -157.622 -145.146 -132.797 -120.642 -108.727 -97.0776 -85.7037 -74.6089 -63.7926 -53.2537 -42.994 -33.0224 -23.3671 -14.118 -5.65097 0 0 
0 0 -7.81015 -16.1427 -24.8809 -33.9559 -43.3386 -53.0167 -62.9868 -73.2512 -83.8158 -94.6897 -105.885 -117.415 -129.299 -141.563 -154.242 -167.327 -180.425 -193.294 -206.195 -219.122 -232.05 -244.482 -256.155 -267.552 -278.604 -289.283 -299.663 -309.147 -317.545 -324.935 -331.053 -335.598 -338.384 -338.764 -336.344 -332.031 -325.74 -318.01 -309.369 -299.947 -289.926 -279.092 -267.775 -255.889 -243.605 -230.843 -217.846 -204.961 -191.901 -179.033 -166.125 -153.131 -140.142 -127.382 -114.926 -102.797 -91.0019 -79.5358 -68.3935 -57.57 -47.0636 -36.8777 -27.025 -17.5365 -8.48592 0 0 
0 0 -9.89333 -18.872 -27.8884 -37.1601 -46.734 -56.6192 -66.8195 -77.34 -88.1889 -99.3774 -110.919 -122.832 -135.137 -147.866 -161.076 -174.733 -188.39 -201.828 -215.613 -229.089 -242.625 -255.846 -268.164 -280.378 -292.49 -304.346 -315.956 -327.004 -336.815 -345.395 -352.617 -357.587 -360.712 -361.302 -358.564 -353.437 -346.222 -337.435 -327.632 -317.03 -305.848 -293.93 -281.418 -268.559 -255.276 -241.724 -228.162 -214.692 -201.163 -187.831 -174.562 -160.984 -147.248 -133.817 -120.796 -108.185 -95.9708 -84.139 -72.6754 -61.5693 -50.8127 -40.3998 -30.3188 -20.517 -10.7562 0 0 
0 -4.98768 -12.8911 -21.5637 -30.6406 -40.0622 -49.8179 -59.9067 -70.3318 -81.1003 -92.2225 -103.712 -115.583 -127.856 -140.551 -153.69 -167.276 -181.229 -195.34 -209.483 -224.172 -238.249 -252.494 -266.668 -279.818 -293.034 -306.457 -319.605 -332.466 -344.924 -356.197 -366.251 -375.029 -380.84 -384.442 -385.242 -382.392 -376.514 -368.078 -357.882 -346.683 -334.685 -322.016 -308.833 -295.234 -281.406 -267.033 -252.585 -238.283 -224.193 -210.185 -196.583 -183.022 -168.658 -153.994 -139.843 -126.256 -113.175 -100.558 -88.3738 -76.6001 -65.219 -54.2181 -43.5901 -33.3333 -23.4563 -14.0221 -5.42563 0 
0 -7.05959 -15.1198 -23.851 -33.0482 -42.63 -52.5687 -62.8578 -73.5009 -84.507 -95.8891 -107.663 -119.847 -132.459 -145.52 -159.044 -173.022 -187.345 -201.814 -216.476 -231.511 -246.248 -261.158 -276.181 -290.699 -305.34 -320.237 -334.839 -349.155 -363.121 -376.212 -388.194 -398.629 -405.975 -410.301 -411.069 -407.914 -401.176 -391.315 -379.37 -366.498 -352.928 -338.514 -323.726 -308.856 -293.986 -278.585 -263.192 -248.069 -233.137 -218.543 -204.561 -190.455 -175.409 -160.027 -145.297 -131.21 -117.701 -104.711 -92.1985 -80.1322 -68.4884 -57.2505 -46.4094 -35.9679 -25.953 -16.4502 -7.68039 0 
0 -8.13092 -16.6774 -25.6723 -35.0711 -44.8411 -54.9691 -65.4551 -76.3069 -87.5376 -99.1639 -111.205 -123.681 -136.614 -150.025 -163.933 -178.359 -193.211 -208.044 -223.145 -238.463 -253.772 -269.189 -284.992 -300.87 -316.783 -332.972 -349.368 -365.664 -381.679 -396.991 -411.356 -424.05 -433.656 -439.297 -440.357 -436.698 -427.999 -415.756 -401.707 -386.723 -371.146 -354.804 -338.331 -321.958 -305.757 -289.273 -272.893 -256.989 -241.228 -225.897 -211.117 -196.281 -180.845 -165.138 -150.068 -135.586 -121.707 -108.387 -95.5771 -83.2417 -71.352 -59.886 -48.8289 -38.176 -27.9374 -18.1455 -8.84572 0 
0 -8.78672 -17.7865 -27.0897 -36.7228 -46.6942 -57.0116 -67.6864 -78.734 -90.1728 -102.024 -114.311 -127.059 -140.291 -154.032 -168.304 -183.137 -198.45 -213.804 -229.236 -244.774 -260.516 -276.444 -293.018 -310.112 -327.333 -344.947 -363.182 -381.779 -400.441 -418.559 -435.89 -451.711 -464.298 -471.942 -473.232 -468.44 -457.067 -441.898 -425.177 -407.245 -388.975 -370.614 -352.364 -333.916 -316.032 -298.449 -281.163 -264.533 -248.281 -232.299 -216.697 -201.198 -185.288 -169.388 -154.092 -139.329 -125.154 -111.552 -98.4815 -85.9056 -73.792 -62.1126 -50.8444 -39.9696 -29.4753 -19.3484 -9.55703 0 
0 -9.22942 -18.5923 -28.1773 -38.0362 -48.2011 -58.6966 -69.5451 -80.7699 -92.3955 -104.448 -116.957 -129.951 -143.46 -157.509 -172.114 -187.251 -202.82 -218.665 -234.378 -250.159 -266.279 -282.853 -300.168 -318.299 -336.919 -356.338 -376.586 -397.397 -418.694 -440.274 -461.536 -481.825 -499.017 -510.085 -511.45 -504.051 -488.944 -469.753 -449.106 -427.444 -406.014 -385.447 -365.51 -345.108 -325.695 -306.92 -288.69 -271.247 -254.272 -237.595 -221.348 -205.431 -189.131 -173.093 -157.497 -142.459 -128.03 -114.186 -100.891 -88.1073 -75.7977 -63.928 -52.4665 -41.3829 -30.6457 -20.216 -10.034 0 
0 -9.53869 -19.1758 -28.9911 -39.0437 -49.3776 -60.0284 -71.0275 -82.4049 -94.1908 -106.417 -119.118 -132.329 -146.088 -160.43 -175.364 -190.819 -206.338 -222.066 -238.021 -254.358 -271.071 -288.414 -306.46 -325.64 -345.732 -366.978 -389.252 -412.662 -437.215 -462.653 -488.326 -514.505 -539.43 -557.368 -558.29 -546.729 -525.254 -499.721 -473.277 -446.782 -421.625 -398.292 -376.387 -354.686 -334.098 -314.277 -295.382 -277.396 -259.477 -242.163 -225.389 -209.025 -192.331 -176.157 -160.275 -144.977 -130.319 -116.27 -102.79 -89.8348 -77.3635 -65.3352 -53.7106 -42.4496 -31.5087 -20.8358 -10.3629 0 
0 -9.74954 -19.5811 -29.5676 -39.7697 -50.2372 -61.012 -72.1317 -83.6314 -95.5459 -107.912 -120.768 -134.158 -148.135 -162.758 -178.089 -194.03 -209.465 -224.911 -241.003 -257.74 -274.899 -292.881 -311.673 -331.898 -353.426 -376.253 -400.445 -426.577 -454.759 -484.511 -514.725 -548.547 -586.567 -619.868 -617.421 -599.546 -566.558 -530.913 -496.501 -464.152 -435.009 -408.776 -384.799 -362.252 -340.734 -320.094 -300.858 -282.43 -263.663 -245.751 -228.557 -211.725 -194.734 -178.455 -162.368 -146.852 -132 -117.786 -104.163 -91.0787 -78.4862 -66.3388 -54.591 -43.1963 -32.1039 -21.2555 -10.5817 0 
0 -9.87838 -19.8315 -29.9285 -40.2303 -50.7893 -61.6509 -72.856 -84.443 -96.4497 -108.915 -121.883 -135.402 -149.534 -164.333 -179.792 -195.919 -211.4 -226.932 -243.31 -260.409 -277.667 -295.975 -315.495 -336.615 -359.328 -383.529 -409.702 -438.492 -470.708 -505.474 -540.829 -579.503 -635.933 -696.698 -689.205 -662.356 -611.929 -560.902 -516.687 -478.151 -445.087 -416.236 -390.604 -367.358 -345.323 -324.009 -304.14 -284.702 -265.51 -247.354 -230.088 -213.257 -196.437 -180.17 -163.824 -148.063 -133.044 -118.712 -104.995 -91.8313 -79.164 -66.9428 -55.1184 -43.6406 -32.455 -21.5007 -10.7084 0 
0 -9.93248 -19.9379 -30.0847 -40.4339 -51.0387 -61.9462 -73.1983 -84.8348 -96.8945 -109.418 -122.447 -136.033 -150.232 -165.041 -180.32 -196.281 -212.091 -228.06 -244.783 -262.243 -279.549 -297.95 -317.868 -339.475 -362.817 -387.87 -415.531 -446.953 -484.264 -528.73 -576.058 -612.883 -666.752 -739.571 -734.863 -702.088 -648.299 -582.684 -529.588 -486.633 -450.871 -420.189 -393.389 -369.48 -347.306 -325.78 -305.379 -285.468 -266.109 -247.779 -230.38 -213.537 -197.019 -180.917 -164.436 -148.506 -133.398 -119.022 -105.276 -92.087 -79.3956 -67.1498 -55.2993 -43.7927 -32.5747 -21.5839 -10.7513 0 
0 -9.91362 -19.9031 -30.0385 -40.3817 -50.9857 -61.8967 -73.1564 -84.8034 -96.876 -109.413 -122.455 -136.045 -150.225 -164.984 -180.156 -195.896 -211.916 -228.295 -245.306 -262.911 -280.325 -298.692 -318.561 -340.084 -363.344 -388.888 -417.304 -449.806 -489.263 -539.252 -602.552 -651.264 -682.212 -724.136 -714.624 -675.359 -647.271 -586.095 -531.2 -487.516 -451.327 -420.253 -393.213 -369.114 -346.633 -325.145 -304.574 -284.978 -265.764 -247.329 -229.655 -212.536 -195.985 -179.944 -163.723 -148 -133.011 -118.702 -105 -91.8447 -79.1817 -66.9617 -55.1364 -43.6561 -32.4672 -21.5091 -10.7127 0 
0 -9.81894 -19.7222 -29.7846 -40.0686 -50.6255 -61.4988 -72.727 -84.3465 -96.393 -108.903 -121.915 -135.467 -149.598 -164.31 -179.482 -195.21 -211.285 -227.827 -244.951 -262.656 -280.104 -298.197 -317.678 -338.815 -361.477 -386.564 -414.163 -445.138 -481.49 -523.726 -573.356 -617.728 -645.014 -664.172 -656.948 -634.838 -624.966 -572.01 -521.436 -480.682 -446.3 -416.164 -389.541 -365.632 -343.279 -322.286 -302.1 -283.015 -264.357 -246.013 -228.105 -210.78 -194.051 -177.943 -162.098 -146.723 -131.945 -117.775 -104.178 -91.1099 -78.5247 -66.3787 -54.6283 -43.2283 -32.1289 -21.2726 -10.5903 0 
0 -9.63999 -19.382 -29.3091 -39.4826 -49.9491 -60.7459 -71.9063 -83.4624 -95.4465 -107.892 -120.834 -134.309 -148.354 -162.992 -178.195 -194.084 -210.177 -226.689 -243.699 -261.375 -278.637 -296.237 -315.11 -335.643 -357.589 -381.492 -407.189 -435.34 -466.911 -501.349 -537.711 -569.796 -592.006 -603.346 -600.626 -588.827 -575.928 -539.414 -501.508 -467.007 -436.018 -408.079 -382.776 -359.556 -337.727 -317.378 -297.716 -279.128 -261.23 -243.392 -225.522 -208.222 -191.558 -175.51 -159.941 -144.838 -130.27 -116.274 -102.828 -89.892 -77.4286 -65.4002 -53.77 -42.4998 -31.5475 -20.862 -10.3761 0 
0 -9.35897 -18.857 -28.587 -38.6038 -48.9423 -59.6293 -70.69 -82.1505 -94.0385 -106.384 -119.22 -132.583 -146.514 -161.032 -176.105 -191.946 -208.095 -224.552 -241.173 -258.127 -275.034 -292.518 -310.936 -330.749 -351.679 -373.839 -397.269 -422.347 -449.254 -477.232 -505.08 -528.909 -545.792 -554.569 -553.086 -543.99 -529.602 -505.421 -477.375 -449.172 -422.358 -397.322 -373.814 -351.72 -330.794 -311.186 -291.939 -273.754 -256.339 -239.048 -221.738 -204.801 -188.457 -172.583 -157.216 -142.351 -128.011 -114.225 -100.967 -88.2016 -75.8974 -64.0236 -52.5515 -41.4534 -30.6994 -20.2519 -10.0519 0 
0 -8.93894 -18.0998 -27.5781 -37.4034 -47.5869 -58.1389 -69.074 -80.4111 -92.1728 -104.386 -117.08 -130.288 -144.044 -158.378 -173.28 -188.848 -204.895 -221.303 -237.627 -253.8 -270.365 -287.662 -305.516 -324.579 -344.391 -364.663 -385.563 -407.459 -430.192 -453.076 -474.928 -493.573 -507.378 -514.373 -512.866 -505.539 -493.09 -475.055 -453.175 -429.906 -406.953 -384.698 -363.158 -342.483 -322.475 -303.468 -284.895 -267.3 -250.26 -233.429 -216.946 -200.556 -184.722 -169.119 -153.914 -139.267 -125.189 -111.648 -98.6124 -86.0504 -73.9357 -62.2451 -50.9591 -40.0627 -29.5449 -19.3943 -9.57958 0 
0 -8.29698 -17.0253 -26.2222 -35.845 -45.8629 -56.2655 -67.0561 -78.2469 -89.8559 -101.906 -114.425 -127.444 -140.996 -155.116 -169.82 -185.104 -200.965 -217.204 -233.19 -248.749 -264.964 -281.901 -299.25 -317.384 -336.028 -354.548 -373.048 -392.047 -411.246 -430.106 -447.664 -462.726 -474.497 -480.036 -477.748 -471.714 -461.339 -447.09 -429.707 -410.503 -390.655 -370.612 -350.803 -331.637 -312.959 -294.949 -277.246 -260.236 -243.714 -227.164 -211.037 -195.359 -180.189 -164.866 -149.926 -135.598 -121.828 -108.568 -95.7839 -83.4518 -71.5501 -60.0621 -48.9772 -38.2934 -28.0233 -18.2006 -8.87217 0 
0 -7.22369 -15.4821 -24.4404 -33.8913 -43.7542 -54.0041 -64.6382 -75.6644 -87.0977 -98.9582 -111.271 -124.067 -137.381 -151.257 -165.725 -180.753 -196.312 -212.176 -227.752 -242.837 -258.553 -274.892 -291.625 -308.717 -326.165 -343.244 -359.792 -376.158 -392.502 -408.247 -422.585 -434.432 -443.642 -448.166 -446.644 -441.913 -433.052 -421.31 -406.923 -390.713 -373.436 -355.544 -337.537 -319.889 -302.409 -285.47 -268.745 -252.201 -236.19 -220.175 -204.476 -189.288 -174.477 -159.683 -145.276 -131.373 -117.958 -105.009 -92.504 -80.4228 -68.7506 -57.476 -46.5941 -36.1105 -26.0543 -16.5127 -7.70847 0 
0 -5.11567 -13.239 -22.1662 -31.5254 -41.2586 -51.3585 -61.8279 -72.6749 -83.9122 -95.5577 -107.634 -120.171 -133.205 -146.79 -160.993 -175.737 -190.617 -205.58 -220.71 -235.851 -251.293 -266.938 -282.58 -298.526 -314.903 -330.954 -346.018 -360.277 -374.287 -387.414 -399.088 -408.32 -414.968 -418.303 -417.711 -413.971 -406.683 -397.067 -385.376 -371.845 -356.74 -340.771 -324.232 -307.769 -291.324 -275.284 -259.505 -243.495 -227.937 -212.549 -197.396 -182.646 -168.206 -154.006 -140.123 -126.657 -113.623 -101.008 -88.7997 -76.985 -65.5534 -54.4973 -43.8128 -33.5003 -23.5705 -14.0875 -5.449 0 
0 0 -10.1921 -19.4598 -28.7857 -38.3964 -48.3434 -58.6402 -69.295 -80.3186 -91.7261 -103.537 -115.777 -128.477 -141.677 -155.433 -169.675 -183.91 -198.232 -212.961 -228.014 -243.238 -258.426 -272.944 -287.604 -302.781 -317.717 -331.464 -344.25 -356.468 -367.558 -377.071 -384.418 -389.461 -391.841 -391.36 -388.225 -382.529 -374.641 -365.03 -353.795 -340.492 -326.075 -310.771 -295.272 -279.898 -264.507 -249.262 -233.979 -219.037 -204.417 -189.933 -175.608 -161.6 -147.926 -134.538 -121.512 -108.868 -96.6002 -84.7017 -73.1641 -61.9807 -51.147 -40.6593 -30.5075 -20.6399 -10.8179 0 0 
0 0 -8.06944 -16.6954 -25.761 -35.1978 -44.9786 -55.0945 -65.5462 -76.341 -87.4909 -99.0121 -110.924 -123.248 -136.008 -149.214 -162.806 -176.496 -190.471 -204.856 -219.526 -234.192 -248.706 -262.383 -275.892 -289.603 -303.117 -315.837 -327.687 -338.575 -348.217 -356.245 -362.103 -365.937 -367.65 -367.076 -364.593 -360.17 -353.423 -345.086 -335.454 -323.709 -310.723 -296.745 -282.309 -267.943 -253.252 -238.584 -224.106 -209.904 -196.033 -182.145 -168.235 -154.7 -141.49 -128.571 -115.984 -103.736 -91.8234 -80.2427 -68.9889 -58.0584 -47.4506 -37.17 -27.2304 -17.6635 -8.54436 0 0 
0 0 -5.39024 -13.4915 -22.3651 -31.6551 -41.2787 -51.213 -61.4544 -72.0082 -82.8844 -94.0961 -105.658 -117.585 -129.888 -142.576 -155.604 -168.825 -182.43 -196.413 -210.609 -224.679 -238.177 -251.068 -263.787 -276.381 -288.607 -300.312 -311.263 -321.125 -329.533 -336.423 -341.001 -343.921 -345.229 -344.716 -342.595 -338.876 -333.054 -325.776 -317.227 -306.724 -295.101 -282.42 -269.052 -255.682 -241.737 -227.74 -213.957 -200.395 -187.044 -173.724 -160.44 -147.455 -134.72 -122.27 -110.119 -98.268 -86.7148 -75.4568 -64.4905 -53.8135 -43.427 -33.3398 -23.5804 -14.2396 -5.69598 0 0 
0 0 0 -9.51525 -18.5527 -27.7789 -37.2682 -47.0245 -57.0503 -67.3529 -77.9424 -88.8301 -100.027 -111.544 -123.386 -135.555 -148.038 -160.775 -173.822 -187.126 -200.741 -214.418 -227.092 -239.464 -251.608 -263.28 -274.454 -285.235 -295.182 -304.215 -311.539 -317.518 -321.103 -323.421 -324.465 -324 -322.029 -318.683 -313.603 -307.111 -299.433 -290.052 -279.482 -267.824 -255.627 -243.297 -230.117 -216.817 -203.648 -190.619 -177.761 -165.019 -152.34 -139.874 -127.643 -115.668 -103.954 -92.5021 -81.3111 -70.3792 -59.7027 -49.2782 -39.1039 -29.1819 -19.512 -10.0183 0 0 0 
0 0 0 -6.01676 -14.5518 -23.6394 -32.9906 -42.5664 -52.3694 -62.4106 -72.7021 -83.2547 -94.0774 -105.177 -116.556 -128.214 -140.144 -152.331 -164.771 -177.358 -190.062 -202.949 -215.347 -227.59 -239.157 -249.911 -260.252 -270.452 -279.382 -287.277 -293.577 -298.828 -301.947 -304.106 -305.149 -304.553 -302.455 -299.083 -294.476 -288.495 -281.445 -272.932 -263.324 -252.838 -241.96 -230.801 -218.467 -205.78 -193.136 -180.609 -168.258 -156.047 -143.948 -132.028 -120.309 -108.807 -97.5277 -86.4749 -75.6484 -65.046 -54.663 -44.4926 -34.5284 -24.7719 -15.2675 -6.32143 0 0 0 
0 0 0 0 -9.99817 -19.2364 -28.4885 -37.881 -47.4503 -57.2182 -67.2007 -77.4091 -87.8508 -98.5301 -109.448 -120.602 -131.985 -143.59 -155.406 -167.36 -179.343 -191.491 -203.405 -215.013 -225.792 -235.701 -245.431 -254.989 -262.959 -269.895 -275.708 -280.427 -283.529 -285.864 -287.019 -286.105 -283.732 -280.226 -275.749 -270.204 -263.705 -256.089 -247.529 -238.084 -228.205 -217.921 -206.425 -194.504 -182.456 -170.456 -158.618 -146.923 -135.37 -123.978 -112.758 -101.722 -90.875 -80.2213 -69.7616 -59.4936 -49.4106 -39.5008 -29.7453 -20.11 -10.4645 0 0 0 0 
0 0 0 0 -6.20446 -14.8197 -23.846 -33.019 -42.3326 -51.811 -61.4733 -71.3302 -81.3868 -91.6449 -102.103 -112.759 -123.606 -134.638 -145.853 -157.219 -168.621 -180.195 -191.575 -202.17 -211.953 -221.238 -230.329 -239.065 -246.477 -252.958 -258.327 -262.65 -265.811 -268.093 -269.164 -268.295 -265.946 -262.508 -258.124 -252.922 -246.891 -240.043 -232.408 -223.695 -214.347 -204.558 -194.009 -182.945 -171.519 -160.095 -148.8 -137.645 -126.63 -115.755 -105.025 -94.4474 -84.029 -73.7737 -63.6832 -53.7561 -43.9852 -34.3545 -24.8422 -15.458 -6.48063 0 0 0 0 
0 0 0 0 0 -9.99182 -19.0566 -28.0164 -37.0499 -46.2201 -55.5514 -65.0515 -74.7212 -84.5591 -94.5621 -104.725 -115.042 -125.503 -136.104 -146.837 -157.69 -168.799 -179.724 -189.29 -198.062 -206.854 -215.529 -223.727 -230.505 -236.423 -241.454 -245.726 -248.79 -250.959 -251.846 -251.126 -248.989 -245.607 -241.329 -236.311 -230.745 -224.646 -217.719 -209.567 -200.835 -191.64 -181.67 -171.118 -160.283 -149.499 -138.811 -128.228 -117.752 -107.386 -97.1382 -87.014 -77.02 -67.1611 -57.4414 -47.8625 -38.4195 -29.0899 -19.811 -10.3992 0 0 0 0 0 
0 0 0 0 0 -6.09101 -14.3722 -22.9402 -31.6306 -40.468 -49.4608 -58.6031 -67.8875 -77.3083 -86.8607 -96.5381 -106.332 -116.23 -126.22 -136.285 -146.408 -156.586 -166.571 -175.617 -184.067 -192.421 -200.646 -208.342 -214.595 -220.004 -224.959 -229.401 -232.337 -234.291 -234.901 -234.35 -232.592 -229.284 -225.055 -220.256 -215.188 -209.935 -203.691 -195.871 -187.651 -178.98 -169.176 -159.064 -148.91 -138.789 -128.716 -118.704 -108.763 -98.901 -89.1277 -79.4505 -69.8758 -60.4095 -51.0587 -41.833 -32.7404 -23.7746 -14.9125 -6.32793 0 0 0 0 0 
0 0 0 0 0 0 -9.40106 -17.7416 -26.0643 -34.5605 -43.2208 -52.0128 -60.9172 -69.926 -79.0341 -88.2347 -97.517 -106.866 -116.261 -125.676 -135.072 -144.386 -153.474 -162.061 -170.184 -178.035 -185.638 -192.572 -198.36 -203.486 -208.241 -212.535 -215.4 -217.249 -217.945 -217.627 -216.091 -213.026 -209.144 -204.8 -200.055 -195.241 -189.365 -181.813 -173.813 -165.489 -156.304 -146.932 -137.495 -128.029 -118.56 -109.11 -99.6937 -90.3271 -81.0211 -71.7845 -62.6232 -53.5424 -44.5511 -35.6703 -26.9347 -18.3555 -9.73654 0 0 0 0 0 0 
0 0 0 0 0 0 -5.49044 -12.5607 -20.3246 -28.4889 -36.849 -45.3099 -53.8427 -62.4444 -71.1151 -79.8496 -88.6358 -97.4551 -106.283 -115.085 -123.817 -132.412 -140.773 -148.792 -156.433 -163.709 -170.602 -176.882 -182.288 -187.185 -191.628 -195.537 -198.299 -199.999 -200.738 -200.731 -199.455 -196.647 -193.283 -189.368 -184.765 -179.871 -173.969 -167.016 -159.603 -151.791 -143.448 -134.853 -126.109 -117.273 -108.387 -99.4799 -90.5756 -81.6925 -72.8452 -64.0431 -55.2902 -46.5857 -37.933 -29.3623 -20.9726 -12.9761 -5.67817 0 0 0 0 0 0 
0 0 0 0 0 0 0 -6.68626 -14.1843 -22.2214 -30.3765 -38.5351 -46.6992 -54.8937 -63.1323 -71.4128 -79.7213 -88.0362 -96.3293 -104.565 -112.698 -120.672 -128.415 -135.86 -142.965 -149.701 -156.03 -161.808 -166.83 -171.365 -175.345 -178.704 -181.2 -182.793 -183.569 -183.63 -182.522 -180.196 -177.336 -173.742 -169.354 -164.54 -158.93 -152.565 -145.723 -138.479 -130.843 -122.926 -114.813 -106.568 -98.2342 -89.8477 -81.4361 -73.0222 -64.6239 -56.2526 -47.9087 -39.5773 -31.2328 -22.8733 -14.6172 -6.89832 0 0 0 0 0 0 0 
0 0 0 0 0 0 0 0 -7.50508 -15.836 -23.9006 -31.7547 -39.5253 -47.299 -55.1076 -62.948 -70.8005 -78.639 -86.4332 -94.1476 -101.74 -109.161 -116.356 -123.269 -129.855 -136.073 -141.875 -147.182 -151.883 -156.056 -159.652 -162.627 -164.834 -166.262 -166.966 -166.954 -166.011 -164.134 -161.479 -158.112 -154.088 -149.522 -144.329 -138.522 -132.244 -125.559 -118.518 -111.193 -103.652 -95.9504 -88.1344 -80.2405 -72.299 -64.3363 -56.3757 -48.4347 -40.5147 -32.582 -24.5476 -16.2808 -7.72449 0 0 0 0 0 0 0 0 
0 0 0 0 0 0 0 0 0 -9.71679 -17.6354 -25.0577 -32.3485 -39.6692 -47.0511 -54.471 -61.8937 -69.2862 -76.6169 -83.8521 -90.9534 -97.8773 -104.577 -111.004 -117.114 -122.861 -128.199 -133.071 -137.426 -141.248 -144.508 -147.169 -149.15 -150.439 -151.043 -150.945 -150.07 -148.424 -146.024 -142.965 -139.299 -135.063 -130.271 -124.95 -119.171 -112.995 -106.477 -99.6767 -92.6499 -85.4476 -78.1126 -70.6808 -63.183 -55.6484 -48.108 -40.5956 -33.1335 -25.6885 -18.0949 -9.97789 0 0 0 0 0 0 0 0 0 
0 0 0 0 0 0 0 0 0 -5.39579 -11.8664 -18.4921 -25.1419 -31.9782 -38.9568 -45.9912 -53.0171 -59.9952 -66.8962 -73.6903 -80.3439 -86.818 -93.0702 -99.0568 -104.734 -110.059 -114.989 -119.478 -123.489 -126.991 -129.958 -132.355 -134.143 -135.302 -135.82 -135.683 -134.865 -133.365 -131.203 -128.424 -125.065 -121.162 -116.74 -111.835 -106.496 -100.774 -94.7197 -88.3864 -81.8237 -75.0775 -68.1876 -61.187 -54.1039 -46.9662 -39.8123 -32.7062 -25.7351 -18.9436 -12.1655 -5.53585 0 0 0 0 0 0 0 0 0 
0 0 0 0 0 0 0 0 0 0 -5.94222 -11.9025 -17.7487 -24.1449 -30.8066 -37.5198 -44.1881 -50.7815 -57.2822 -63.6692 -69.9139 -75.9806 -81.8294 -87.4187 -92.7068 -97.653 -102.218 -106.364 -110.058 -113.271 -115.977 -118.151 -119.765 -120.804 -121.254 -121.103 -120.341 -118.969 -117.001 -114.461 -111.378 -107.779 -103.694 -99.1548 -94.2033 -88.8834 -83.2417 -77.3254 -71.1809 -64.8512 -58.3732 -51.7758 -45.0792 -38.3004 -31.4688 -24.6818 -18.1571 -12.1853 -6.08771 0 0 0 0 0 0 0 0 0 0 
0 0 0 0 0 0 0 0 0 0 0 -5.427 -9.8055 -16.0463 -22.6048 -29.0934 -35.4341 -41.6606 -47.7817 -53.7905 -59.6618 -65.361 -70.8482 -76.0818 -81.0212 -85.628 -89.8663 -93.7029 -97.1085 -100.058 -102.53 -104.504 -105.964 -106.895 -107.288 -107.133 -106.427 -105.17 -103.369 -101.041 -98.205 -94.8829 -91.1003 -86.8872 -82.2791 -77.3152 -72.0382 -66.4926 -60.7234 -54.7733 -48.6781 -42.4638 -36.1368 -29.6874 -23.0806 -16.3951 -10.0263 -5.5529 0 0 0 0 0 0 0 0 0 0 0 
0 0 0 0 0 0 0 0 0 0 0 0 0 -7.62983 -14.4731 -20.8147 -26.7943 -32.6451 -38.3935 -44.0494 -49.5818 -54.9536 -60.1205 -65.0391 -69.6684 -73.9716 -77.9161 -81.4724 -84.6149 -87.3228 -89.5798 -91.3726 -92.6904 -93.5246 -93.8684 -93.7161 -93.0644 -91.9128 -90.2653 -88.1299 -85.5185 -82.4474 -78.9373 -75.0147 -70.7106 -66.0603 -61.1032 -55.8833 -50.447 -44.8403 -39.1022 -33.2644 -27.3168 -21.2318 -14.7712 -7.79156 0 0 0 0 0 0 0 0 0 0 0 0 0 
0 0 0 0 0 0 0 0 0 0 0 0 0 0 -6.84281 -12.8982 -18.2834 -23.7319 -29.0978 -34.4317 -39.6626 -44.7509 -49.6411 -54.2857 -58.6415 -62.6739 -66.3542 -69.6557 -72.5558 -75.0385 -77.0939 -78.716 -79.9007 -80.6447 -80.9451 -80.7984 -80.2015 -79.1521 -77.6493 -75.6944 -73.2918 -70.4507 -67.1869 -63.5235 -59.4885 -55.1121 -50.4309 -45.4906 -40.3407 -35.0389 -29.626 -24.1749 -18.634 -13.1519 -6.98078 0 0 0 0 0 0 0 0 0 0 0 0 0 0 
0 0 0 0 0 0 0 0 0 0 0 0 0 0 0 -5.65184 -9.70917 -14.9014 -19.8341 -24.9171 -29.8859 -34.7463 -39.4072 -43.8211 -47.9381 -51.7283 -55.1712 -58.2404 -60.914 -63.1815 -65.0414 -66.4967 -67.5515 -68.2086 -68.4688 -68.3308 -67.7912 -66.8448 -65.4855 -63.7067 -61.5036 -58.8766 -55.8362 -52.4041 -48.6077 -44.4685 -40.0179 -35.3074 -30.3865 -25.3484 -20.1882 -15.175 -9.89255 -5.76112 0 0 0 0 0 0 0 0 0 0 0 0 0 0 0 
0 0 0 0 0 0 0 0 0 0 0 0 0 0 0 0 0 -6.33042 -10.4203 -15.5165 -20.2177 -24.9412 -29.4205 -33.6534 -37.5615 -41.1298 -44.362 -47.2206 -49.6784 -51.7321 -53.3934 -54.678 -55.6001 -56.1693 -56.3908 -56.2648 -55.7875 -54.9505 -53.7412 -52.1432 -50.1391 -47.7162 -44.877 -41.6488 -38.0698 -34.1365 -29.8647 -25.3347 -20.5494 -15.78 -10.6032 -6.44455 0 0 0 0 0 0 0 0 0 0 0 0 0 0 0 0 0 
0 0 0 0 0 0 0 0 0 0 0 0 0 0 0 0 0 0 0 -6.51092 -10.5272 -15.3802 -19.6801 -23.8105 -27.5247 -30.8673 -33.9265 -36.6017 -38.8468 -40.6752 -42.122 -43.222 -44.0015 -44.4778 -44.6601 -44.5502 -44.1436 -43.4285 -42.3854 -40.9859 -39.1936 -36.972 -34.3069 -31.2444 -27.8862 -24.1429 -19.9697 -15.6172 -10.6964 -6.61911 0 0 0 0 0 0 0 0 0 0 0 0 0 0 0 0 0 0 0 
0 0 0 0 0 0 0 0 0 0 0 0 0 0 0 0 0 0 0 0 0 -6.37231 -10.1091 -14.3839 -17.8596 -20.8882 -23.8751 -26.4129 -28.4319 -29.9998 -31.1975 -32.0863 -32.706 -33.0804 -33.2216 -33.1324 -32.808 -32.2344 -31.3861 -30.2214 -28.6774 -26.6713 -24.1341 -21.1357 -18.0875 -14.5792 -10.2542 -6.46784 0 0 0 0 0 0 0 0 0 0 0 0 0 0 0 0 0 0 0 0 0 
0 0 0 0 0 0 0 0 0 0 0 0 0 0 0 0 0 0 0 0 0 0 0 -5.75639 -8.64166 -10.9506 -14.2727 -16.7427 -18.4682 -19.6947 -20.582 -21.2196 -21.6559 -21.9164 -22.0133 -21.9499 -21.7217 -21.3151 -20.7032 -19.8363 -18.6231 -16.9016 -14.4226 -11.0769 -8.74912 -5.83207 0 0 0 0 0 0 0 0 0 0 0 0 0 0 0 0 0 0 0 0 0 0 0 
0 0 0 0 0 0 0 0 0 0 0 0 0 0 0 0 0 0 0 0 0 0 0 0 0 0 -5.52248 -7.81718 -9.0035 -9.7286 -10.2162 -10.5543 -10.7815 -10.9158 -10.9653 -10.9323 -10.8138 -10.6011 -10.2754 -9.79727 -9.07741 -7.88924 -5.57797 0 0 0 0 0 0 0 0 0 0 0 0 0 0 0 0 0 0 0 0 0 0 0 0 0 0 
0 0 0 0 0 0 0 0 0 0 0 0 0 0 0 0 0 0 0 0 0 0 0 0 0 0 0 0 0 0 0 0 0 0 0 0 0 0 0 0 0 0 0 0 0 0 0 0 0 0 0 0 0 0 0 0 0 0 0 0 0 0 0 0 0 0 0 0 0 
