0 0 0 0 0 0 0 0 0 0 0 0 0 0 0 0 0 0 0 0 0 0 0 0 0 0 0 0 0 0 0 0 0 0 0 0 0 0 0 0 0 0 0 0 0 0 0 0 0 0 0 0 0 0 0 0 0 0 0 0 0 0 0 0 0 0 0 0 0 
0 0 0 0 0 0 0 0 0 0 0 0 0 0 0 0 0 0 0 0 0 0 0 0 0 0 -6.80395 -9.57872 -10.9613 -11.7605 -12.2588 -12.5704 -12.748 -12.8185 -12.796 -12.6865 -12.4894 -12.1965 -11.787 -11.2156 -10.3792 -9.01676 -6.37609 0 0 0 0 0 0 0 0 0 0 0 0 0 0 0 0 0 0 0 0 0 0 0 0 0 0 
0 0 0 0 0 0 0 0 0 0 0 0 0 0 0 0 0 0 0 0 0 0 0 -7.24075 -10.8189 -13.626 -17.6372 -20.5495 -22.5062 -23.8218 -24.7044 -25.2749 -25.6032 -25.7301 -25.6789 -25.4604 -25.0747 -24.5096 -23.7358 -22.6961 -21.2846 -19.3118 -16.4876 -12.6796 -10.0349 -6.70383 0 0 0 0 0 0 0 0 0 0 0 0 0 0 0 0 0 0 0 0 0 0 0 
0 0 0 0 0 0 0 0 0 0 0 0 0 0 0 0 0 0 0 0 0 -8.10595 -12.8133 -18.1441 -22.4089 -26.0481 -29.5693 -32.4758 -34.6923 -36.316 -37.462 -38.2216 -38.6596 -38.8197 -38.7291 -38.4017 -37.8395 -37.0313 -35.9504 -34.5486 -32.7511 -30.4582 -27.5831 -24.196 -20.756 -16.7805 -11.847 -7.50127 0 0 0 0 0 0 0 0 0 0 0 0 0 0 0 0 0 0 0 0 0 
0 0 0 0 0 0 0 0 0 0 0 0 0 0 0 0 0 0 0 -8.33993 -13.4613 -19.6105 -25.0029 -30.1136 -34.6246 -38.5881 -42.1161 -45.0919 -47.4713 -49.288 -50.6059 -51.4898 -51.994 -52.1601 -52.016 -51.5779 -50.8502 -49.826 -48.4858 -46.7966 -44.7132 -42.1866 -39.1905 -35.7652 -32.0126 -27.8153 -23.1062 -18.1581 -12.507 -7.78128 0 0 0 0 0 0 0 0 0 0 0 0 0 0 0 0 0 0 0 
0 0 0 0 0 0 0 0 0 0 0 0 0 0 0 0 0 -8.11897 -13.369 -19.8986 -25.8945 -31.8719 -37.4741 -42.6829 -47.3877 -51.5634 -55.2152 -58.3044 -60.8129 -62.7589 -64.1839 -65.1375 -65.6668 -65.8105 -65.5969 -65.0435 -64.1574 -62.9365 -61.3701 -59.439 -57.1185 -54.3845 -51.2272 -47.6617 -43.714 -39.3617 -34.6047 -29.5178 -24.0887 -18.6181 -12.5999 -7.70806 0 0 0 0 0 0 0 0 0 0 0 0 0 0 0 0 0 
0 0 0 0 0 0 0 0 0 0 0 0 0 0 0 -7.21984 -12.4274 -19.1068 -25.4583 -31.9911 -38.3462 -44.5083 -50.3388 -55.7561 -60.6801 -65.0628 -68.8769 -72.0976 -74.717 -76.7506 -78.2333 -79.2097 -79.725 -79.8181 -79.5178 -78.8419 -77.7995 -76.3927 -74.619 -72.471 -69.9371 -67.0059 -63.6721 -59.9404 -55.8199 -51.3127 -46.4329 -41.2197 -35.7119 -30.0025 -24.0733 -18.2323 -11.9803 -7.0249 0 0 0 0 0 0 0 0 0 0 0 0 0 0 0 
0 0 0 0 0 0 0 0 0 0 0 0 0 0 -8.70342 -16.4521 -23.3831 -30.4222 -37.3666 -44.2613 -50.9908 -57.4763 -63.6168 -69.3225 -74.5139 -79.1307 -83.1318 -86.4923 -89.2068 -91.2933 -92.7891 -93.743 -94.2054 -94.2193 -93.8141 -93.007 -91.8058 -90.2156 -88.2422 -85.8888 -83.1531 -80.0299 -76.5148 -72.6078 -68.3127 -63.6364 -58.5947 -53.216 -47.5369 -41.6066 -35.4587 -29.1675 -22.6641 -16.1193 -8.61892 0 0 0 0 0 0 0 0 0 0 0 0 0 0 
0 0 0 0 0 0 0 0 0 0 0 0 0 -9.64285 -18.3615 -26.502 -34.2305 -41.8325 -49.3246 -56.6967 -63.8794 -70.7892 -77.3294 -83.4033 -88.9223 -93.8142 -98.0276 -101.533 -104.325 -106.427 -107.887 -108.768 -109.134 -109.039 -108.513 -107.566 -106.201 -104.422 -102.246 -99.6887 -96.7567 -93.4458 -89.7495 -85.6633 -81.1868 -76.3256 -71.0934 -65.5128 -59.6131 -53.4282 -46.9872 -40.315 -33.3895 -26.1691 -18.3564 -9.76336 0 0 0 0 0 0 0 0 0 0 0 0 0 
0 0 0 0 0 0 0 0 0 0 0 -6.77437 -12.2898 -20.2098 -28.5979 -36.9639 -45.2044 -53.3525 -61.4028 -69.3214 -77.041 -84.4718 -91.5084 -98.039 -103.958 -109.176 -113.631 -117.287 -120.132 -122.201 -123.564 -124.308 -124.524 -124.291 -123.631 -122.543 -121.012 -119.025 -116.629 -113.864 -110.739 -107.247 -103.374 -99.1089 -94.4454 -89.3857 -83.9405 -78.1286 -71.9746 -65.5058 -58.7471 -51.7156 -44.4097 -36.8112 -28.8743 -20.697 -12.7791 -7.13337 0 0 0 0 0 0 0 0 0 0 0 
0 0 0 0 0 0 0 0 0 0 -7.36401 -14.8076 -22.1751 -30.3086 -38.8564 -47.5513 -56.2708 -64.9703 -73.6125 -82.1452 -90.4913 -98.5488 -106.193 -113.287 -119.694 -125.301 -130.034 -133.853 -136.716 -138.683 -139.86 -140.375 -140.363 -139.971 -139.177 -137.962 -136.279 -134.036 -131.383 -128.399 -125.089 -121.429 -117.391 -112.953 -108.1 -102.831 -97.1544 -91.0864 -84.6507 -77.8734 -70.7796 -63.3908 -55.7227 -47.7914 -39.6328 -31.3712 -23.2859 -15.7544 -7.92912 0 0 0 0 0 0 0 0 0 0 
0 0 0 0 0 0 0 0 0 -6.6375 -14.6484 -22.9172 -31.2942 -39.9933 -48.9674 -58.1144 -67.3573 -76.6455 -85.9317 -95.1553 -104.23 -113.039 -121.429 -129.221 -136.23 -142.3 -147.352 -151.373 -154.195 -155.955 -156.817 -156.977 -156.601 -156.054 -155.142 -153.851 -152.105 -149.457 -146.467 -143.261 -139.787 -135.988 -131.809 -127.211 -122.172 -116.685 -110.759 -104.412 -97.6686 -90.5574 -83.1071 -75.3453 -67.2988 -58.999 -50.4944 -41.869 -33.2389 -24.6693 -15.9621 -7.31292 0 0 0 0 0 0 0 0 0 
0 0 0 0 0 0 0 0 0 -11.9017 -21.6747 -30.9187 -40.091 -49.403 -58.9055 -68.5816 -78.3985 -88.3226 -98.3135 -108.314 -118.236 -127.948 -137.262 -145.938 -153.704 -160.318 -165.7 -169.911 -172.575 -174.142 -174.568 -174.237 -173.313 -172.531 -171.488 -170.166 -168.495 -165.218 -161.769 -158.389 -154.811 -150.928 -146.647 -141.91 -136.69 -130.978 -124.785 -118.134 -111.054 -103.58 -95.7462 -87.5846 -79.128 -70.4115 -61.4767 -52.3715 -43.1313 -33.7218 -23.9371 -13.2896 0 0 0 0 0 0 0 0 0 
0 0 0 0 0 0 0 0 -9.10709 -19.2943 -29.2301 -38.9918 -48.7485 -58.6221 -68.67 -78.9079 -89.3327 -99.9327 -110.686 -121.551 -132.452 -143.254 -153.734 -163.564 -172.331 -179.567 -185.039 -188.916 -191.21 -192.788 -192.962 -192.345 -191.029 -189.612 -188.096 -186.395 -184.516 -180.813 -177.123 -173.732 -170.141 -166.266 -161.94 -157.093 -151.699 -145.753 -139.27 -132.284 -124.834 -116.964 -108.713 -100.119 -91.2172 -82.0424 -72.6294 -63.0089 -53.193 -43.1496 -32.7749 -21.9082 -10.4835 0 0 0 0 0 0 0 0 
0 0 0 0 0 0 0 -8.04899 -17.1341 -26.9385 -36.9594 -47.0699 -57.289 -67.6668 -78.2443 -89.0472 -100.092 -111.39 -122.946 -134.752 -146.767 -158.881 -170.857 -182.255 -192.487 -200.593 -205.832 -208.575 -209.45 -209.721 -209.417 -209.466 -208.971 -207.342 -205.015 -202.418 -199.734 -196.108 -192.784 -189.532 -185.84 -182.056 -177.752 -172.825 -167.26 -161.064 -154.259 -146.897 -139.035 -130.727 -122.022 -112.961 -103.579 -93.9114 -83.9897 -73.8416 -63.4823 -52.9088 -42.1046 -31.085 -20.0256 -9.52601 0 0 0 0 0 0 0 
0 0 0 0 0 0 -6.56697 -15.062 -24.4417 -34.3662 -44.5992 -55.0396 -65.6707 -76.512 -87.5933 -98.9448 -110.598 -122.589 -134.957 -147.744 -160.982 -174.648 -188.558 -202.239 -214.92 -224.834 -229.232 -229.83 -228.545 -227.35 -226.448 -226.251 -225.956 -224.998 -222.421 -219.318 -215.934 -212.203 -209.041 -205.905 -202.131 -198.433 -194.186 -189.194 -183.452 -176.983 -169.806 -162.011 -153.68 -144.887 -135.689 -126.124 -116.228 -106.034 -95.5766 -84.8853 -73.9858 -62.8985 -51.6498 -40.3016 -29.008 -18.0784 -7.96355 0 0 0 0 0 0 
0 0 0 0 0 0 -11.2059 -21.1905 -31.2047 -41.4854 -52.0315 -62.8184 -73.842 -85.1174 -96.6719 -108.54 -120.767 -133.41 -146.547 -160.286 -174.769 -190.17 -206.62 -224.015 -241.268 -255.604 -255.912 -251.739 -247.647 -245.025 -243.658 -243.572 -243.409 -242.797 -240.105 -236.742 -233.046 -228.966 -225.153 -221.979 -218.87 -215.527 -211.364 -206.315 -200.372 -193.609 -185.971 -177.662 -168.786 -159.454 -149.721 -139.618 -129.173 -118.421 -107.397 -96.1374 -84.677 -73.0498 -61.2944 -49.4635 -37.6263 -25.8162 -13.7758 0 0 0 0 0 0 
0 0 0 0 0 -7.21867 -17.0663 -27.2895 -37.7012 -48.339 -59.2233 -70.3608 -81.7614 -93.4439 -105.436 -117.778 -130.52 -143.737 -157.537 -172.084 -187.639 -204.642 -223.873 -246.229 -271.38 -296.195 -286.853 -274.077 -266.225 -262.156 -260.755 -260.662 -260.112 -259.666 -257.838 -254.634 -250.843 -246.622 -242.413 -239.353 -236.759 -233.568 -229.428 -224.328 -218.112 -211.109 -202.807 -193.88 -184.346 -174.423 -164.124 -153.453 -142.427 -131.08 -119.453 -107.59 -95.535 -83.3294 -71.0145 -58.6317 -46.2173 -33.7844 -21.3233 -9.10833 0 0 0 0 0 
0 0 0 0 0 -11.8084 -22.5509 -33.2 -43.9714 -54.946 -66.1618 -77.6401 -89.399 -101.46 -113.852 -126.614 -139.798 -153.481 -167.779 -182.872 -199.063 -216.884 -237.388 -262.368 -294.749 -328.658 -312.593 -292.824 -282.468 -277.827 -277.034 -276.3 -275.792 -276.599 -276.426 -273.584 -269.245 -264.946 -261.043 -258.301 -255.687 -252.559 -248.438 -243.237 -236.425 -229.112 -220.107 -210.529 -200.297 -189.767 -178.9 -167.642 -156.002 -144.019 -131.745 -119.235 -106.543 -93.7182 -80.8025 -67.8316 -54.8269 -41.7808 -28.6248 -15.11 0 0 0 0 0 
0 0 0 0 -7.30263 -17.4638 -28.1289 -38.9885 -50.0383 -61.3118 -72.8379 -84.6388 -96.7343 -109.146 -121.899 -135.028 -148.577 -162.611 -177.224 -192.564 -208.857 -226.444 -245.81 -267.467 -290.893 -313.134 -309.004 -301.208 -295.111 -292.033 -292.175 -291.344 -291.207 -292.709 -294.147 -292.476 -287.756 -283.256 -279.867 -277.787 -275.163 -272.307 -268.104 -261.901 -253.556 -245.299 -236.328 -226.791 -216.367 -205.448 -194.068 -182.213 -169.919 -157.248 -144.272 -131.062 -117.685 -104.198 -90.6458 -77.0654 -63.4777 -49.8871 -36.2852 -22.7068 -9.57993 0 0 0 0 
0 0 0 0 -11.7469 -22.6153 -33.5124 -44.5867 -55.8817 -67.425 -79.2391 -91.3428 -103.754 -116.489 -129.57 -143.021 -156.871 -171.16 -185.944 -201.304 -217.355 -234.225 -251.941 -270.182 -287.71 -301.844 -306.972 -307.775 -305.805 -304.453 -304.871 -305.336 -306.361 -308.293 -310.216 -309.146 -305.513 -301.358 -298.099 -296.481 -294.049 -291.379 -286.94 -279.325 -270.482 -261.851 -252.789 -243.149 -232.759 -221.59 -209.711 -197.223 -184.214 -170.783 -157.033 -143.057 -128.938 -114.741 -100.518 -86.3064 -72.1316 -58.0046 -43.922 -29.8519 -15.6129 0 0 0 0 
0 0 0 -7.05478 -17.0698 -27.7381 -38.7187 -49.9643 -61.4766 -73.2675 -85.3507 -97.7398 -110.448 -123.488 -136.872 -150.615 -164.726 -179.215 -194.087 -209.353 -225.034 -241.16 -257.548 -273.652 -288.302 -300.136 -307.137 -311.369 -313.647 -315.776 -317.448 -319.595 -321.625 -323.388 -325.137 -324.594 -322.545 -318.9 -315.196 -313.045 -310.599 -307.128 -302.379 -295.206 -287.333 -279.258 -270.425 -260.703 -250.055 -238.44 -225.964 -212.754 -198.931 -184.638 -170.018 -155.195 -140.268 -125.31 -110.378 -95.5109 -80.7376 -66.0778 -51.5464 -37.166 -23.0199 -9.58566 0 0 0 
0 0 0 -11.1494 -21.7396 -32.5484 -43.66 -55.0752 -66.793 -78.8177 -91.1565 -103.818 -116.81 -130.141 -143.816 -157.839 -172.204 -186.887 -201.837 -216.987 -232.27 -247.831 -263.44 -278.593 -291.917 -303.29 -310.386 -315.964 -321.13 -325.368 -328.279 -331.749 -334.956 -336.641 -338.326 -338.389 -336.297 -333.485 -330.822 -329.15 -327.36 -323.714 -318.413 -312.048 -305.011 -297.56 -289.061 -279.311 -268.319 -256.151 -242.952 -228.896 -214.119 -198.821 -183.207 -167.438 -151.628 -135.855 -120.173 -104.622 -89.2303 -74.0225 -59.0199 -44.2457 -29.7151 -15.3227 0 0 0 
0 0 -6.31496 -15.8033 -26.1907 -37.056 -48.2977 -59.8834 -71.8025 -84.0537 -96.6397 -109.565 -122.834 -136.45 -150.413 -164.722 -179.363 -194.293 -209.387 -224.486 -239.304 -254.458 -269.746 -284.525 -296.745 -307.589 -314.868 -321.608 -328.647 -333.688 -337.9 -342.191 -346.126 -348.601 -350.379 -351.308 -349.583 -347.39 -345.312 -343.775 -342.571 -340.281 -335.783 -330.503 -324.209 -317.155 -308.95 -299.16 -287.76 -274.891 -260.798 -245.758 -229.827 -213.319 -196.55 -179.722 -162.951 -146.308 -129.837 -113.572 -97.5394 -81.762 -66.265 -51.0817 -36.272 -21.9902 -8.83686 0 0 
0 0 -9.45664 -19.5584 -30.1636 -41.1873 -52.5914 -64.3583 -76.4801 -88.9549 -101.784 -114.969 -128.511 -142.41 -156.664 -171.271 -186.235 -201.533 -217.091 -232.316 -246.47 -261.013 -275.555 -289.504 -301.586 -312.457 -320.111 -327.568 -335.453 -341.462 -347.025 -352.11 -356.248 -358.679 -360.443 -362.306 -362.54 -361.234 -359.667 -358.509 -357.619 -356.377 -353.631 -350.379 -345.321 -338.587 -330.515 -320.621 -308.668 -294.856 -279.592 -263.511 -246.114 -228.076 -209.952 -191.949 -174.148 -156.588 -139.295 -122.291 -105.593 -89.2213 -73.1964 -57.5441 -42.3009 -27.5293 -13.3572 0 0 
0 0 -11.9531 -22.8099 -33.7183 -44.938 -56.5224 -68.4782 -80.8048 -93.5021 -106.572 -120.015 -133.831 -148.017 -162.562 -177.465 -192.772 -208.671 -225.159 -240.469 -253.943 -267.768 -281.842 -295.441 -307.477 -317.982 -325.755 -333.52 -341.634 -348.815 -355.358 -361.183 -366.018 -368.432 -370.528 -372.843 -374.209 -374.174 -374.217 -373.658 -372.916 -372.393 -371.465 -370.052 -366.376 -361.031 -353.901 -344.139 -331.437 -316.273 -299.283 -282.19 -262.95 -242.92 -223.234 -203.973 -185.103 -166.602 -148.466 -130.702 -113.321 -96.3338 -79.7554 -63.5973 -47.8582 -32.469 -17.0626 0 0 
0 -6.01166 -15.5458 -26.01 -36.9613 -48.3243 -60.0818 -72.2273 -84.7587 -97.6771 -110.986 -124.688 -138.783 -153.263 -168.101 -183.255 -198.714 -214.696 -231.081 -246.107 -260.338 -274.284 -288.376 -301.872 -313.138 -323.055 -331.705 -340.087 -348.644 -356.841 -364.281 -370.678 -375.843 -378.938 -381.264 -383.734 -385.626 -386.76 -388.531 -388.942 -388.742 -389.112 -389.085 -388.717 -387.5 -385.104 -380.002 -370.608 -356.514 -339.055 -319.36 -300.392 -279.285 -257.329 -236.091 -215.607 -195.688 -176.25 -157.265 -138.731 -120.653 -103.038 -85.8939 -69.2315 -53.0658 -37.4256 -22.4244 -8.70494 0 
0 -8.50081 -18.2085 -28.7229 -39.7929 -51.316 -63.2531 -75.5906 -88.3257 -101.462 -115.006 -128.967 -143.351 -158.151 -173.324 -188.739 -204.243 -220.339 -236.76 -252.144 -267.048 -280.488 -293.983 -307.303 -318.754 -328.717 -338.404 -347.364 -356.512 -365.632 -373.693 -380.17 -385.544 -390.055 -392.45 -394.587 -396.933 -398.521 -400.767 -402.578 -403.841 -405.443 -406.84 -408.528 -410.614 -412.185 -410.869 -401.758 -383.882 -362.104 -338.72 -316.155 -293.285 -270.483 -248.196 -226.674 -205.793 -185.444 -165.613 -146.305 -127.523 -109.271 -91.5506 -74.3691 -57.7479 -41.7433 -26.5043 -12.3954 0 
0 -9.78306 -20.0645 -30.8802 -42.1715 -53.8936 -66.0241 -78.5561 -91.4916 -104.839 -118.61 -132.824 -147.502 -162.666 -178.306 -194.17 -209.276 -225.005 -241.597 -258.09 -273.14 -286.356 -299.928 -313.718 -326.493 -336.696 -346.625 -355.776 -365.555 -375.269 -383.062 -389.166 -394.731 -399.789 -402.795 -405.48 -408.548 -410.291 -412.44 -414.749 -417.092 -419.805 -423.34 -427.747 -433.723 -441.844 -449.912 -441.793 -414.672 -386 -358.29 -332.358 -307.466 -283.242 -259.672 -237.147 -215.366 -194.12 -173.438 -153.351 -133.864 -114.972 -96.6683 -78.9466 -61.8132 -45.2954 -29.4542 -14.3723 0 
0 -10.567 -21.3862 -32.5618 -44.1194 -56.0626 -68.3937 -81.1182 -94.2459 -107.791 -121.772 -136.216 -151.166 -166.707 -182.99 -199.486 -214.112 -229.395 -245.802 -262.269 -277.381 -292.071 -307.229 -321.815 -335.874 -345.957 -355.51 -364.73 -375.075 -385.291 -392.605 -398.58 -404.691 -410.052 -413.426 -416.514 -419.599 -421.596 -424.019 -426.701 -430.036 -433.552 -438.365 -444.431 -453.526 -469.657 -490.231 -483.203 -443.215 -406.439 -375.786 -348.052 -321.652 -295.837 -270.94 -247.28 -224.451 -202.232 -180.669 -159.797 -139.609 -120.087 -101.204 -82.9356 -65.2629 -48.171 -31.645 -15.6395 0 
0 -11.0984 -22.3519 -33.8611 -45.6814 -57.844 -70.3698 -83.2769 -96.5828 -110.307 -124.471 -139.103 -154.239 -169.931 -186.231 -202.812 -218.234 -233.719 -250.049 -266.812 -282.436 -297.865 -313.698 -327.859 -341.84 -352.434 -362.253 -372.002 -382.39 -392.807 -400.323 -407.173 -414.243 -420.45 -424.116 -427.371 -430.445 -433.114 -435.862 -439.086 -443.114 -446.663 -451.576 -457.623 -465.837 -476.867 -486.401 -477.717 -448.316 -418.499 -390.205 -362.69 -335.721 -308.611 -282.335 -257.189 -233.009 -209.687 -187.21 -165.557 -144.69 -124.561 -105.124 -86.3295 -68.1317 -50.4808 -33.3151 -16.5406 0 
0 -11.4749 -23.0617 -34.8494 -46.9013 -59.262 -71.9649 -85.0367 -98.5016 -112.383 -126.703 -141.487 -156.756 -172.529 -188.798 -205.481 -221.943 -237.668 -254.088 -271.215 -287.232 -302.186 -317.445 -331.671 -345.472 -357.335 -368.572 -379.555 -389.827 -399.942 -407.793 -415.496 -423.738 -431.222 -435.564 -439.006 -442.175 -445.085 -447.961 -451.652 -456.159 -460.061 -464.55 -468.987 -473.957 -478.535 -479.095 -470.417 -451.819 -429.287 -404.423 -377.394 -349.599 -320.756 -292.835 -266.213 -240.709 -216.296 -192.928 -170.533 -149.031 -128.345 -108.401 -89.127 -70.4536 -52.3053 -34.594 -17.2079 0 
0 -11.7396 -23.5707 -35.5734 -47.8123 -60.3381 -73.1908 -86.4033 -100.004 -114.019 -128.472 -143.383 -158.77 -174.631 -190.932 -207.54 -224.198 -240.394 -257.042 -274.087 -290.842 -306.259 -321.418 -335.755 -349.332 -362.449 -375.525 -387.495 -396.955 -406.188 -414.636 -423.249 -432.639 -441.347 -447.433 -451.327 -454.738 -457.787 -460.829 -464.068 -467.855 -471.841 -476.027 -479.581 -482.513 -483.066 -480.199 -472.431 -459.598 -442.84 -421.007 -392.434 -362.181 -331.45 -302.037 -274.119 -247.316 -221.862 -197.673 -174.614 -152.556 -131.387 -111.007 -91.3243 -72.2505 -53.6927 -35.5479 -17.6968 0 
0 -11.9128 -23.908 -36.0611 -48.4365 -61.0873 -74.057 -87.3818 -101.093 -115.217 -129.781 -144.806 -160.308 -176.294 -192.759 -209.703 -227.066 -243.814 -260.029 -276.759 -294.372 -310.872 -326.2 -340.678 -354.272 -368.563 -383.241 -395.002 -403.331 -412.419 -421.382 -430.426 -440.625 -451.107 -460.002 -464.368 -467.978 -471.411 -474.309 -476.365 -479.06 -483.107 -487.812 -491.603 -493.142 -491.085 -486.548 -480.107 -472.162 -461.816 -444.636 -410.107 -374.491 -340.748 -309.711 -280.668 -252.575 -226.162 -201.288 -177.695 -155.193 -133.64 -112.915 -92.9129 -73.5314 -54.667 -36.2082 -18.0314 0 
0 -12.0034 -24.0875 -36.3265 -48.7852 -61.5175 -74.5681 -87.9741 -101.767 -115.977 -130.63 -145.751 -161.362 -177.478 -194.106 -211.462 -229.686 -247.18 -262.782 -278.869 -296.695 -314.325 -329.931 -344.842 -358.941 -373.618 -388.297 -399.259 -407.285 -416.489 -426.26 -436.545 -447.805 -458.942 -469.215 -476.014 -481.371 -485.045 -487.033 -488.011 -489.794 -493.318 -498.456 -503.155 -503.628 -500.132 -495.23 -490.372 -487.536 -486.057 -476.543 -430.165 -385.573 -347.767 -314.916 -284.824 -255.915 -228.921 -203.624 -179.683 -156.882 -135.064 -114.101 -93.8807 -74.2952 -55.2358 -36.5865 -18.2206 0 
0 -12.0137 -24.1121 -36.3723 -48.8602 -61.6295 -74.7238 -88.179 -102.026 -116.293 -131.009 -146.205 -161.912 -178.151 -194.958 -212.537 -230.719 -248.579 -264.389 -280.453 -297.536 -314.142 -329.619 -345.806 -362.374 -378.674 -393.116 -402.291 -410.769 -420.467 -430.713 -441.813 -454.121 -466.102 -477.984 -488.648 -497.049 -500.843 -500.726 -499.667 -499.944 -501.889 -505.334 -509.494 -511.301 -509.583 -505.003 -498.877 -496.089 -497.286 -489.366 -438.628 -389.971 -350.224 -316.272 -285.608 -256.895 -229.984 -204.604 -180.531 -157.588 -135.633 -114.545 -94.2136 -74.5329 -55.3944 -36.6814 -18.2644 0 
0 -11.9392 -23.9747 -36.1905 -48.6538 -61.4165 -74.5186 -87.9921 -101.864 -116.161 -130.91 -146.148 -161.931 -178.335 -195.512 -213.62 -232.01 -249.417 -265.387 -281.322 -297.418 -312.874 -328.514 -345.411 -363.368 -381.284 -396.745 -405.794 -415.049 -424.677 -434.782 -446.011 -459.07 -473.262 -488.418 -504.04 -518.121 -521.23 -516.042 -511.71 -509.831 -509.748 -511.841 -516.007 -520.081 -522.05 -517.218 -504.791 -494.154 -483.838 -464.886 -425.142 -384.658 -347.733 -314.5 -284.15 -256.072 -229.516 -204.278 -180.248 -157.305 -135.335 -114.232 -93.8957 -74.2283 -55.1276 -36.4804 -18.1555 0 
0 -11.7684 -23.657 -35.7612 -48.1482 -60.8642 -73.9419 -87.4064 -101.278 -115.576 -130.321 -145.547 -161.328 -177.857 -195.589 -214.461 -233.253 -249.232 -264.437 -279.872 -295.535 -311.406 -328.112 -344.932 -362.379 -379.913 -395.701 -407.298 -418.732 -428.706 -439.016 -450.861 -464.512 -480.412 -498.771 -520.921 -545.057 -546.123 -530.764 -520.872 -515.668 -513.68 -515.769 -520.681 -528.34 -538.827 -534.562 -509.585 -487.624 -467.882 -442.601 -410.745 -375.997 -342.271 -310.664 -281.313 -253.882 -227.729 -202.744 -178.878 -156.05 -134.171 -113.152 -92.909 -73.357 -54.4072 -35.957 -17.8772 0 
0 -11.4774 -23.1237 -35.049 -47.3135 -59.95 -72.9786 -86.4136 -100.266 -114.544 -129.251 -144.392 -159.977 -176.226 -194.046 -213.165 -232.08 -247.716 -262.655 -278.101 -294.312 -311.186 -328.472 -344.452 -360.933 -377.379 -392.782 -406.698 -420.174 -431.477 -442.595 -455.405 -469.584 -485.379 -503.785 -528.405 -557.224 -557.239 -536.565 -523.677 -516.745 -513.103 -514.257 -519.152 -530.647 -548.149 -544.042 -508.812 -478.263 -453.797 -426.9 -397.973 -367.009 -335.873 -305.888 -277.512 -250.57 -224.774 -200.09 -176.471 -153.847 -132.146 -111.297 -91.231 -71.8834 -53.1873 -35.0634 -17.3962 0 
0 -11.0174 -22.3113 -33.9976 -46.1069 -58.6438 -71.6089 -85.0034 -98.8286 -113.081 -127.748 -142.791 -158.137 -173.988 -191.387 -209.606 -227.801 -244.564 -260.649 -276.892 -293.756 -311.278 -328.73 -344.231 -360.2 -376.005 -390.834 -404.858 -418.59 -431.377 -444.216 -458.683 -473.388 -487.968 -503.035 -519.533 -535.328 -535.87 -525.311 -517.173 -511.433 -507.427 -506.892 -509.754 -515.622 -520.979 -513.173 -487.902 -462.581 -438.583 -412.678 -385.855 -357.807 -328.768 -300.527 -272.736 -246.137 -220.706 -196.373 -173.067 -150.72 -129.27 -108.658 -88.8347 -69.7582 -51.3953 -33.7129 -16.6441 0 
0 -10.2808 -21.1067 -32.5232 -44.4727 -56.9093 -69.8096 -83.1628 -96.9636 -111.205 -125.869 -140.911 -156.271 -172.201 -189.567 -207.337 -225.232 -242.705 -259.62 -276.41 -293.249 -310.867 -328.261 -343.328 -358.562 -373.943 -389.028 -403.194 -417.38 -431.598 -446.146 -462.2 -477.344 -490.229 -501.083 -510.94 -517.157 -517.363 -512.726 -507.562 -503.017 -498.991 -496.771 -496.724 -497.165 -494.908 -485.331 -466.808 -445.393 -423.223 -399.504 -374.426 -348.1 -320.707 -294.143 -266.816 -240.534 -215.541 -191.63 -168.704 -146.697 -125.555 -105.231 -85.6916 -66.9194 -48.9229 -31.7489 -15.4675 0 
0 -8.99935 -19.3111 -30.516 -42.3513 -54.7114 -67.5573 -80.8745 -94.6582 -108.905 -123.613 -138.776 -154.407 -170.768 -188.023 -205.344 -223.435 -241.582 -258.979 -276.421 -293.381 -311.38 -328.428 -342.16 -356.225 -370.667 -385.994 -401.199 -416.812 -432.814 -449.414 -467.347 -483.783 -494.656 -499.956 -503.762 -504.722 -504.246 -501.449 -497.628 -493.991 -489.801 -486.524 -484.053 -480.733 -475.569 -465.76 -448.863 -429.014 -408.224 -386.717 -362.965 -337.49 -310.912 -285.065 -258.962 -233.644 -209.292 -185.901 -163.422 -141.81 -121.021 -101.019 -81.7815 -63.3051 -45.628 -28.8921 -13.4769 0 
0 -6.40549 -16.6226 -27.8782 -39.705 -52.0276 -64.8334 -78.12 -91.8891 -106.146 -120.9 -136.172 -152.096 -168.99 -186.151 -203.25 -221.92 -241.062 -258.703 -276.6 -292.792 -309.494 -325.37 -338.842 -353.262 -367.323 -382.405 -398.649 -415.994 -433.94 -452.977 -474.377 -495.379 -502.514 -500.534 -498.541 -495.318 -493.621 -491.315 -488.203 -485.47 -480.814 -476.838 -473.186 -467.554 -460.209 -449.722 -433.969 -415.683 -394.668 -373.537 -350.863 -326.793 -301.254 -275.636 -250.345 -225.785 -202.085 -179.258 -157.275 -136.1 -115.699 -96.0424 -77.1104 -58.8913 -41.392 -24.7148 -9.54793 0 
0 0 -12.8954 -24.6696 -36.5626 -48.8609 -61.6289 -74.8828 -88.6322 -102.889 -117.67 -132.988 -148.917 -165.761 -183.04 -200.668 -219.685 -239.163 -256.876 -274.645 -290.42 -305.471 -320.436 -334.329 -348.762 -362.795 -378.061 -395.19 -413.958 -433.489 -454.888 -482.253 -512.665 -513.655 -500.172 -491.072 -485.149 -482.175 -479.806 -477.5 -475.688 -471.512 -468.147 -464.459 -457.16 -447.536 -435.498 -420.308 -402.939 -381.411 -360.201 -337.792 -314.323 -290.684 -265.869 -241.034 -217.068 -194.004 -171.77 -150.32 -129.617 -109.632 -90.3416 -71.7267 -53.7576 -36.3338 -19.0272 0 0 
0 0 -10.2895 -21.3419 -33.0151 -45.2244 -57.9383 -71.1501 -84.8674 -99.1091 -113.904 -129.288 -145.317 -162.118 -179.562 -197.86 -217.021 -235.895 -253.59 -270.728 -286.299 -300.074 -314.684 -329.517 -344.303 -358.845 -374.553 -391.122 -409.307 -429.092 -450.754 -479.356 -510.94 -509.015 -491.644 -480.164 -473.982 -470.869 -468.185 -465.26 -463.098 -460.56 -458.905 -456.562 -449.541 -437.988 -423.361 -406.854 -388.814 -366.987 -345.674 -324.093 -301.214 -278.783 -254.582 -230.609 -207.448 -185.095 -163.499 -142.617 -122.415 -102.87 -83.9655 -65.697 -48.0788 -31.1584 -15.0602 0 0 
0 0 -6.92079 -17.3936 -28.9313 -41.0833 -53.75 -66.9118 -80.5782 -94.7761 -109.546 -124.945 -141.037 -157.879 -175.598 -194.942 -213.951 -230.934 -248.306 -265.602 -280.729 -293.995 -308.513 -323.299 -338.463 -354.557 -371.565 -387.139 -403.976 -422.351 -440.106 -460.296 -478.474 -479.338 -471.689 -465.304 -460.801 -458.11 -455.591 -452.9 -450.594 -449.611 -449.972 -450.43 -445.625 -431.835 -413.227 -394.047 -374.418 -352.091 -330.967 -310.346 -288.205 -266.502 -242.671 -219.37 -197.021 -175.428 -154.513 -134.233 -114.558 -95.4685 -76.953 -59.0171 -41.7021 -25.1608 -10.0553 0 0 
0 0 0 -12.3802 -24.2335 -36.4274 -49.0666 -62.169 -75.7577 -89.8704 -104.562 -119.906 -136.008 -153.004 -171.323 -191.513 -209.68 -224.787 -240.584 -257.31 -272.735 -287.409 -302.389 -316.74 -331.984 -349.115 -366.923 -381.59 -396.447 -412.387 -426.245 -440.119 -449.994 -452.858 -451.659 -449.384 -446.312 -443.942 -441.407 -439.165 -436.82 -436.713 -440.03 -446.489 -449.669 -431.098 -404.359 -380.753 -359.061 -336.401 -315.397 -294.543 -272.875 -251.548 -229.132 -207.179 -185.839 -165.083 -144.892 -125.243 -106.116 -87.4926 -69.3608 -51.7163 -34.5518 -17.7274 0 0 0 
0 0 0 -7.89377 -19.1949 -31.3264 -43.9199 -56.9399 -70.413 -84.3863 -98.9234 -114.111 -130.084 -147.081 -165.488 -185.049 -202.104 -216.742 -231.939 -248.449 -264.079 -279.885 -295.338 -309.558 -324.394 -341.142 -358.373 -373.448 -387.38 -400.992 -412.167 -421.927 -428.534 -431.452 -432.45 -432.082 -430.983 -429.675 -426.003 -422.669 -420.183 -420.874 -426.703 -441.021 -456.531 -432.381 -394.132 -365.013 -341.802 -320.451 -300.611 -279.345 -257.483 -236.194 -215.129 -194.407 -174.071 -154.174 -134.729 -115.732 -97.1698 -79.0253 -61.2814 -43.9354 -27.0612 -11.1972 0 0 0 
0 0 0 0 -13.3259 -25.7635 -38.3466 -51.2578 -64.5681 -78.3384 -92.6342 -107.533 -123.134 -139.579 -156.969 -174.739 -191.061 -206.509 -222.518 -239.388 -254.895 -270.85 -286.496 -301.674 -316.631 -333.02 -349.12 -364.093 -378.359 -391.195 -399.77 -406.56 -411.276 -413.296 -414.621 -415.101 -415.481 -414.095 -409.284 -404.954 -401.548 -401.256 -404.603 -411.107 -417.316 -397.712 -368.6 -343.922 -322.497 -302.817 -283.329 -262.3 -241.315 -220.946 -200.96 -181.259 -161.865 -142.812 -124.118 -105.786 -87.8062 -70.1573 -52.804 -35.6829 -18.5605 0 0 0 0 
0 0 0 0 -8.34519 -20.055 -32.4452 -45.1767 -58.263 -71.765 -85.7424 -100.251 -115.341 -131.044 -147.303 -163.749 -179.72 -195.453 -211.42 -227.961 -244.293 -261.294 -277.594 -293.92 -308.965 -325.013 -340.517 -355.551 -370.401 -382.852 -389.02 -393.349 -396.571 -397.212 -397.553 -398.613 -399.122 -395.897 -390.779 -386.78 -382.531 -380.105 -379.034 -377.298 -372.922 -358.68 -339.571 -320.499 -301.163 -282.105 -262.962 -243.642 -224.478 -205.421 -186.517 -167.803 -149.318 -131.091 -113.145 -95.4872 -78.1119 -60.9936 -44.0945 -27.4315 -11.498 0 0 0 0 
0 0 0 0 0 -13.6659 -26.2026 -38.7408 -51.5423 -64.716 -78.3197 -92.3873 -106.935 -121.952 -137.362 -152.985 -168.618 -184.362 -200.313 -216.071 -232.224 -250.03 -267.962 -285.195 -300.081 -315.925 -331.385 -346.818 -361.395 -372.639 -378.589 -380.925 -381.642 -380.844 -380.17 -380.848 -380.103 -376.916 -371.862 -367.268 -362.33 -357.94 -352.977 -346.434 -337.936 -326.322 -312.338 -297.466 -280.038 -261.631 -243.258 -225.388 -207.616 -189.743 -171.882 -154.121 -136.511 -119.09 -101.883 -84.9064 -68.1607 -51.6109 -35.1489 -18.4507 0 0 0 0 0 
0 0 0 0 0 -8.40616 -19.9587 -32.0414 -44.4495 -57.2371 -70.4332 -84.0432 -98.0613 -112.467 -127.21 -142.21 -157.403 -172.832 -188.467 -203.834 -219.979 -238.466 -257.679 -275.142 -290.203 -306.369 -321.929 -338.087 -353.925 -365.853 -371.994 -371.333 -368.895 -366.26 -364.359 -363.759 -361.44 -358.832 -353.365 -347.857 -342.043 -335.366 -327.786 -318.962 -309.558 -299.546 -287.504 -274.432 -258.715 -241.713 -224.626 -207.777 -190.947 -174.053 -157.147 -140.286 -123.517 -106.874 -90.3901 -74.0951 -58.0135 -42.1402 -26.4394 -11.2225 0 0 0 0 0 
0 0 0 0 0 0 -13.1844 -25.0167 -36.977 -49.3496 -62.133 -75.2908 -88.7999 -102.644 -116.801 -131.241 -145.953 -160.962 -176.305 -191.893 -208.373 -226.399 -245.253 -262.785 -278.395 -294.527 -310.518 -327.93 -346.661 -362.993 -369.67 -363.736 -356.963 -351.349 -347.001 -344.242 -341.428 -338.78 -332.305 -326.125 -320.341 -312.504 -303.995 -295.033 -286.15 -276.41 -264.268 -251.331 -237.039 -221.734 -206.046 -190.237 -174.343 -158.374 -142.366 -126.361 -110.395 -94.5 -78.7083 -63.0705 -47.658 -32.4971 -17.246 0 0 0 0 0 0 
0 0 0 0 0 0 -7.76212 -17.8641 -29.0924 -41.0512 -53.4585 -66.187 -79.2035 -92.5089 -106.107 -120.001 -134.205 -148.761 -163.764 -179.45 -196.115 -213.325 -231.46 -248.825 -264.591 -280.279 -296.937 -316.322 -340.131 -366.101 -373.579 -357.507 -344.516 -335.288 -328.421 -323.468 -319.517 -315.926 -309.433 -302.868 -296.513 -288.873 -280.756 -272.592 -264.875 -255.029 -242.639 -229.742 -216.27 -202.139 -187.585 -172.783 -157.816 -142.734 -127.582 -112.396 -97.2037 -82.0222 -66.8726 -51.8208 -37.0507 -22.9441 -10.0475 0 0 0 0 0 0 
0 0 0 0 0 0 0 -9.58528 -20.477 -32.3045 -44.4626 -56.7953 -69.3182 -82.0806 -95.1185 -108.452 -122.104 -136.111 -150.542 -165.503 -181.074 -196.926 -213.697 -230.272 -246.659 -263.304 -280.672 -301.324 -329.491 -362.595 -369.238 -345.303 -328.006 -316.557 -307.999 -301.735 -296.626 -291.849 -285.846 -279.539 -272.939 -265.664 -257.903 -250.231 -242.747 -232.894 -221.11 -208.861 -196.161 -182.967 -169.375 -155.492 -141.402 -127.165 -112.831 -98.4373 -84.0014 -69.5125 -54.9391 -40.2893 -25.7801 -12.181 0 0 0 0 0 0 0 
0 0 0 0 0 0 0 0 -10.926 -23.227 -35.2922 -47.2135 -59.1932 -71.377 -83.8335 -96.5861 -109.647 -123.037 -136.791 -150.946 -165.506 -180.375 -195.805 -211.457 -227.817 -244.692 -261.148 -279.092 -299.547 -319.132 -323.755 -311.629 -300.915 -292.136 -284.878 -278.847 -273.484 -268.247 -262.564 -256.501 -250.041 -243.077 -235.646 -227.976 -219.968 -210.487 -199.785 -188.429 -176.545 -164.193 -151.454 -138.41 -125.135 -111.693 -98.1401 -84.521 -70.8522 -57.0874 -43.0821 -28.6171 -13.5993 0 0 0 0 0 0 0 0 
0 0 0 0 0 0 0 0 0 -14.3855 -26.2657 -37.5731 -48.8642 -60.4008 -72.2523 -84.4113 -96.8613 -109.6 -122.638 -135.983 -149.628 -163.543 -177.745 -192.168 -207.138 -222.704 -238.028 -253.334 -267.459 -278.18 -281.951 -277.679 -271.897 -266.138 -260.557 -255.292 -250.217 -245.089 -239.661 -233.862 -227.647 -220.969 -213.824 -206.239 -198.089 -189.037 -179.116 -168.527 -157.395 -145.807 -133.837 -121.558 -109.035 -96.3324 -83.5153 -70.6542 -57.7991 -44.9026 -31.6849 -17.4977 0 0 0 0 0 0 0 0 0 
0 0 0 0 0 0 0 0 0 -8.04935 -17.8118 -27.9491 -38.2897 -49.1096 -60.3638 -71.9453 -83.7865 -95.8652 -108.178 -120.721 -133.479 -146.423 -159.521 -172.716 -186.011 -199.307 -212.426 -225.167 -235.489 -243.196 -247.338 -246.466 -243.738 -240.082 -235.922 -231.544 -227.003 -222.232 -217.13 -211.638 -205.715 -199.328 -192.456 -185.075 -177.113 -168.458 -159.114 -149.166 -138.703 -127.802 -116.531 -104.95 -93.1162 -81.0859 -68.9342 -56.7815 -44.7876 -33.0389 -21.2572 -9.68872 0 0 0 0 0 0 0 0 0 
0 0 0 0 0 0 0 0 0 0 -8.98334 -18.1215 -27.2361 -37.384 -48.1481 -59.2195 -70.4742 -81.8958 -93.4871 -105.244 -117.145 -129.149 -141.2 -153.218 -165.102 -176.657 -187.733 -198.196 -206.659 -212.999 -216.939 -217.772 -216.77 -214.53 -211.503 -207.961 -204.021 -199.704 -194.989 -189.846 -184.248 -178.171 -171.594 -164.493 -156.83 -148.568 -139.715 -130.321 -120.45 -110.167 -99.5328 -88.5955 -77.3933 -65.9606 -54.3544 -42.7499 -31.5308 -21.2081 -10.6163 0 0 0 0 0 0 0 0 0 0 
0 0 0 0 0 0 0 0 0 0 0 -8.31762 -15.149 -25.0422 -35.6252 -46.3103 -56.9951 -67.7568 -78.6306 -89.6237 -100.707 -111.828 -122.91 -133.857 -144.54 -154.787 -164.398 -173.147 -180.411 -185.93 -189.545 -191.103 -191.041 -189.765 -187.601 -184.774 -181.414 -177.576 -173.276 -168.509 -163.26 -157.515 -151.258 -144.474 -137.147 -129.269 -120.857 -111.952 -102.608 -92.8852 -82.8376 -72.5058 -61.901 -51.0087 -39.7727 -28.333 -17.3776 -9.64641 0 0 0 0 0 0 0 0 0 0 0 
0 0 0 0 0 0 0 0 0 0 0 0 0 -12.0106 -23.0003 -33.4014 -43.4392 -53.5055 -63.6546 -73.913 -84.2325 -94.545 -104.757 -114.758 -124.415 -133.571 -142.04 -149.599 -155.938 -160.851 -164.228 -166.055 -166.527 -165.887 -164.361 -162.122 -159.283 -155.91 -152.031 -147.652 -142.768 -137.37 -131.448 -124.997 -118.013 -110.504 -102.493 -94.0209 -85.1448 -75.9279 -66.4265 -56.6891 -46.6963 -36.4004 -25.3948 -13.432 0 0 0 0 0 0 0 0 0 0 0 0 0 
0 0 0 0 0 0 0 0 0 0 0 0 0 0 -10.964 -20.8556 -29.8549 -39.1715 -48.5695 -58.1412 -67.7647 -77.3623 -86.8156 -96.0035 -104.792 -113.041 -120.593 -127.272 -132.889 -137.308 -140.461 -142.363 -143.124 -142.897 -141.835 -140.068 -137.687 -134.751 -131.286 -127.301 -122.791 -117.748 -112.168 -106.051 -99.4056 -92.2422 -84.5887 -76.4945 -68.0226 -59.2551 -50.2513 -41.1278 -31.7946 -22.5019 -11.9742 0 0 0 0 0 0 0 0 0 0 0 0 0 0 
0 0 0 0 0 0 0 0 0 0 0 0 0 0 0 -9.20223 -15.9533 -24.756 -33.3106 -42.3178 -51.3227 -60.3241 -69.1391 -77.6477 -85.7101 -93.2064 -100.019 -106.007 -111.04 -115.029 -117.945 -119.812 -120.709 -120.74 -120.015 -118.627 -116.648 -114.119 -111.061 -107.474 -103.346 -98.6646 -93.4244 -87.6357 -81.3154 -74.47 -67.1255 -59.3459 -51.1959 -42.8185 -34.196 -25.7761 -16.8523 -9.83857 0 0 0 0 0 0 0 0 0 0 0 0 0 0 0 
0 0 0 0 0 0 0 0 0 0 0 0 0 0 0 0 0 -10.5887 -17.599 -26.4966 -34.8841 -43.4721 -51.7692 -59.738 -67.194 -74.0561 -80.2687 -85.6978 -90.2333 -93.8254 -96.4773 -98.2318 -99.1585 -99.3398 -98.8569 -97.7792 -96.1566 -94.0171 -91.366 -88.1883 -84.4559 -80.1394 -75.229 -69.7516 -63.7503 -57.197 -50.0975 -42.5675 -34.5965 -26.6272 -17.9379 -10.9285 0 0 0 0 0 0 0 0 0 0 0 0 0 0 0 0 0 
0 0 0 0 0 0 0 0 0 0 0 0 0 0 0 0 0 0 0 -11.1854 -18.2452 -26.9112 -34.7275 -42.341 -49.2718 -55.5552 -61.3019 -66.282 -70.3703 -73.5614 -75.9072 -77.4793 -78.3538 -78.6037 -78.2939 -77.4757 -76.1825 -74.4267 -72.197 -69.4572 -66.1493 -62.208 -57.6006 -52.3916 -46.737 -40.4703 -33.4998 -26.2302 -17.9956 -11.1557 0 0 0 0 0 0 0 0 0 0 0 0 0 0 0 0 0 0 0 
0 0 0 0 0 0 0 0 0 0 0 0 0 0 0 0 0 0 0 0 0 -11.1999 -17.8886 -25.6268 -31.9968 -37.5912 -43.1018 -47.758 -51.4045 -54.1428 -56.1108 -57.4245 -58.1735 -58.4274 -58.2394 -57.6472 -56.671 -55.3102 -53.5382 -51.2942 -48.476 -44.9429 -40.5736 -35.4773 -30.3358 -24.4474 -17.2013 -10.8579 0 0 0 0 0 0 0 0 0 0 0 0 0 0 0 0 0 0 0 0 0 
0 0 0 0 0 0 0 0 0 0 0 0 0 0 0 0 0 0 0 0 0 0 0 -10.281 -15.4972 -19.7111 -25.7561 -30.2437 -33.3469 -35.4943 -36.9688 -37.9344 -38.4884 -38.6929 -38.5892 -38.2027 -37.544 -36.605 -35.3512 -33.7055 -31.5175 -28.514 -24.2736 -18.6081 -14.6815 -9.78224 0 0 0 0 0 0 0 0 0 0 0 0 0 0 0 0 0 0 0 0 0 0 0 
0 0 0 0 0 0 0 0 0 0 0 0 0 0 0 0 0 0 0 0 0 0 0 0 0 0 -9.96753 -14.114 -16.2449 -17.5188 -18.3358 -18.8557 -19.1527 -19.2668 -19.2216 -19.0304 -18.6972 -18.2146 -17.5562 -16.6591 -15.3746 -13.3219 -9.39888 0 0 0 0 0 0 0 0 0 0 0 0 0 0 0 0 0 0 0 0 0 0 0 0 0 0 
0 0 0 0 0 0 0 0 0 0 0 0 0 0 0 0 0 0 0 0 0 0 0 0 0 0 0 0 0 0 0 0 0 0 0 0 0 0 0 0 0 0 0 0 0 0 0 0 0 0 0 0 0 0 0 0 0 0 0 0 0 0 0 0 0 0 0 0 0 
