0 0 0 0 0 0 0 0 0 0 0 0 0 0 0 0 0 0 0 0 0 0 0 0 0 0 0 0 0 0 0 0 0 0 0 0 0 0 0 0 0 0 0 0 0 0 0 0 0 0 0 0 0 0 0 0 0 0 0 0 0 0 0 0 0 0 0 0 0 
0 0 0 0 0 0 0 0 0 0 0 0 0 0 0 0 0 0 0 0 0 0 0 0 0 0 -5.71394 -8.08651 -9.31187 -10.0602 -10.5632 -10.9122 -11.1472 -11.2869 -11.3399 -11.3085 -11.1896 -10.9743 -10.6428 -10.1538 -9.41414 -8.18774 -5.79303 0 0 0 0 0 0 0 0 0 0 0 0 0 0 0 0 0 0 0 0 0 0 0 0 0 0 
0 0 0 0 0 0 0 0 0 0 0 0 0 0 0 0 0 0 0 0 0 0 0 -5.96382 -8.94942 -11.3358 -14.7693 -17.3202 -19.1008 -20.3656 -21.2806 -21.9385 -22.3895 -22.6605 -22.7643 -22.7043 -22.4758 -22.0648 -21.443 -20.5582 -19.315 -17.5438 -14.9844 -11.521 -9.11044 -6.07937 0 0 0 0 0 0 0 0 0 0 0 0 0 0 0 0 0 0 0 0 0 0 0 
0 0 0 0 0 0 0 0 0 0 0 0 0 0 0 0 0 0 0 0 0 -6.61168 -10.4824 -14.9059 -18.498 -21.6247 -24.707 -27.3244 -29.4055 -31.0209 -32.255 -33.1715 -33.812 -34.2014 -34.3525 -34.2686 -33.9446 -33.366 -32.5061 -31.3209 -29.744 -27.6881 -25.0797 -21.9891 -18.8414 -15.207 -10.7118 -6.76603 0 0 0 0 0 0 0 0 0 0 0 0 0 0 0 0 0 0 0 0 0 
0 0 0 0 0 0 0 0 0 0 0 0 0 0 0 0 0 0 0 -6.76978 -10.9366 -15.9643 -20.412 -24.6793 -28.512 -31.9579 -35.1098 -37.8647 -40.1758 -42.0576 -43.5471 -44.6804 -45.4856 -45.9807 -46.1756 -46.0729 -45.6679 -44.9487 -43.8946 -42.4754 -40.652 -38.3849 -35.6572 -32.5143 -29.0591 -25.1956 -20.874 -16.3523 -11.2213 -6.95614 0 0 0 0 0 0 0 0 0 0 0 0 0 0 0 0 0 0 0 
0 0 0 0 0 0 0 0 0 0 0 0 0 0 0 0 0 -6.60012 -10.8529 -16.1425 -21.0122 -25.897 -30.5221 -34.8872 -38.9128 -42.5851 -45.9097 -48.8488 -51.3753 -53.4866 -55.1952 -56.5177 -57.4691 -58.0601 -58.2965 -58.1794 -57.7054 -56.8661 -55.6482 -54.034 -52.0037 -49.5422 -46.6498 -43.3519 -39.685 -35.6422 -31.2365 -26.548 -21.5767 -16.6033 -11.1815 -6.80976 0 0 0 0 0 0 0 0 0 0 0 0 0 0 0 0 0 
0 0 0 0 0 0 0 0 0 0 0 0 0 0 0 -5.91133 -10.1434 -15.5475 -20.669 -25.9352 -31.0728 -36.0893 -40.8923 -45.4346 -49.6669 -53.5601 -57.095 -60.2455 -62.9901 -65.3184 -67.2293 -68.726 -69.8131 -70.4942 -70.7708 -70.6429 -70.1082 -69.1621 -67.7982 -66.0087 -63.7867 -61.1305 -58.0479 -54.5584 -50.6869 -46.4517 -41.8816 -37.0265 -31.9341 -26.6988 -21.3129 -16.0576 -10.4932 -6.1235 0 0 0 0 0 0 0 0 0 0 0 0 0 0 0 
0 0 0 0 0 0 0 0 0 0 0 0 0 0 -7.17209 -13.5019 -19.1146 -24.7777 -30.3403 -35.8566 -41.2544 -46.495 -51.5231 -56.2922 -60.76 -64.8934 -68.6647 -72.0481 -75.0212 -77.5677 -79.6775 -81.344 -82.5633 -83.3326 -83.6497 -83.5133 -82.9223 -81.876 -80.3738 -78.4157 -76.004 -73.1453 -69.8528 -66.1469 -62.0523 -57.5962 -52.8119 -47.7422 -42.4344 -36.945 -31.3137 -25.6144 -19.7916 -14.0008 -7.4475 0 0 0 0 0 0 0 0 0 0 0 0 0 0 
0 0 0 0 0 0 0 0 0 0 0 0 0 -8.01746 -15.1864 -21.8097 -28.0354 -34.1084 -40.058 -45.8963 -51.5934 -57.1132 -62.413 -67.4509 -72.1877 -76.5886 -80.6225 -84.261 -87.4787 -90.2539 -92.5688 -94.4091 -95.7634 -96.6231 -96.9822 -96.8381 -96.1917 -95.0459 -93.4053 -91.2764 -88.6682 -85.5938 -82.0713 -78.124 -73.7794 -69.0688 -64.0276 -58.6958 -53.1165 -47.3331 -41.3824 -35.2949 -29.0579 -22.6407 -15.7892 -8.34846 0 0 0 0 0 0 0 0 0 0 0 0 0 
0 0 0 0 0 0 0 0 0 0 0 -5.72791 -10.3346 -16.8834 -23.7463 -30.5153 -37.1087 -43.5624 -49.887 -56.0773 -62.1096 -67.9514 -73.5647 -78.9107 -83.9513 -88.6507 -92.9757 -96.8948 -100.379 -103.4 -105.935 -107.96 -109.458 -110.414 -110.818 -110.665 -109.96 -108.71 -106.925 -104.616 -101.799 -98.4904 -94.7146 -90.4983 -85.8727 -80.872 -75.5337 -69.8972 -64.0025 -57.8884 -51.588 -45.125 -38.5044 -31.715 -24.72 -17.6046 -10.7948 -5.99141 0 0 0 0 0 0 0 0 0 0 0 
0 0 0 0 0 0 0 0 0 0 -6.28734 -12.577 -18.7272 -25.4353 -32.4002 -39.3963 -46.3218 -53.1456 -59.8503 -66.4163 -72.8164 -79.0179 -84.9838 -90.6759 -96.056 -101.087 -105.735 -109.964 -113.741 -117.034 -119.81 -122.039 -123.695 -124.757 -125.209 -125.045 -124.274 -122.91 -120.969 -118.465 -115.42 -111.855 -107.798 -103.282 -98.3408 -93.013 -87.3381 -81.3566 -75.1081 -68.6302 -61.956 -55.1126 -48.1196 -40.9949 -33.7713 -26.5553 -19.5832 -13.1708 -6.59283 0 0 0 0 0 0 0 0 0 0 
0 0 0 0 0 0 0 0 0 -5.72387 -12.5723 -19.5656 -26.5619 -33.7304 -41.023 -48.3478 -55.6365 -62.848 -69.9524 -76.9209 -83.722 -90.32 -96.6768 -102.753 -108.51 -113.908 -118.912 -123.484 -127.588 -131.184 -134.232 -136.691 -138.526 -139.71 -140.217 -140.033 -139.181 -137.688 -135.574 -132.857 -129.56 -125.711 -121.342 -116.49 -111.196 -105.501 -99.4491 -93.0829 -86.4431 -79.5682 -72.4933 -65.2498 -57.8664 -50.3738 -42.8151 -35.262 -27.8117 -20.516 -13.2005 -6.017 0 0 0 0 0 0 0 0 0 
0 0 0 0 0 0 0 0 0 -10.3231 -18.7126 -26.5511 -34.2244 -41.9014 -49.6137 -57.3354 -65.0284 -72.6576 -80.1902 -87.5932 -94.8305 -101.863 -108.65 -115.15 -121.321 -127.124 -132.521 -137.473 -141.942 -145.883 -149.243 -151.966 -154.009 -155.341 -155.915 -155.688 -154.728 -153.087 -150.781 -147.828 -144.252 -140.086 -135.368 -130.142 -124.451 -118.346 -111.875 -105.083 -98.0132 -90.7062 -83.1993 -75.527 -67.7224 -59.8188 -51.8531 -43.8659 -35.8857 -27.8809 -19.6761 -10.8675 0 0 0 0 0 0 0 0 0 
0 0 0 0 0 0 0 0 -8.0011 -16.8561 -25.4038 -33.7018 -41.8831 -50.037 -58.195 -66.3516 -74.4842 -82.5636 -90.5577 -98.4309 -106.144 -113.652 -120.912 -127.875 -134.5 -140.746 -146.574 -151.947 -156.824 -161.163 -164.891 -167.919 -170.204 -171.711 -172.394 -172.076 -170.956 -169.14 -166.633 -163.421 -159.535 -155.013 -149.903 -144.257 -138.121 -131.557 -124.621 -117.36 -109.821 -102.044 -94.0705 -85.9366 -77.6774 -69.3259 -60.9127 -52.4629 -43.9842 -35.4456 -26.7557 -17.777 -8.45053 0 0 0 0 0 0 0 0 
0 0 0 0 0 0 0 -7.15123 -15.1483 -23.6963 -32.3447 -40.9692 -49.5693 -58.1684 -66.7778 -75.392 -83.993 -92.555 -101.046 -109.429 -117.661 -125.691 -133.468 -140.939 -148.059 -154.785 -161.082 -166.915 -172.244 -177.053 -181.236 -184.618 -187.156 -188.856 -189.707 -189.209 -187.849 -185.834 -183.171 -179.673 -175.447 -170.528 -164.974 -158.862 -152.219 -145.141 -137.69 -129.917 -121.865 -113.579 -105.102 -96.4715 -87.7248 -78.8946 -70.0089 -61.0888 -52.1427 -43.1616 -34.1242 -25.034 -16.0252 -7.5752 0 0 0 0 0 0 0 
0 0 0 0 0 0 -5.88943 -13.4566 -21.7447 -30.436 -39.3095 -48.261 -57.2565 -66.2894 -75.3557 -84.4455 -93.541 -102.617 -111.643 -120.579 -129.378 -137.984 -146.33 -154.354 -162.012 -169.252 -176.042 -182.366 -188.182 -193.554 -198.301 -202.068 -204.883 -206.839 -207.758 -206.927 -205.263 -203.114 -200.343 -196.544 -191.976 -186.62 -180.573 -173.994 -166.753 -159.096 -151.083 -142.751 -134.144 -125.307 -116.286 -107.123 -97.8557 -88.5186 -79.1397 -69.7407 -60.3362 -50.934 -41.5454 -32.2098 -23.0409 -14.2756 -6.25458 0 0 0 0 0 0 
0 0 0 0 0 0 -10.1011 -19.0411 -27.9377 -36.9936 -46.1965 -55.5087 -64.9065 -74.377 -83.9102 -93.4933 -103.108 -112.73 -122.329 -131.865 -141.29 -150.537 -159.515 -168.134 -176.368 -184.132 -191.386 -198.189 -204.527 -210.497 -215.79 -219.79 -222.815 -224.902 -225.796 -224.922 -223.033 -220.606 -217.567 -213.609 -208.816 -203.021 -196.509 -189.535 -181.694 -173.407 -164.796 -155.861 -146.652 -137.218 -127.612 -117.878 -108.057 -98.1845 -88.2903 -78.3983 -68.5272 -58.6928 -48.9134 -39.219 -29.653 -20.2318 -10.7427 0 0 0 0 0 0 
0 0 0 0 0 -6.56637 -15.4739 -24.6691 -33.9713 -43.4042 -52.974 -62.671 -72.4837 -82.4018 -92.4148 -102.509 -112.668 -122.867 -133.077 -143.263 -153.379 -163.359 -173.059 -182.283 -191.091 -199.423 -207.094 -214.339 -221.191 -227.646 -233.3 -237.55 -240.9 -243.046 -243.984 -243.377 -241.359 -238.479 -234.935 -230.599 -225.472 -219.37 -212.507 -205.079 -196.805 -188.026 -178.833 -169.246 -159.384 -149.303 -139.065 -128.72 -118.309 -107.872 -97.4389 -87.035 -76.6816 -66.3965 -56.1966 -46.0997 -36.1204 -26.2558 -16.4845 -7.00209 0 0 0 0 0 
0 0 0 0 0 -10.7916 -20.5591 -30.1898 -39.8744 -49.678 -59.6242 -69.7175 -79.9554 -90.3318 -100.838 -111.462 -122.187 -132.992 -143.85 -154.732 -165.603 -176.425 -186.974 -196.783 -206.176 -215.149 -223.282 -230.977 -238.272 -244.993 -250.831 -255.344 -258.941 -261.432 -262.736 -262.272 -260.108 -256.87 -252.954 -248.323 -242.811 -236.201 -228.896 -220.955 -212.19 -202.947 -193.203 -182.889 -172.334 -161.543 -150.628 -139.626 -128.589 -117.556 -106.558 -95.6213 -84.7677 -74.0149 -63.3769 -52.8629 -42.4731 -32.1866 -21.9372 -11.5239 0 0 0 0 0 
0 0 0 0 -6.7244 -16.0408 -25.7811 -35.6568 -45.6584 -55.8094 -66.1271 -76.6196 -87.2887 -98.132 -109.143 -120.313 -131.626 -143.063 -154.601 -166.21 -177.842 -189.524 -200.99 -211.35 -221.222 -230.794 -239.7 -248.099 -255.845 -262.76 -268.932 -273.8 -277.564 -280.18 -281.6 -281.235 -279.05 -275.791 -271.643 -266.683 -260.657 -253.472 -245.538 -237.03 -227.899 -218.174 -207.712 -196.644 -185.441 -173.909 -162.276 -150.567 -138.865 -127.205 -115.616 -104.124 -92.7529 -81.5185 -70.433 -59.502 -48.7223 -38.0802 -27.554 -17.1563 -7.19792 0 0 0 0 
0 0 0 0 -10.8568 -20.8661 -30.8678 -40.9978 -51.2929 -61.774 -72.4552 -83.345 -94.4479 -105.764 -117.291 -129.02 -140.94 -153.034 -165.28 -177.64 -190.032 -202.647 -215.06 -226.094 -236.568 -246.929 -256.755 -265.888 -274.178 -281.221 -287.612 -292.953 -297.139 -299.858 -301.223 -300.863 -298.638 -295.374 -290.914 -285.401 -278.77 -271.097 -262.474 -253.201 -243.46 -233.051 -221.774 -210.179 -198.459 -186.293 -173.968 -161.503 -149.098 -136.782 -124.576 -112.508 -100.601 -88.8732 -77.3348 -65.9895 -54.8341 -43.858 -33.0422 -22.3494 -11.6354 0 0 0 0 
0 0 0 -6.55618 -15.8367 -25.699 -35.8263 -46.1737 -56.7416 -67.5386 -78.5745 -89.8575 -101.394 -113.186 -125.235 -137.537 -150.081 -162.852 -175.819 -188.888 -201.948 -215.244 -228.298 -240.33 -251.666 -262.963 -273.881 -283.948 -292.853 -300.436 -307.336 -313.156 -317.808 -320.681 -322.046 -321.582 -319.231 -315.636 -310.725 -304.564 -297.117 -288.793 -279.76 -269.748 -258.969 -247.68 -235.635 -223.424 -211.074 -198.404 -185.507 -172.347 -159.243 -146.25 -133.399 -120.729 -108.27 -96.0386 -84.0436 -72.2872 -60.7666 -49.4755 -38.4073 -27.5638 -16.9942 -7.03951 0 0 0 
0 0 0 -10.388 -20.2347 -30.267 -40.5646 -51.1292 -61.9609 -73.0643 -84.4468 -96.1169 -108.083 -120.351 -132.927 -145.811 -158.996 -172.468 -186.169 -199.93 -213.561 -227.341 -241.002 -254.232 -266.465 -278.558 -290.255 -301.261 -311 -319.766 -327.8 -334.623 -340.019 -342.896 -344.108 -343.583 -341.159 -337.058 -331.337 -324.375 -316.236 -307.074 -297.222 -286.385 -274.704 -262.595 -249.731 -236.696 -223.519 -210.075 -196.549 -182.972 -169.276 -155.576 -142.04 -128.741 -115.711 -102.967 -90.5138 -78.3492 -66.4695 -54.87 -43.5477 -32.5042 -21.738 -11.1639 0 0 0 
0 0 -5.90394 -14.7613 -24.4472 -34.5697 -45.0357 -55.8177 -66.9087 -78.3109 -90.0315 -102.081 -114.469 -127.21 -140.312 -153.783 -167.618 -181.79 -196.183 -210.648 -224.933 -239.362 -253.8 -268.009 -281.011 -293.798 -306.242 -318.16 -329.155 -339.293 -348.665 -356.855 -363.101 -366.431 -367.877 -367.266 -364.402 -359.539 -352.957 -345.152 -336.283 -326.163 -315.045 -303.188 -290.469 -277.307 -263.531 -249.67 -235.694 -221.575 -207.505 -193.541 -179.242 -164.737 -150.446 -136.482 -122.867 -109.606 -96.6949 -84.1262 -71.8923 -59.9872 -48.4095 -37.1671 -26.29 -15.878 -6.35266 0 0 
0 0 -8.85447 -18.3059 -28.223 -38.5287 -49.191 -60.1972 -71.5451 -83.239 -95.2878 -107.704 -120.504 -133.706 -147.328 -161.39 -175.896 -190.741 -205.694 -220.775 -235.839 -250.948 -265.902 -280.63 -294.848 -308.776 -322.54 -335.827 -348.325 -359.954 -370.631 -380.064 -387.17 -391.226 -392.889 -392.086 -388.78 -383.275 -375.854 -366.96 -356.831 -345.535 -333.168 -320.24 -306.296 -291.85 -277.156 -262.523 -247.805 -233.041 -218.511 -204 -189.041 -173.625 -158.526 -143.873 -129.668 -115.895 -102.533 -89.5685 -76.9863 -64.7771 -52.936 -41.4649 -30.3768 -19.7053 -9.53268 0 0 
0 0 -11.208 -21.385 -31.6103 -42.1313 -53.0022 -64.2351 -75.8357 -87.8121 -100.176 -112.945 -126.138 -139.781 -153.905 -168.553 -183.744 -199.293 -214.818 -230.38 -246.153 -262.132 -277.86 -293.298 -308.766 -323.994 -339.257 -354.166 -368.284 -381.632 -393.879 -404.752 -413.06 -417.981 -419.915 -418.836 -414.963 -408.729 -400.288 -390.086 -378.316 -365.425 -351.592 -337.41 -322.284 -306.525 -290.862 -275.262 -259.635 -244.184 -229.31 -214.304 -198.561 -182.111 -166.154 -150.817 -136.039 -121.771 -107.976 -94.628 -81.7074 -69.1989 -57.0923 -45.3798 -34.0468 -23.0338 -12.0728 0 0 
0 -5.64411 -14.5926 -24.4158 -34.7017 -45.3839 -56.4516 -67.9053 -79.7504 -91.9972 -104.661 -117.761 -131.322 -145.374 -159.959 -175.141 -190.963 -207.155 -223.166 -239.422 -256.002 -272.834 -289.424 -305.608 -322.058 -338.733 -355.694 -372.647 -388.905 -404.38 -418.497 -431.04 -440.905 -446.867 -449.387 -448.206 -443.526 -436.034 -426.314 -414.334 -400.503 -385.718 -370.151 -354.409 -338.064 -320.911 -304.021 -287.3 -270.663 -254.373 -238.71 -222.888 -206.404 -189.541 -173.107 -157.2 -141.901 -127.174 -112.971 -99.2604 -86.0161 -73.2189 -60.8547 -48.915 -37.397 -26.3103 -15.7246 -6.0823 0 
0 -7.98386 -17.1024 -26.9839 -37.397 -48.2508 -59.5151 -71.184 -83.2633 -95.7656 -108.709 -122.116 -136.013 -150.434 -165.417 -181.008 -197.221 -213.916 -230.628 -247.919 -265.245 -282.758 -300.333 -317.381 -334.919 -353.084 -371.741 -390.908 -409.666 -427.758 -444.27 -458.94 -470.708 -478.073 -481.279 -480.255 -474.904 -465.584 -453.686 -439.263 -423.274 -406.463 -388.53 -370.51 -352.598 -334.05 -315.881 -298.221 -280.91 -263.812 -247.17 -230.52 -213.388 -196.144 -179.283 -162.93 -147.191 -132.052 -117.475 -103.426 -89.8778 -76.8058 -64.1926 -52.0283 -40.3161 -29.0857 -18.4329 -8.60463 0 
0 -9.18887 -18.8495 -29.0202 -39.6515 -50.7074 -62.1739 -74.0524 -86.3532 -99.0931 -112.294 -125.98 -140.182 -154.932 -170.268 -186.204 -202.681 -219.691 -236.995 -254.936 -272.873 -291.146 -309.753 -327.979 -346.957 -366.775 -387.035 -408.083 -429.155 -450.223 -470.299 -488.6 -503.374 -512.886 -516.962 -516.199 -509.992 -498.078 -482.745 -464.9 -446.06 -426.844 -406.465 -386.075 -366.481 -346.505 -327.031 -308.345 -290.156 -272.072 -254.511 -237.269 -219.725 -202.049 -184.77 -168.012 -151.879 -136.367 -121.45 -107.092 -93.2631 -79.934 -67.0815 -54.6897 -42.7533 -31.2837 -20.3167 -9.90331 0 
0 -9.92213 -20.0864 -30.596 -41.4814 -52.7532 -64.4209 -76.4984 -89.0039 -101.96 -115.392 -129.329 -143.803 -158.846 -174.489 -190.753 -207.6 -224.952 -242.672 -260.896 -279.37 -298.223 -317.699 -337.304 -357.817 -379.337 -401.489 -424.704 -448.993 -474.125 -498.564 -521.628 -540.579 -552.543 -557.486 -556.932 -549.344 -533.822 -513.688 -491.147 -467.989 -445.226 -422.573 -400.419 -379.118 -357.878 -337.404 -317.865 -298.697 -279.536 -261.248 -243.467 -225.494 -207.323 -189.626 -172.456 -155.943 -140.09 -124.864 -110.23 -96.1485 -82.5854 -69.5097 -56.8957 -44.7236 -32.9789 -21.647 -10.6919 0 
0 -10.4132 -20.9781 -31.7958 -42.9251 -54.4031 -66.2581 -78.5163 -91.2043 -104.35 -117.985 -132.142 -146.854 -162.157 -178.09 -194.697 -211.975 -229.713 -247.808 -266.182 -285.054 -304.28 -324.358 -345.092 -366.85 -389.843 -414.191 -439.879 -467.391 -496.842 -527.191 -557.222 -583.005 -598.586 -603.78 -603.449 -594.442 -574.116 -546.933 -517.648 -488.965 -462.06 -436.815 -413.143 -390.28 -367.87 -346.487 -326.253 -306.134 -285.962 -267.039 -248.652 -230.147 -211.646 -193.729 -176.208 -159.347 -143.184 -127.688 -112.814 -98.5156 -84.7495 -71.4762 -58.6598 -46.2666 -34.2613 -22.6005 -11.2172 0 
0 -10.7527 -21.6171 -32.6839 -44.0201 -55.6761 -67.6922 -80.1043 -92.9463 -106.252 -120.058 -134.399 -149.313 -164.84 -181.018 -197.887 -215.458 -233.554 -252.049 -270.513 -289.603 -309.141 -329.656 -351.281 -374.004 -398.13 -424.293 -452.733 -483.737 -517.841 -555.123 -594.851 -632.5 -650.612 -653.037 -654.234 -644.9 -618.196 -581.429 -542.931 -508.139 -476.939 -448.745 -423.224 -399.241 -376.074 -353.678 -332.261 -311.08 -290.391 -270.941 -252.163 -233.603 -215.11 -197.114 -179.251 -162.053 -145.612 -129.89 -114.823 -100.351 -86.4207 -72.9857 -60.0009 -47.4216 -35.1994 -23.2763 -11.5766 0 
0 -10.9804 -22.0537 -33.3025 -44.7954 -56.5888 -68.7304 -81.2625 -94.2244 -107.655 -121.594 -136.082 -151.161 -166.872 -183.253 -200.32 -218.034 -236.298 -255.034 -273.582 -292.718 -312.555 -333.493 -355.658 -379.103 -404.349 -432.124 -462.732 -496.718 -535.443 -580.36 -633.041 -688.567 -703.266 -695.314 -697.914 -684.294 -650.924 -608.901 -563.523 -523.553 -488.867 -458.108 -430.643 -405.364 -381.349 -358.286 -336.001 -314.492 -293.618 -273.77 -254.625 -235.953 -217.584 -199.641 -181.487 -163.982 -147.321 -131.437 -116.236 -101.643 -87.5971 -74.0451 -60.9364 -48.2195 -35.8384 -23.7286 -11.813 0 
0 -11.1153 -22.3149 -33.6769 -45.27 -57.1534 -69.3782 -81.9907 -95.0337 -108.55 -122.581 -137.174 -152.375 -168.236 -184.798 -202.065 -219.919 -237.919 -256.328 -275.024 -294.465 -314.643 -335.889 -358.375 -382.483 -408.389 -436.997 -468.565 -504.236 -546.136 -597.158 -664.216 -743.766 -765.771 -750.124 -759.186 -728.558 -675.672 -623.291 -574.509 -532.643 -496.143 -463.851 -435.015 -408.665 -384.048 -360.638 -338.075 -316.786 -295.873 -275.658 -255.951 -236.853 -218.396 -200.482 -182.413 -164.919 -148.231 -132.3 -117.042 -102.388 -88.2796 -74.6612 -61.4801 -48.6815 -36.206 -23.9867 -11.9468 0 
0 -11.1658 -22.4136 -33.8203 -45.4546 -57.3764 -69.6385 -82.2883 -95.3703 -108.928 -123.008 -137.657 -152.932 -168.897 -185.63 -203.135 -221.254 -238.907 -256.842 -275.557 -295.185 -315.445 -336.763 -359.381 -383.834 -410.049 -438.589 -470.151 -506.015 -547.798 -597.925 -661.272 -736.675 -776.771 -789.563 -818.073 -768.24 -695.051 -630.61 -578.431 -535.772 -498.694 -465.716 -436.195 -409.246 -384.298 -360.774 -338.327 -317.197 -296.586 -276.324 -256.294 -236.867 -218.096 -199.969 -182.185 -164.951 -148.38 -132.491 -117.244 -102.589 -88.4717 -74.84 -61.6413 -48.8204 -36.3175 -24.0653 -11.9876 0 
0 -11.1342 -22.3533 -33.7361 -45.3515 -57.2592 -69.511 -82.1536 -95.2307 -108.786 -122.864 -137.515 -152.797 -168.791 -185.545 -202.907 -220.942 -238.539 -256.397 -275.185 -294.844 -314.734 -335.828 -358.472 -382.97 -409.241 -436.872 -467.311 -501.609 -540.513 -585.565 -638.608 -699.557 -755.746 -794.653 -803.091 -743.723 -682.552 -624.494 -574.725 -533.204 -496.622 -463.924 -434.484 -407.418 -382.377 -358.959 -336.696 -315.506 -295.292 -275.492 -255.515 -235.969 -217.137 -198.908 -181.336 -164.313 -147.849 -132.038 -116.855 -102.251 -88.1781 -74.5859 -61.4246 -48.6415 -36.1783 -23.9693 -11.9385 0 
0 -11.0177 -22.1296 -33.4191 -44.9562 -56.7979 -68.9929 -81.5844 -94.6132 -108.12 -122.148 -136.741 -151.951 -167.834 -184.386 -201.404 -219.132 -236.906 -254.959 -273.794 -293.465 -312.982 -333.597 -355.865 -379.786 -405.381 -432.083 -461.084 -492.642 -527.383 -565.611 -607.099 -652.984 -695.957 -724.657 -723.711 -692.846 -655.107 -607.949 -563.579 -524.772 -489.855 -458.4 -429.965 -403.499 -378.815 -355.555 -333.528 -312.293 -292.268 -272.869 -253.273 -234.061 -215.499 -197.379 -179.861 -162.979 -146.65 -130.958 -115.886 -101.384 -87.4035 -73.9008 -60.8298 -48.1424 -35.7851 -23.6951 -11.7969 0 
0 -10.8072 -21.728 -32.8548 -44.2561 -55.9833 -68.0782 -80.5777 -93.5177 -106.934 -120.865 -135.351 -150.433 -166.148 -182.498 -199.342 -216.74 -234.421 -252.557 -271.33 -290.791 -310.04 -330.115 -351.712 -374.687 -399.073 -424.384 -451.524 -480.273 -510.837 -541.981 -572.851 -610.073 -644.724 -665.417 -663.52 -647.467 -619.09 -581.678 -545.027 -510.968 -479.485 -450.243 -423.129 -397.493 -373.384 -350.43 -328.793 -307.833 -288.077 -268.953 -249.977 -231.361 -213.063 -195.194 -177.733 -160.929 -144.77 -129.259 -114.348 -99.993 -86.1515 -72.784 -59.8514 -47.3133 -35.1245 -23.2292 -11.5539 0 
0 -10.4829 -21.1205 -32.016 -43.2301 -54.8012 -66.7588 -79.1308 -91.9455 -105.234 -119.028 -133.365 -148.281 -163.812 -179.978 -196.719 -214.045 -231.476 -249.466 -267.949 -287.152 -306.271 -325.61 -346.13 -367.81 -390.725 -414.665 -440.161 -466.564 -493.818 -521.136 -547.644 -580.831 -612.498 -631.34 -624.61 -606.763 -582.361 -552.331 -522.785 -493.836 -465.864 -438.965 -413.314 -388.855 -365.866 -343.862 -322.957 -302.599 -283.139 -264.232 -245.548 -227.408 -209.651 -192.116 -174.777 -158.155 -142.243 -126.959 -112.255 -98.0888 -84.4255 -71.2322 -58.4785 -46.1351 -34.1702 -22.5433 -11.1897 0 
0 -10.004 -20.2549 -30.8585 -41.8471 -53.2324 -65.0252 -77.241 -89.8999 -103.026 -116.649 -130.799 -145.514 -160.837 -176.806 -193.452 -210.844 -227.993 -245.699 -263.727 -282.554 -301.32 -319.748 -339.142 -359.626 -381.035 -403.485 -427.16 -451.44 -476.264 -503.035 -532.12 -561.705 -579.72 -586.206 -579.494 -566.408 -549.145 -525.664 -500.768 -475.055 -449.809 -425.246 -401.499 -378.638 -356.954 -335.965 -315.934 -296.373 -277.116 -258.499 -240.082 -222.232 -204.901 -187.796 -170.917 -154.681 -139.086 -124.079 -109.623 -95.6821 -82.2297 -69.2408 -56.6954 -44.5781 -32.8782 -21.5839 -10.6616 0 
0 -9.27828 -19.0368 -29.3161 -40.0675 -51.2559 -62.8687 -74.9082 -87.3869 -100.323 -113.741 -127.669 -142.14 -157.198 -172.86 -189.071 -206.017 -223.119 -240.758 -258.401 -276.314 -294.231 -312.135 -330.8 -350.185 -370.396 -391.377 -412.874 -434.547 -456.411 -479.212 -502.603 -523.582 -535.61 -539.812 -536.795 -528.3 -515.847 -497.593 -476.47 -454.333 -432.588 -410.823 -389.139 -367.88 -347.301 -327.174 -307.888 -289.149 -270.18 -251.85 -233.822 -216.298 -199.277 -182.641 -166.342 -150.566 -135.34 -120.65 -106.474 -92.7874 -79.5702 -66.8059 -54.4841 -42.6039 -31.1805 -20.2525 -9.87279 0 
0 -8.07231 -17.2978 -27.3015 -37.8509 -48.8552 -60.2852 -72.1364 -84.4161 -97.1386 -110.324 -123.995 -138.181 -152.909 -168.2 -184.019 -200.418 -217.281 -234.651 -252.059 -269.146 -286.229 -303.653 -321.64 -339.889 -358.994 -378.494 -397.849 -416.818 -435.713 -454.412 -472.294 -487.273 -496.776 -500.675 -499.121 -492.916 -483.163 -469.259 -452.231 -433.761 -415.146 -396.081 -376.311 -356.355 -336.638 -317.484 -298.72 -280.399 -261.975 -244.113 -226.808 -209.848 -193.234 -177.071 -161.248 -145.901 -131.058 -116.708 -102.835 -89.4233 -76.4579 -63.9285 -51.8311 -40.173 -28.9875 -18.3727 -8.57707 0 
0 -5.71321 -14.7805 -24.7412 -35.1793 -46.0289 -57.2806 -68.9361 -81.0024 -93.4915 -106.42 -119.808 -133.678 -148.057 -162.967 -178.403 -194.324 -210.81 -227.799 -244.897 -261.332 -277.622 -294.44 -311.799 -329.171 -347.015 -365.131 -382.796 -399.33 -415.502 -430.729 -444.668 -456.116 -463.856 -467.243 -466.118 -461.005 -452.883 -441.736 -427.938 -412.593 -396.616 -379.971 -362.053 -343.578 -325.043 -306.891 -288.686 -270.76 -253.112 -235.948 -219.377 -202.942 -186.741 -171.016 -155.649 -140.733 -126.284 -112.289 -98.7358 -85.6126 -72.9094 -60.6193 -48.7388 -37.2694 -26.2238 -15.6739 -6.06275 0 
0 0 -11.3699 -21.7035 -32.0963 -42.8005 -53.8721 -65.3248 -77.1659 -89.4052 -102.056 -115.137 -128.668 -142.675 -157.188 -172.228 -187.76 -203.819 -220.159 -236.628 -252.575 -268.309 -284.482 -301.004 -317.456 -333.963 -350.626 -366.821 -381.647 -395.709 -408.145 -419.409 -428.503 -434.731 -437.501 -436.609 -432.36 -425.382 -415.993 -404.718 -391.777 -377.727 -362.86 -346.608 -329.794 -312.598 -295.484 -278.083 -260.758 -243.843 -227.371 -211.312 -195.386 -179.728 -164.451 -149.562 -135.097 -121.055 -107.428 -94.2063 -81.3819 -68.948 -56.9003 -45.2353 -33.9422 -22.9642 -12.0364 0 0 
0 0 -8.99545 -18.6067 -28.702 -39.2045 -50.0827 -61.3252 -72.9313 -84.907 -97.2634 -110.015 -123.182 -136.786 -150.858 -165.449 -180.6 -196.145 -211.511 -226.917 -242.438 -258.126 -273.971 -289.786 -305.005 -320.025 -335.246 -350.245 -363.749 -376.058 -386.668 -396.104 -403.484 -408.398 -410.505 -409.471 -405.76 -399.805 -391.79 -382.319 -371.136 -358.719 -345.384 -330.779 -315.501 -299.621 -283.701 -267.151 -250.471 -234.162 -218.248 -202.644 -187.274 -172.223 -157.452 -143.05 -129.039 -115.412 -102.161 -89.2794 -76.7606 -64.6006 -52.7985 -41.3599 -30.2999 -19.6546 -9.50738 0 0 
0 0 -6.00528 -15.0257 -24.9006 -35.2328 -45.9288 -56.9621 -68.3271 -80.0282 -92.0748 -104.48 -117.259 -130.428 -144.009 -158.022 -172.463 -187.194 -201.879 -216.69 -231.782 -247.135 -262.624 -278.125 -292.263 -305.719 -319.26 -332.73 -345.073 -356.189 -365.772 -373.845 -380.055 -384.059 -385.474 -384.29 -381.001 -375.838 -368.936 -360.741 -350.964 -339.989 -328.027 -314.754 -300.564 -285.764 -270.936 -255.438 -239.674 -224.038 -208.654 -193.587 -178.793 -164.275 -150.04 -136.146 -122.598 -109.393 -96.5252 -83.9895 -71.7807 -59.8951 -48.3335 -37.1056 -26.2431 -15.8468 -6.33855 0 0 
0 0 0 -10.5901 -20.642 -30.8972 -41.4378 -52.2672 -63.3869 -74.8038 -86.5278 -98.5706 -110.944 -123.66 -136.728 -150.154 -163.925 -177.926 -191.972 -206.299 -220.884 -235.665 -250.421 -264.874 -278.018 -290.639 -303.08 -315.106 -326.322 -336.529 -345.504 -352.832 -358.229 -361.72 -362.445 -361.118 -358.119 -353.472 -347.264 -339.793 -331.013 -320.989 -310.031 -297.887 -284.951 -271.651 -258.189 -243.732 -228.669 -213.618 -198.75 -184.212 -169.959 -155.977 -142.286 -128.898 -115.815 -103.036 -90.5571 -78.3729 -66.4774 -54.8656 -43.5346 -32.4862 -21.7199 -11.1511 0 0 0 
0 0 0 -6.69255 -16.1802 -26.2761 -36.6581 -47.2819 -58.1496 -69.2722 -80.6622 -92.3307 -104.287 -116.539 -129.09 -141.938 -155.073 -168.446 -181.928 -195.664 -209.575 -223.676 -237.696 -251.104 -263.567 -275.631 -287.184 -298.082 -308.354 -317.677 -325.871 -332.542 -337.106 -340.123 -340.503 -339.329 -336.801 -332.511 -326.65 -319.455 -311.206 -302.024 -292.029 -281.083 -269.473 -257.32 -244.64 -231.214 -217.261 -202.93 -188.59 -174.551 -160.823 -147.387 -134.229 -121.343 -108.728 -96.3792 -84.2943 -72.4673 -60.8907 -49.5553 -38.453 -27.5847 -16.9992 -7.03758 0 0 0 
0 0 0 0 -11.11 -21.369 -31.6365 -42.0528 -52.6572 -63.4733 -74.5179 -85.8027 -97.3352 -109.119 -121.154 -133.435 -145.948 -158.673 -171.568 -184.663 -197.811 -211.018 -224.257 -236.938 -249.084 -260.709 -271.36 -281.249 -290.779 -299.517 -306.736 -312.357 -316.18 -318.679 -319.231 -318.652 -316.687 -312.552 -306.911 -300.17 -292.454 -284 -274.837 -264.899 -254.366 -243.031 -230.912 -218.354 -205.38 -191.676 -177.938 -164.514 -151.386 -138.52 -125.901 -113.519 -101.373 -89.4588 -77.7737 -66.3115 -55.0626 -44.0119 -33.1375 -22.4002 -11.6548 0 0 0 0 
0 0 0 0 -6.89083 -16.4533 -26.4663 -36.6355 -46.9532 -57.4458 -68.1334 -79.0271 -90.1317 -101.448 -112.973 -124.699 -136.614 -148.7 -160.94 -173.328 -185.771 -198.154 -210.505 -222.525 -234.232 -245.176 -254.908 -263.92 -272.78 -280.986 -287.549 -292.468 -295.977 -298.297 -299.044 -298.694 -297.016 -293.364 -288.106 -281.789 -274.527 -266.566 -258.099 -249.06 -239.215 -228.5 -217.242 -205.229 -192.747 -179.79 -166.876 -154.173 -141.686 -129.408 -117.333 -105.46 -93.7854 -82.3095 -71.0301 -59.9424 -49.0362 -38.2922 -27.6848 -17.224 -7.2197 0 0 0 0 
0 0 0 0 0 -11.0872 -21.1397 -31.0696 -41.0744 -51.2233 -61.5429 -72.0407 -82.7167 -93.5683 -104.59 -115.773 -127.107 -138.575 -150.164 -161.861 -173.636 -185.392 -197.098 -208.585 -219.335 -229.182 -238.154 -246.589 -254.81 -262.25 -268.186 -272.876 -276.429 -278.952 -279.8 -279.531 -277.941 -274.763 -270.009 -264.072 -257.076 -249.536 -241.772 -233.725 -224.525 -214.226 -203.675 -192.01 -179.91 -167.715 -155.602 -143.616 -131.777 -120.092 -108.566 -97.2008 -85.9996 -74.9638 -64.0947 -53.3918 -42.8477 -32.436 -22.0856 -11.5912 0 0 0 0 0 
0 0 0 0 0 -6.75577 -15.9359 -25.4288 -35.0513 -44.8302 -54.7741 -64.8758 -75.1263 -85.5185 -96.0454 -106.698 -117.465 -128.331 -139.278 -150.29 -161.35 -172.425 -183.568 -194.667 -204.576 -213.287 -221.536 -229.635 -237.447 -244.316 -249.555 -253.893 -257.476 -260.212 -261.132 -260.873 -259.277 -256.505 -252.399 -246.818 -240.147 -233.098 -225.995 -218.685 -209.841 -199.604 -189.297 -178.254 -166.918 -155.546 -144.2 -132.914 -121.714 -110.617 -99.6363 -88.7783 -78.0485 -67.4515 -56.9931 -46.6824 -36.5269 -26.5184 -16.6302 -7.05537 0 0 0 0 0 
0 0 0 0 0 0 -10.4193 -19.6582 -28.872 -38.2721 -47.8476 -57.5623 -67.3942 -77.3339 -87.3749 -97.5092 -107.724 -118.004 -128.328 -138.673 -149.013 -159.317 -169.557 -179.647 -188.885 -197.162 -204.97 -212.58 -219.912 -226.266 -230.976 -234.85 -238.278 -241.015 -242.04 -241.926 -240.635 -238.271 -234.677 -229.489 -223.389 -216.753 -209.738 -202.323 -193.76 -184.276 -174.552 -164.364 -153.916 -143.351 -132.738 -122.125 -111.547 -101.027 -90.5839 -80.2274 -69.9646 -59.8005 -49.744 -39.8176 -30.0592 -20.4804 -10.8617 0 0 0 0 0 0 
0 0 0 0 0 0 -6.08304 -13.9129 -22.5064 -31.5384 -40.7819 -50.1314 -59.5545 -69.0478 -78.6113 -88.2393 -97.9192 -107.633 -117.356 -127.061 -136.713 -146.266 -155.657 -164.77 -173.35 -181.282 -188.657 -195.658 -202.212 -207.75 -212.201 -216.008 -219.289 -221.889 -222.936 -222.796 -221.687 -219.716 -216.435 -211.7 -206.266 -200.096 -193.219 -185.895 -177.841 -169.161 -160.104 -150.698 -141.033 -131.202 -121.275 -111.302 -101.321 -91.3615 -81.4445 -71.5829 -61.7822 -52.0417 -42.3648 -32.7849 -23.4119 -14.4823 -6.33598 0 0 0 0 0 0 
0 0 0 0 0 0 0 -7.40382 -15.7024 -24.5933 -33.6104 -42.6267 -51.6446 -60.6917 -69.7832 -78.9175 -88.0807 -97.2513 -106.403 -115.502 -124.511 -133.377 -142.034 -150.387 -158.313 -165.749 -172.669 -179.105 -184.992 -189.993 -194.167 -197.73 -200.619 -202.741 -203.713 -203.717 -202.88 -201.28 -198.311 -193.959 -188.884 -183.164 -176.795 -169.915 -162.405 -154.393 -146.005 -137.29 -128.315 -119.151 -109.858 -100.486 -91.0735 -81.6533 -72.2496 -62.8776 -53.5395 -44.2193 -34.8886 -25.5452 -16.3212 -7.70087 0 0 0 0 0 0 0 
0 0 0 0 0 0 0 0 -8.30608 -17.5219 -26.4395 -35.1205 -43.7057 -52.2909 -60.9122 -69.5669 -78.2348 -86.8894 -95.5008 -104.035 -112.45 -120.698 -128.716 -136.431 -143.764 -150.659 -157.08 -162.998 -168.369 -173.031 -176.932 -180.146 -182.683 -184.458 -185.312 -185.319 -184.509 -182.926 -180.241 -176.408 -171.8 -166.547 -160.699 -154.319 -147.388 -140.003 -132.234 -124.142 -115.787 -107.229 -98.521 -89.7096 -80.8342 -71.9288 -63.0228 -54.1384 -45.2789 -36.4075 -27.4251 -18.1862 -8.62685 0 0 0 0 0 0 0 0 
0 0 0 0 0 0 0 0 0 -10.7488 -19.5053 -27.71 -35.7667 -43.8542 -52.0079 -60.203 -68.4021 -76.5708 -84.6766 -92.6855 -100.558 -108.248 -115.701 -122.857 -129.654 -136.041 -141.975 -147.415 -152.312 -156.589 -160.193 -163.126 -165.387 -166.93 -167.678 -167.651 -166.842 -165.251 -162.773 -159.388 -155.259 -150.479 -145.116 -139.221 -132.827 -125.995 -118.785 -111.256 -103.462 -95.4562 -87.2873 -78.9975 -70.6248 -62.2047 -53.7746 -45.3743 -37.0303 -28.7065 -20.2183 -11.1475 0 0 0 0 0 0 0 0 0 
0 0 0 0 0 0 0 0 0 -5.96791 -13.1229 -20.4475 -27.797 -35.3513 -43.0622 -50.835 -58.5998 -66.3149 -73.9494 -81.4726 -88.8487 -96.0351 -102.983 -109.64 -115.955 -121.878 -127.365 -132.374 -136.861 -140.776 -144.082 -146.761 -148.795 -150.155 -150.808 -150.744 -149.955 -148.43 -146.139 -143.091 -139.353 -134.992 -130.065 -124.621 -118.704 -112.365 -105.657 -98.6348 -91.3484 -83.847 -76.1743 -68.3685 -60.4628 -52.4906 -44.4966 -36.554 -28.7615 -21.1699 -13.5941 -6.1854 0 0 0 0 0 0 0 0 0 
0 0 0 0 0 0 0 0 0 0 -6.57077 -13.1602 -19.6224 -26.6918 -34.0546 -41.475 -48.8473 -56.1396 -63.3334 -70.4069 -77.329 -84.0604 -90.5559 -96.7674 -102.647 -108.149 -113.232 -117.856 -121.981 -125.572 -128.599 -131.04 -132.876 -134.088 -134.654 -134.563 -133.806 -132.374 -130.263 -127.482 -124.071 -120.072 -115.532 -110.494 -105.002 -99.1026 -92.8445 -86.2774 -79.4502 -72.409 -65.1944 -57.8393 -50.3672 -42.7984 -35.1671 -27.5835 -20.2918 -13.6175 -6.80292 0 0 0 0 0 0 0 0 0 0 
0 0 0 0 0 0 0 0 0 0 0 -6.00015 -10.8404 -17.7391 -24.9893 -32.163 -39.1748 -46.0629 -52.8377 -59.4926 -66 -72.3216 -78.4127 -84.2262 -89.7164 -94.8403 -99.5585 -103.835 -107.636 -110.933 -113.702 -115.923 -117.583 -118.665 -119.157 -119.048 -118.33 -116.999 -115.055 -112.505 -109.375 -105.694 -101.497 -96.8214 -91.7081 -86.1993 -80.3406 -74.18 -67.7658 -61.1443 -54.3551 -47.4272 -40.3684 -33.1687 -25.79 -18.321 -11.2046 -6.20553 0 0 0 0 0 0 0 0 0 0 0 
0 0 0 0 0 0 0 0 0 0 0 0 0 -8.43495 -16.0006 -23.0128 -29.6261 -36.0992 -42.462 -48.7258 -54.8567 -60.8135 -66.547 -72.0085 -77.1521 -81.937 -86.327 -90.2893 -93.7953 -96.8218 -99.3509 -101.369 -102.866 -103.833 -104.26 -104.141 -103.468 -102.239 -100.451 -98.11 -95.2298 -91.8307 -87.9392 -83.587 -78.8095 -73.6457 -68.1387 -62.3362 -56.2889 -50.0474 -43.6546 -37.1459 -30.5105 -23.718 -16.5031 -8.70602 0 0 0 0 0 0 0 0 0 0 0 0 0 
0 0 0 0 0 0 0 0 0 0 0 0 0 0 -7.56552 -14.2614 -20.2177 -26.246 -32.1853 -38.0919 -43.8876 -49.5286 -54.9532 -60.1086 -64.9466 -69.4287 -73.5231 -77.2 -80.4342 -83.2081 -85.5109 -87.3364 -88.6807 -89.5402 -89.9105 -89.7869 -89.1638 -88.0359 -86.3995 -84.254 -81.6038 -78.4602 -74.8425 -70.7777 -66.2974 -61.4354 -56.2321 -50.7374 -45.0061 -39.1017 -33.0698 -26.9915 -20.8095 -14.6899 -7.79825 0 0 0 0 0 0 0 0 0 0 0 0 0 0 
0 0 0 0 0 0 0 0 0 0 0 0 0 0 0 -6.24967 -10.7373 -16.4817 -21.9411 -27.569 -33.0733 -38.4601 -43.6287 -48.5261 -53.097 -57.3081 -61.1367 -64.5532 -67.5334 -70.0656 -72.1481 -73.7847 -74.9799 -75.7365 -76.0549 -75.9324 -75.3639 -74.3419 -72.8576 -70.9026 -68.471 -65.5638 -62.193 -58.3838 -54.167 -49.5664 -44.6168 -39.3752 -33.8963 -28.2836 -22.5316 -16.9406 -11.046 -6.43399 0 0 0 0 0 0 0 0 0 0 0 0 0 0 0 
0 0 0 0 0 0 0 0 0 0 0 0 0 0 0 0 0 -7.00252 -11.5284 -17.1698 -22.3763 -27.6098 -32.5752 -37.2701 -41.6073 -45.57 -49.1625 -52.3428 -55.0807 -57.3726 -59.2314 -60.6746 -61.7176 -62.3711 -62.64 -62.524 -62.0175 -61.11 -59.7865 -58.0278 -55.814 -53.131 -49.982 -46.3976 -42.4204 -38.0465 -33.2935 -28.2503 -22.9201 -17.6049 -11.8325 -7.19326 0 0 0 0 0 0 0 0 0 0 0 0 0 0 0 0 0 
0 0 0 0 0 0 0 0 0 0 0 0 0 0 0 0 0 0 0 -7.20554 -11.6524 -17.0276 -21.7924 -26.3717 -30.4919 -34.2023 -37.6005 -40.5747 -43.0739 -45.1128 -46.7302 -47.9645 -48.8449 -49.3902 -49.6101 -49.506 -49.072 -48.2943 -47.1504 -45.608 -43.6262 -41.1642 -38.2064 -34.8041 -31.0704 -26.9058 -22.2602 -17.4125 -11.929 -7.38349 0 0 0 0 0 0 0 0 0 0 0 0 0 0 0 0 0 0 0 
0 0 0 0 0 0 0 0 0 0 0 0 0 0 0 0 0 0 0 0 0 -7.05568 -11.1952 -15.9325 -19.7864 -23.1466 -26.4623 -29.2817 -31.5275 -33.2744 -34.6121 -35.6084 -36.3073 -36.7349 -36.9041 -36.8179 -36.4702 -35.8448 -34.9129 -33.6276 -31.9185 -29.6934 -26.8753 -23.5419 -20.1513 -16.2461 -11.4292 -7.21043 0 0 0 0 0 0 0 0 0 0 0 0 0 0 0 0 0 0 0 0 0 
0 0 0 0 0 0 0 0 0 0 0 0 0 0 0 0 0 0 0 0 0 0 0 -6.3768 -9.57467 -12.1355 -15.8205 -18.5623 -20.4799 -21.8453 -22.8355 -23.5495 -24.0409 -24.3378 -24.4536 -24.3914 -24.146 -23.7019 -23.0288 -22.071 -20.7268 -18.8155 -16.0595 -12.337 -9.74661 -6.49818 0 0 0 0 0 0 0 0 0 0 0 0 0 0 0 0 0 0 0 0 0 0 0 
0 0 0 0 0 0 0 0 0 0 0 0 0 0 0 0 0 0 0 0 0 0 0 0 0 0 -6.12193 -8.66722 -9.98459 -10.7912 -11.335 -11.7134 -11.9691 -12.122 -12.1809 -12.1482 -12.0206 -11.7879 -11.4294 -10.9007 -10.1024 -8.78206 -6.2104 0 0 0 0 0 0 0 0 0 0 0 0 0 0 0 0 0 0 0 0 0 0 0 0 0 0 
0 0 0 0 0 0 0 0 0 0 0 0 0 0 0 0 0 0 0 0 0 0 0 0 0 0 0 0 0 0 0 0 0 0 0 0 0 0 0 0 0 0 0 0 0 0 0 0 0 0 0 0 0 0 0 0 0 0 0 0 0 0 0 0 0 0 0 0 0 
