0 0 0 0 0 0 0 0 0 0 0 0 0 0 0 0 0 0 0 0 0 0 0 0 0 0 0 0 0 0 0 0 0 0 0 0 0 0 0 0 0 0 0 0 0 0 0 0 0 0 0 0 0 0 0 0 0 0 0 0 0 0 0 0 0 0 0 0 0 
0 0 0 0 0 0 0 0 0 0 0 0 0 0 0 0 0 0 0 0 0 0 0 0 0 0 -7.66299 -10.7955 -12.3692 -13.2951 -13.8915 -14.2856 -14.5351 -14.6684 -14.6991 -14.6317 -14.4631 -14.1812 -13.7592 -13.1415 -12.2037 -10.6344 -7.53918 0 0 0 0 0 0 0 0 0 0 0 0 0 0 0 0 0 0 0 0 0 0 0 0 0 0 
0 0 0 0 0 0 0 0 0 0 0 0 0 0 0 0 0 0 0 0 0 0 0 -8.16461 -12.1871 -15.34 -19.8564 -23.15 -25.3861 -26.9198 -27.9851 -28.7157 -29.1865 -29.4394 -29.4962 -29.3645 -29.0396 -28.5025 -27.7142 -26.603 -25.0391 -22.7947 -19.5223 -15.0611 -11.9531 -8.0029 0 0 0 0 0 0 0 0 0 0 0 0 0 0 0 0 0 0 0 0 0 0 0 
0 0 0 0 0 0 0 0 0 0 0 0 0 0 0 0 0 0 0 0 0 -9.18917 -14.4893 -20.4714 -25.2438 -29.3164 -33.2727 -36.562 -39.1052 -41.013 -42.4136 -43.4055 -44.0557 -44.4065 -44.4818 -44.2906 -43.8283 -43.075 -41.9922 -40.517 -38.555 -35.983 -32.6943 -28.7689 -24.7484 -20.0585 -14.1951 -9.00539 0 0 0 0 0 0 0 0 0 0 0 0 0 0 0 0 0 0 0 0 0 
0 0 0 0 0 0 0 0 0 0 0 0 0 0 0 0 0 0 0 -9.54523 -15.3464 -22.2674 -28.2965 -33.9878 -39.0002 -43.4092 -47.3559 -50.7203 -53.4596 -55.6135 -57.2508 -58.4371 -59.2244 -59.6491 -59.7338 -59.4879 -58.9079 -57.9768 -56.6627 -54.9179 -52.6809 -49.8878 -46.5031 -42.5717 -38.2131 -33.2876 -27.7165 -21.8265 -15.0635 -9.38654 0 0 0 0 0 0 0 0 0 0 0 0 0 0 0 0 0 0 0 
0 0 0 0 0 0 0 0 0 0 0 0 0 0 0 0 0 -9.4108 -15.4227 -22.8345 -29.5729 -36.2377 -42.4415 -48.1833 -53.3599 -57.9642 -62.0216 -65.5036 -68.3993 -70.7307 -72.5388 -73.8677 -74.7556 -75.2319 -75.3165 -75.0192 -74.3386 -73.2617 -71.7639 -69.811 -67.363 -64.3843 -60.8585 -56.8017 -52.2447 -47.1623 -41.5569 -35.5204 -29.0411 -22.4827 -15.2388 -9.33375 0 0 0 0 0 0 0 0 0 0 0 0 0 0 0 0 0 
0 0 0 0 0 0 0 0 0 0 0 0 0 0 0 -8.48258 -14.5335 -22.2204 -29.4456 -36.7974 -43.8728 -50.6689 -57.0485 -62.9438 -68.2919 -73.0663 -77.2624 -80.8734 -83.9031 -86.3711 -88.3062 -89.7394 -90.6984 -91.2062 -91.281 -90.9337 -90.1656 -88.9674 -87.3204 -85.199 -82.5758 -79.428 -75.745 -71.5319 -66.8017 -61.5601 -55.8283 -49.6573 -43.0976 -36.2642 -29.1389 -22.0962 -14.536 -8.53087 0 0 0 0 0 0 0 0 0 0 0 0 0 0 0 
0 0 0 0 0 0 0 0 0 0 0 0 0 0 -10.3079 -19.3968 -27.4311 -35.4918 -43.342 -51.0364 -58.4522 -65.5166 -72.1399 -78.2517 -83.7976 -88.7468 -93.0884 -96.8245 -99.9688 -102.544 -104.576 -106.085 -107.092 -107.614 -107.668 -107.269 -106.423 -105.122 -103.351 -101.089 -98.3131 -95.0069 -91.1616 -86.7793 -81.8699 -76.448 -70.539 -64.1827 -57.4279 -50.3378 -42.9563 -35.3761 -27.5168 -19.5875 -10.4812 0 0 0 0 0 0 0 0 0 0 0 0 0 0 
0 0 0 0 0 0 0 0 0 0 0 0 0 -11.518 -21.8347 -31.3655 -40.3025 -48.9735 -57.3943 -65.554 -73.3829 -80.8055 -87.7427 -94.1254 -99.9 -105.035 -109.52 -113.367 -116.603 -119.262 -121.366 -122.934 -123.972 -124.489 -124.507 -124.052 -123.134 -121.747 -119.873 -117.492 -114.581 -111.125 -107.115 -102.554 -97.4507 -91.8231 -85.6969 -79.1067 -72.0937 -64.7026 -56.9723 -48.9353 -40.5676 -31.8212 -22.3371 -11.8882 0 0 0 0 0 0 0 0 0 0 0 0 0 
0 0 0 0 0 0 0 0 0 0 0 -8.18351 -14.8011 -24.2374 -34.1474 -43.9281 -53.4398 -62.7055 -71.7076 -80.4025 -88.72 -96.5797 -103.9 -110.607 -116.642 -121.972 -126.59 -130.521 -133.816 -136.533 -138.695 -140.311 -141.373 -141.862 -141.82 -141.299 -140.315 -138.858 -136.904 -134.424 -131.394 -127.796 -123.62 -118.87 -113.556 -107.697 -101.319 -94.4536 -87.1373 -79.4068 -71.295 -62.825 -53.9973 -44.7924 -35.158 -25.2157 -15.5772 -8.69834 0 0 0 0 0 0 0 0 0 0 0 
0 0 0 0 0 0 0 0 0 0 -8.93754 -17.9329 -26.7834 -36.4833 -46.5893 -56.7597 -66.823 -76.7011 -86.3279 -95.6285 -104.515 -112.893 -120.671 -127.761 -134.09 -139.621 -144.346 -148.311 -151.605 -154.359 -156.57 -158.241 -159.346 -159.765 -159.613 -159.008 -157.968 -156.466 -154.46 -151.908 -148.776 -145.044 -140.701 -135.75 -130.206 -124.09 -117.428 -110.252 -102.595 -94.4925 -85.9757 -77.0725 -67.8041 -58.1932 -48.2867 -38.2393 -28.3948 -19.2161 -9.67325 0 0 0 0 0 0 0 0 0 0 
0 0 0 0 0 0 0 0 0 -8.08424 -17.8172 -27.8273 -37.9164 -48.3228 -58.967 -69.6984 -80.3914 -90.9481 -101.275 -111.269 -120.818 -129.807 -138.128 -145.677 -152.335 -158.077 -162.863 -166.773 -169.934 -172.729 -174.985 -176.739 -178.006 -178.241 -177.858 -177.152 -176.082 -174.578 -172.562 -169.97 -166.759 -162.902 -158.388 -153.225 -147.429 -141.027 -134.051 -126.53 -118.499 -109.992 -101.043 -91.6851 -81.9535 -71.8896 -61.5564 -51.0602 -40.5465 -30.0982 -19.4769 -8.92364 0 0 0 0 0 0 0 0 0 
0 0 0 0 0 0 0 0 0 -14.5197 -26.4198 -37.6427 -48.732 -59.9248 -71.2573 -82.6754 -94.0962 -105.425 -116.554 -127.354 -137.681 -147.39 -156.357 -164.485 -171.495 -177.489 -182.26 -186.023 -188.874 -191.645 -193.903 -195.722 -197.241 -197.168 -196.425 -195.66 -194.632 -193.203 -191.239 -188.652 -185.388 -181.417 -176.726 -171.331 -165.257 -158.541 -151.217 -143.319 -134.88 -125.934 -116.519 -106.672 -96.435 -85.8555 -74.9888 -63.8986 -52.6327 -41.1533 -29.2124 -16.2177 0 0 0 0 0 0 0 0 0 
0 0 0 0 0 0 0 0 -11.1318 -23.575 -35.6995 -47.5916 -59.4442 -71.3869 -83.462 -95.6499 -107.893 -120.103 -132.161 -143.911 -155.163 -165.714 -175.426 -184.221 -191.564 -197.854 -202.605 -206.403 -209.129 -211.421 -213.267 -214.632 -215.815 -215.585 -215.001 -214.536 -213.583 -212.363 -210.538 -208.01 -204.726 -200.65 -195.769 -190.115 -183.728 -176.662 -168.958 -160.649 -151.767 -142.346 -132.425 -122.048 -111.259 -100.109 -88.6449 -76.9126 -64.9325 -52.6698 -40.0016 -26.7348 -12.7905 0 0 0 0 0 0 0 0 
0 0 0 0 0 0 0 -9.83934 -20.9523 -32.9488 -45.2116 -57.5799 -70.0665 -82.7165 -95.5538 -108.57 -121.722 -134.933 -148.077 -160.967 -173.344 -184.877 -195.224 -204.307 -211.735 -218.051 -222.792 -227.009 -230.282 -232.208 -233.269 -233.918 -234.372 -234.077 -234.112 -234.219 -233.123 -232.127 -230.54 -228.126 -224.855 -220.687 -215.587 -209.631 -202.879 -195.421 -187.303 -178.551 -169.192 -159.258 -148.79 -137.835 -126.446 -114.674 -102.57 -90.1746 -77.5147 -64.5918 -51.3896 -37.9294 -24.4273 -11.6159 0 0 0 0 0 0 0 
0 0 0 0 0 0 -8.01849 -18.4051 -29.8891 -42.0564 -54.6184 -67.4498 -80.5254 -93.859 -107.467 -121.352 -135.493 -149.829 -164.245 -178.536 -192.371 -205.224 -216.054 -224.956 -232.104 -237.906 -242.469 -246.9 -250.691 -253.225 -253.849 -254.003 -253.882 -253.315 -253.437 -254.057 -253.361 -252.698 -251.369 -249.098 -245.882 -241.655 -236.26 -229.945 -222.737 -214.84 -206.282 -197.062 -187.192 -176.703 -165.64 -154.058 -142.016 -129.573 -116.785 -103.701 -90.3602 -76.793 -63.0355 -49.1659 -35.3735 -22.0362 -9.70296 0 0 0 0 0 0 
0 0 0 0 0 0 -13.6689 -25.8735 -38.1427 -50.7692 -63.7557 -77.0755 -90.7264 -104.727 -119.103 -133.88 -149.068 -164.646 -180.539 -196.562 -212.38 -227.23 -238.924 -247.562 -254.021 -259.059 -263.307 -267.666 -271.348 -274.057 -274.548 -274.507 -274.257 -273.602 -273.325 -274.054 -274.267 -274.124 -273.139 -271.017 -267.827 -263.605 -257.756 -251.045 -243.283 -234.921 -225.922 -216.222 -205.812 -194.722 -183.009 -170.74 -157.986 -144.816 -131.297 -117.485 -103.432 -89.1846 -74.7936 -60.3251 -45.8644 -31.4526 -16.7756 0 0 0 0 0 0 
0 0 0 0 0 -8.77894 -20.7834 -33.2773 -46.039 -59.122 -72.5597 -86.3702 -100.578 -115.218 -130.34 -145.997 -162.251 -179.15 -196.703 -214.792 -233.098 -250.846 -264.862 -273.196 -278.111 -281.386 -284.759 -288.792 -291.688 -293.91 -295.187 -295.4 -295.163 -294.589 -294.222 -295.099 -296.045 -296.455 -295.923 -293.7 -290.06 -285.61 -279.314 -272.356 -264.324 -255.638 -246.264 -236.093 -225.111 -213.366 -200.934 -187.906 -174.371 -160.41 -146.101 -131.509 -116.697 -101.72 -86.6293 -71.4766 -56.3064 -41.1341 -25.9469 -11.0764 0 0 0 0 0 
0 0 0 0 0 -14.3323 -27.4087 -40.4131 -53.6141 -67.1203 -80.9907 -95.268 -109.996 -125.229 -141.039 -157.519 -174.788 -193 -212.33 -232.928 -254.874 -277.762 -297.287 -303.323 -304.803 -305.112 -306.348 -308.812 -310.774 -313.628 -316.694 -317.463 -316.653 -316.072 -316.171 -317.439 -318.637 -319.605 -319.387 -316.272 -311.529 -306.448 -300.185 -293.388 -285.699 -277.044 -267.402 -256.773 -245.174 -232.695 -219.456 -205.581 -191.181 -176.354 -161.186 -145.755 -130.129 -114.369 -98.5269 -82.6457 -66.7504 -50.8306 -34.8015 -18.3589 0 0 0 0 0 
0 0 0 0 -8.82542 -21.1415 -34.1062 -47.3522 -60.8839 -74.7542 -89.0149 -103.715 -118.909 -134.664 -151.07 -168.25 -186.382 -205.731 -226.709 -250 -276.934 -309.312 -343.137 -338.914 -332.801 -328.956 -326.984 -327.488 -328.538 -331.609 -336.231 -338.877 -338.059 -337.603 -338.122 -340.052 -341.412 -342.918 -342.608 -338.39 -333.279 -328.245 -322.445 -315.825 -308.2 -299.435 -289.528 -278.423 -266.119 -252.782 -238.614 -223.781 -208.419 -192.638 -176.534 -160.194 -143.694 -127.099 -110.464 -93.829 -77.2189 -60.6365 -44.0696 -27.5575 -11.617 0 0 0 0 
0 0 0 0 -14.1602 -27.3022 -40.5222 -54.0057 -67.8152 -81.9979 -96.5995 -111.668 -127.261 -143.448 -160.325 -178.029 -196.76 -216.834 -238.785 -263.736 -294.609 -339.066 -388.276 -371.239 -353.139 -345.533 -342.593 -342.987 -344.941 -348.739 -353.83 -357.912 -358.742 -359.17 -359.366 -361.343 -362.575 -363.319 -362.498 -359.033 -355.076 -350.858 -345.721 -339.427 -331.842 -322.968 -312.853 -301.273 -288.096 -273.702 -258.436 -242.51 -226.075 -209.244 -192.119 -174.795 -157.354 -139.87 -122.4 -104.987 -87.6595 -70.427 -53.2827 -36.1846 -18.9106 0 0 0 0 
0 0 0 -8.46297 -20.5131 -33.3848 -46.6747 -60.3334 -74.3732 -88.8226 -103.717 -119.098 -135.018 -151.541 -168.755 -186.782 -205.795 -226.06 -247.98 -272.199 -299.911 -332.548 -366.264 -364.313 -358.779 -355.361 -355.162 -357.494 -360.938 -365.374 -370.641 -375.4 -377.883 -378.868 -378.89 -380.536 -382.406 -382.793 -381.855 -379.97 -377.543 -374.458 -370.155 -364.319 -356.771 -347.741 -337.643 -325.718 -311.289 -295.494 -278.92 -261.749 -244.125 -226.144 -207.905 -189.511 -171.058 -152.627 -134.279 -116.061 -98.0047 -80.1294 -62.4495 -44.9877 -27.8409 -11.5823 0 0 0 
0 0 0 -13.3388 -26.0444 -39.0492 -52.4584 -66.2798 -80.5218 -95.2023 -110.347 -125.99 -142.171 -158.943 -176.372 -194.546 -213.581 -233.628 -254.878 -277.515 -301.534 -326.14 -347.431 -356.726 -360.251 -362.304 -365.823 -370.982 -376.15 -381.419 -386.522 -391.184 -394.07 -395.335 -396.603 -399.056 -402.385 -403.823 -403.264 -402.476 -401.253 -399.349 -396.122 -390.925 -383.182 -373.769 -363.8 -351.536 -335.573 -318.064 -300.001 -281.439 -262.535 -243.302 -223.844 -204.286 -184.741 -165.3 -146.029 -126.974 -108.169 -89.6364 -71.398 -53.4758 -35.883 -18.4883 0 0 0 
0 0 -7.52017 -18.8478 -31.2765 -44.3094 -57.8298 -71.8056 -86.2319 -101.118 -116.48 -132.342 -148.734 -165.688 -183.245 -201.45 -220.352 -239.995 -260.39 -281.447 -302.794 -323.414 -341.15 -353.581 -362.018 -368.009 -374.215 -381.154 -387.547 -394.307 -400.091 -405.255 -408.958 -411.135 -413.275 -415.942 -419.656 -423.072 -424.615 -425.941 -426.109 -425.645 -423.941 -419.791 -411.456 -400.901 -389.491 -375.859 -359.24 -340.914 -321.582 -301.489 -281.271 -260.687 -239.884 -219.047 -198.32 -177.803 -157.561 -137.637 -118.059 -98.8497 -80.0305 -61.6344 -43.727 -26.4879 -10.6345 0 0 
0 0 -11.2329 -23.2556 -35.9046 -49.0819 -62.7461 -76.8808 -91.4825 -106.556 -122.113 -138.166 -154.733 -171.83 -189.47 -207.658 -226.384 -245.608 -265.24 -285.091 -304.782 -323.572 -340.35 -354.193 -365.554 -373.955 -381.803 -389.846 -397.308 -405.314 -412.191 -417.977 -422.322 -426.082 -429.252 -432.522 -437.083 -442.267 -446.045 -449.773 -451.66 -453.086 -453.398 -450.757 -441.936 -430.321 -417.475 -402.466 -384.768 -365.036 -344.025 -322.119 -300.391 -278.29 -255.958 -233.698 -211.689 -190.031 -168.776 -147.954 -127.582 -107.673 -88.2397 -69.3045 -50.9026 -33.1018 -16.0501 0 0 
0 0 -14.1558 -27.0372 -40.0044 -53.3674 -67.1918 -81.4889 -96.2611 -111.512 -127.248 -143.477 -160.203 -177.43 -195.147 -213.328 -231.917 -250.815 -269.87 -288.894 -307.67 -325.742 -342.484 -356.643 -369.046 -378.796 -388.543 -398.088 -406.642 -415.329 -422.199 -427.631 -432.856 -438.418 -443.202 -448.001 -453.396 -459.576 -465.738 -472.119 -477.018 -481.737 -484.935 -483.753 -474.516 -461.948 -448.09 -432.152 -412.994 -391.418 -368.264 -344.236 -320.272 -296.126 -271.958 -248.098 -224.708 -201.855 -179.558 -157.821 -136.642 -116.019 -95.9513 -76.4414 -57.477 -38.9665 -20.464 0 0 
0 -7.0884 -18.353 -30.7331 -43.7083 -57.1915 -71.1648 -85.6219 -100.561 -115.983 -131.892 -148.289 -165.174 -182.538 -200.359 -218.59 -237.14 -255.864 -274.531 -292.945 -311.263 -329.242 -346.346 -360.558 -373.408 -383.501 -393.631 -403.958 -413.494 -422.769 -430.873 -437.09 -443.585 -450.622 -456.777 -463.32 -469.608 -476.656 -484.764 -493.593 -502.404 -512.436 -521.562 -522.438 -510.358 -495.471 -480.558 -464.271 -443.772 -419.714 -393.516 -366.736 -340.346 -313.983 -287.652 -262.026 -237.191 -213.122 -189.781 -167.131 -145.147 -123.809 -103.105 -83.033 -63.5973 -44.8233 -26.8396 -10.41 0 
0 -10.0006 -21.4348 -33.8339 -46.904 -60.5257 -74.6541 -89.2728 -104.377 -119.968 -136.047 -152.614 -169.665 -187.189 -205.162 -223.532 -242.201 -261.007 -279.475 -297.267 -315.194 -332.791 -349.609 -364.204 -377.345 -387.952 -398.622 -409.767 -420.469 -430.692 -439.961 -447.233 -454.119 -461.634 -468.928 -477.135 -484.793 -492.844 -502.173 -512.64 -526.071 -544.067 -565.542 -571.911 -549.588 -529.091 -512.355 -496.862 -477.28 -450.184 -419.514 -389.12 -360.111 -331.374 -302.643 -275.163 -248.908 -223.663 -199.311 -175.775 -153.005 -130.964 -109.628 -88.9881 -69.0559 -49.8898 -31.6611 -14.8002 0 
0 -11.4791 -23.5518 -36.2637 -49.5481 -63.3532 -77.653 -92.4381 -107.708 -123.465 -139.713 -156.454 -173.683 -191.393 -209.566 -228.187 -247.255 -266.579 -284.987 -302.223 -319.63 -336.937 -353.456 -368.203 -381.496 -392.835 -404.172 -416.184 -427.882 -438.809 -448.518 -457.37 -464.535 -472.041 -480.06 -488.655 -497.665 -507.124 -517.739 -529.236 -545.833 -571.538 -607.778 -620.707 -586.657 -559.739 -543.758 -532.713 -517.466 -483.66 -446.142 -410.951 -378.122 -346.572 -315.951 -287.073 -259.614 -233.312 -208.024 -183.653 -160.134 -137.414 -115.456 -94.2353 -73.7482 -54.019 -35.1148 -17.1298 0 
0 -12.3641 -25.0294 -38.1211 -51.6716 -65.686 -80.1667 -95.1188 -110.55 -126.47 -142.887 -159.805 -177.223 -195.132 -213.524 -232.444 -251.986 -271.599 -289.636 -306.908 -324.203 -341.568 -357.991 -372.19 -385.52 -397.921 -410.076 -423.009 -435.431 -446.601 -456.419 -466.038 -473.967 -482.014 -490.726 -499.168 -508.351 -518.152 -529.036 -541 -557.106 -577.149 -600.965 -610.175 -593.229 -578.763 -570.495 -569.983 -564.388 -517.159 -470.546 -430.618 -393.93 -359.656 -327.47 -297.569 -269.162 -241.949 -215.818 -190.681 -166.463 -143.102 -120.545 -98.7492 -77.6827 -57.3232 -37.6494 -18.6042 0 
0 -12.9478 -26.0807 -39.5196 -53.3311 -67.5526 -82.209 -97.3203 -112.905 -128.979 -145.559 -162.655 -180.271 -198.387 -216.954 -235.892 -255.254 -274.854 -293.187 -311.421 -328.414 -345.298 -361.876 -376.73 -390.663 -403.726 -416.582 -430.453 -443.341 -454.263 -464.53 -474.462 -483.03 -491.711 -500.529 -508.939 -518.1 -527.933 -538.795 -550.691 -564.75 -578.53 -591.377 -596.559 -591.851 -586.21 -585.223 -594.07 -595.816 -541.334 -489.102 -446.294 -407.014 -370.869 -337.488 -306.732 -277.517 -249.504 -222.619 -196.789 -171.936 -147.987 -124.873 -102.534 -80.91 -59.9418 -39.5552 -19.6375 0 
0 -13.3464 -26.8261 -40.5455 -54.5805 -68.9843 -83.7964 -99.0487 -114.769 -130.983 -147.715 -164.988 -182.817 -201.192 -220.014 -238.977 -258.432 -278.502 -297.391 -316.014 -332.54 -349.207 -366.65 -383.012 -397.341 -410.464 -423.892 -438.455 -451.529 -462.201 -473.053 -483.427 -491.911 -500.706 -509.616 -518.472 -527.602 -537.341 -547.838 -558.402 -569.456 -579.366 -587.658 -591.671 -590.767 -588.075 -585.907 -584.748 -576.695 -538.183 -496.529 -455.775 -416.539 -380.153 -346.292 -314.747 -284.7 -255.931 -228.366 -201.92 -176.506 -152.036 -128.427 -105.603 -83.4817 -61.9789 -40.9923 -20.3904 0 
0 -13.6116 -27.3318 -41.256 -55.4611 -70.0076 -84.9436 -100.309 -116.139 -132.468 -149.329 -166.763 -184.819 -203.55 -222.857 -241.688 -260.608 -280.347 -299.713 -318.075 -335.481 -353.628 -372.422 -389.873 -403.642 -416.274 -429.828 -444.421 -457.674 -468.798 -480.229 -491.47 -500.587 -509.828 -519.032 -528.16 -537.306 -547.142 -556.952 -565.909 -574.579 -581.891 -588.148 -591.676 -591.543 -589.544 -586.065 -578.762 -562.542 -532.654 -496.841 -459.836 -423.038 -387.642 -353.659 -321.476 -290.621 -261.154 -232.992 -206.021 -180.131 -155.222 -131.198 -107.967 -85.4353 -63.4998 -42.0446 -20.932 0 
0 -13.7681 -27.6336 -41.6854 -56.0002 -70.6414 -85.6614 -101.105 -117.012 -133.42 -150.371 -167.918 -186.144 -205.238 -225.054 -243.878 -262.587 -282.067 -301.816 -320.193 -338.379 -357.424 -375.813 -392.981 -407.283 -420.7 -434.629 -448.91 -462.602 -474.75 -487.19 -499.717 -509.843 -519.66 -529.306 -538.816 -547.729 -556.554 -564.954 -572.792 -580.052 -585.758 -591.37 -594.642 -594.23 -592.938 -590.501 -581.732 -560.695 -530.852 -496.971 -462.306 -427.759 -393.457 -359.465 -326.781 -295.153 -265.072 -236.427 -209.039 -182.776 -157.523 -133.176 -109.634 -86.7924 -64.5405 -42.7542 -21.293 0 
0 -13.8273 -27.7489 -41.852 -56.213 -70.8963 -85.9557 -101.437 -117.382 -133.829 -150.818 -168.393 -186.603 -205.495 -225.012 -244.359 -263.836 -282.922 -302.694 -321.934 -340.108 -358.797 -376.711 -393.808 -409.385 -424.405 -439.565 -453.402 -467.051 -480.047 -493.65 -507.69 -519.467 -529.793 -540.19 -550.553 -558.994 -566.286 -572.793 -579.059 -584.907 -589.975 -595.333 -597.594 -597.469 -598.884 -602.018 -597.093 -567.441 -532.802 -497.328 -463.1 -429.515 -395.607 -362.38 -329.909 -297.986 -267.556 -238.604 -210.934 -184.411 -158.918 -134.349 -110.599 -87.5599 -65.1156 -43.1386 -21.4859 0 
0 -13.7923 -27.6827 -41.7607 -56.1035 -70.7749 -85.8278 -101.307 -117.251 -133.697 -150.679 -168.231 -186.379 -205.129 -224.429 -244.154 -264.071 -282.934 -302.652 -322.478 -340.733 -359.011 -376.965 -394.196 -410.856 -427.986 -444.723 -457.694 -470.978 -484.447 -498.467 -513.859 -528.697 -539.979 -551.21 -562.704 -571.409 -577.384 -581.851 -585.705 -588.957 -592.405 -596.291 -597.561 -599.06 -604.978 -618.635 -621.668 -578.695 -535.439 -496.935 -462.661 -430.176 -396.559 -363.177 -330.587 -298.93 -268.561 -239.499 -211.683 -185.014 -159.389 -134.703 -110.854 -87.7323 -65.2236 -43.1987 -21.5119 0 
0 -13.6593 -27.4287 -41.4047 -55.6654 -70.2721 -85.2737 -100.711 -116.618 -133.028 -149.971 -167.474 -185.554 -204.211 -223.403 -242.992 -262.817 -282.246 -301.98 -321.885 -341.186 -359.978 -378.105 -395.513 -412.837 -431.219 -448.143 -460.268 -473.384 -487.412 -502.169 -518.3 -534.869 -548.471 -562.304 -576.375 -587.228 -591.164 -592.507 -592.551 -591.778 -591.546 -592.155 -593.08 -595.598 -600.447 -611.836 -613.068 -572.079 -531.39 -494.403 -460.289 -428.16 -395.713 -362.8 -330.415 -298.684 -268.26 -239.148 -211.284 -184.574 -158.92 -134.222 -110.38 -87.2922 -64.8477 -42.9208 -21.3631 0 
0 -13.4162 -26.9682 -40.7641 -54.8813 -69.3745 -84.2843 -99.6439 -115.482 -131.827 -148.704 -166.138 -184.151 -202.759 -221.982 -241.863 -262.333 -282.168 -301.243 -320.675 -340.902 -360.922 -379.266 -396.513 -413.51 -431.8 -448.864 -461.315 -474.521 -488.931 -504.449 -521.177 -538.344 -554.964 -573.325 -593.301 -610.802 -607.856 -602.072 -596.566 -592.332 -589.31 -586.961 -586.398 -587.294 -586.31 -585.791 -578.461 -551.167 -520.659 -488.771 -456.15 -424.378 -392.367 -360.098 -328.821 -297.166 -266.646 -237.55 -209.73 -183.079 -157.496 -132.884 -109.152 -86.2086 -63.9541 -42.2735 -21.0197 0 
0 -13.0374 -26.2637 -39.8021 -53.7213 -68.0602 -82.8452 -98.0982 -113.84 -130.093 -146.88 -164.224 -182.152 -200.694 -219.901 -240.043 -261.303 -281.702 -300.284 -318.887 -339.001 -359.308 -377.196 -394.813 -413.034 -432.207 -449.784 -462.415 -475.687 -490.073 -505.738 -523.058 -540.937 -559.946 -583.045 -613.111 -644.327 -627.297 -609.778 -598.063 -590.375 -584.82 -580.203 -577.265 -575.121 -570 -562.93 -551.203 -531.392 -507.437 -480.215 -449.249 -417.852 -386.647 -355.327 -324.918 -293.838 -263.611 -234.674 -207.008 -180.516 -155.099 -130.666 -107.137 -84.4357 -62.4866 -41.1996 -20.4423 0 
0 -12.4699 -25.2469 -38.4594 -52.1415 -66.2997 -80.9379 -96.0634 -111.688 -127.826 -144.498 -161.726 -179.538 -197.963 -217.073 -237.151 -258.22 -278.882 -297.888 -316.186 -335.84 -355.069 -372.537 -391.094 -411.236 -431.95 -450.325 -463.157 -476.415 -490.28 -505.376 -522.308 -540.613 -561.182 -586.384 -621.196 -657.887 -634.361 -610.77 -595.727 -585.695 -578.196 -571.976 -566.496 -561.169 -554.297 -545.506 -533.01 -515.635 -494.143 -469.305 -440.387 -409.955 -380.128 -350.127 -320.356 -289.511 -259.284 -230.528 -203.111 -176.878 -151.718 -127.546 -104.294 -81.9105 -60.3571 -39.5958 -19.5499 0 
0 -11.5952 -23.7947 -36.647 -50.0856 -64.0594 -78.5433 -93.5298 -109.021 -125.026 -141.56 -158.643 -176.311 -194.618 -213.693 -233.868 -254.924 -275.78 -294.588 -312.356 -331.165 -348.944 -366.633 -385.655 -405.7 -426.084 -445.246 -460.565 -475.64 -489.686 -504.542 -520.957 -539.004 -558.987 -580.731 -603.981 -624.853 -614.298 -600.481 -588.294 -578.786 -570.408 -563.474 -556.301 -549.302 -541.894 -532.694 -520.557 -504.385 -483.661 -459.473 -431.338 -401.389 -372.398 -342.948 -313.364 -283.127 -253.388 -225.042 -198.03 -172.168 -147.35 -123.504 -100.581 -78.5554 -57.4355 -37.2765 -18.1616 0 
0 -10.116 -21.6898 -34.2482 -47.4946 -61.3088 -75.6463 -90.4912 -105.841 -121.698 -138.071 -154.976 -172.445 -190.558 -209.545 -230.028 -251.519 -272.3 -289.633 -306.64 -324.642 -342.558 -361.344 -380.431 -399.479 -418.596 -437.019 -453.955 -470.952 -486.405 -501.816 -518.427 -536.533 -555.463 -573.759 -589.667 -599.735 -596.513 -587.079 -577.861 -569.996 -561.915 -555.099 -546.972 -539.167 -531.974 -523.369 -512.764 -497.773 -476.209 -450.578 -421.746 -392.069 -363.774 -333.959 -303.826 -274.264 -245.707 -218.223 -191.799 -166.413 -142.01 -118.541 -95.9715 -74.2945 -53.5531 -33.9131 -15.8201 0 
0 -7.17912 -18.6004 -31.1615 -44.3356 -58.0351 -72.2417 -86.9483 -102.152 -117.853 -134.051 -150.746 -167.934 -185.623 -204.184 -224.619 -245.68 -265.83 -283.161 -300.469 -318.61 -337.578 -357.199 -375.777 -393.611 -411.906 -429.613 -446.616 -463.389 -479.562 -496.158 -514.259 -533.546 -552.647 -569.394 -580.734 -585.256 -582.337 -574.247 -566.102 -558.729 -551.119 -544.502 -536.903 -529.893 -523.955 -517.389 -510.233 -497.953 -472.681 -443.095 -412.738 -383.445 -355.683 -324.988 -294.253 -265.026 -237.157 -210.344 -184.53 -159.675 -135.736 -112.677 -90.4695 -69.0981 -48.5693 -29.0027 -11.2057 0 
0 0 -14.3713 -27.4616 -40.6512 -54.2544 -68.3369 -82.9081 -97.967 -113.511 -129.535 -146.022 -162.922 -180.187 -198.216 -217.99 -238.073 -257.763 -276.348 -294.657 -313.287 -332.571 -352.501 -370.957 -387.767 -405.392 -422.631 -439.442 -455.651 -472.15 -489.818 -509.559 -530.834 -552.205 -570.698 -579.314 -577.711 -571.146 -562.752 -554.757 -547.226 -538.858 -530.935 -523.506 -517.538 -513.951 -512.298 -514.032 -511.956 -474.565 -436.708 -402.836 -372.253 -343.304 -312.629 -282.917 -254.647 -227.554 -201.465 -176.302 -152.02 -128.582 -105.961 -84.1318 -63.059 -42.6234 -22.3226 0 0 
0 0 -11.4232 -23.6625 -36.5531 -49.9945 -63.9434 -78.3802 -93.2965 -108.689 -124.556 -140.885 -157.647 -174.817 -192.791 -212.188 -231.675 -251.273 -270.472 -289.343 -308.178 -327.346 -347.796 -366.448 -381.766 -397.979 -414.571 -431.274 -447.639 -464.695 -483.147 -504.307 -528.244 -554.786 -581.963 -588.651 -576.363 -563.442 -552.639 -542.865 -534.163 -525.43 -516.99 -509.407 -503.343 -501.265 -504.298 -518.958 -529.864 -477.697 -427.76 -389.905 -357.87 -327.799 -298.121 -270.114 -243.093 -216.949 -191.66 -167.195 -143.521 -120.612 -98.453 -77.0378 -56.3825 -36.5428 -17.6642 0 0 
0 0 -7.65888 -19.2123 -31.904 -45.2273 -59.0621 -73.3727 -88.1495 -103.394 -119.113 -135.317 -152.029 -169.343 -187.633 -206.588 -225.493 -245.398 -265.124 -284.285 -303.545 -322.598 -342.741 -360.24 -374.317 -389.889 -405.814 -421.695 -438.509 -456.449 -475.686 -497.545 -523.518 -557.264 -597.13 -601.976 -575.094 -553.575 -539.712 -528.728 -519.621 -511.043 -501.974 -493.495 -485.981 -482.323 -480.364 -481.399 -479.726 -444.109 -406.155 -372.067 -341.945 -311.954 -283.212 -256.518 -230.664 -205.486 -181.032 -157.295 -134.255 -111.894 -90.2009 -69.1837 -48.8907 -29.5011 -11.7913 0 0 
0 0 0 -13.6239 -26.6232 -39.9484 -53.7051 -67.8989 -82.5346 -97.6244 -113.186 -129.241 -145.808 -163.047 -181.393 -199.995 -218.849 -239.544 -260.192 -279.533 -299.009 -316.66 -334.331 -350.756 -365.09 -380.587 -395.928 -411.346 -428.527 -447.082 -466.739 -487.203 -510.094 -535.84 -562.673 -566.88 -550.258 -534.616 -522.623 -512.772 -504.507 -495.681 -484.446 -474.238 -464.903 -457.788 -450.982 -443.602 -431.955 -408.883 -380.491 -352.014 -324.85 -295.984 -268.364 -242.519 -217.56 -193.3 -169.688 -146.698 -124.311 -102.507 -81.2731 -60.6053 -40.4954 -20.7795 0 0 0 
0 0 0 -8.66013 -21.0166 -34.238 -47.9109 -61.9833 -76.4655 -91.3828 -106.766 -122.651 -139.083 -156.143 -174.071 -192.448 -211.413 -232.029 -252.861 -271.984 -291.044 -308.694 -324.762 -339.823 -354.676 -370.558 -385.536 -400.958 -418.258 -436.843 -456.189 -474.222 -492.129 -509.846 -524.768 -528.831 -522.15 -512.323 -503.436 -495.087 -487.457 -477.518 -465.205 -454.069 -442.997 -432.764 -422.752 -411.384 -396.128 -375.93 -352.605 -327.978 -303.351 -277.52 -252.177 -227.633 -203.756 -180.465 -157.72 -135.5 -113.783 -92.5498 -71.7793 -51.4692 -31.7061 -13.1214 0 0 0 
0 0 0 0 -14.5451 -28.0762 -41.7172 -55.6578 -69.9613 -84.6752 -99.8446 -115.516 -131.743 -148.594 -166.153 -184.364 -203.494 -224.128 -244.464 -263.121 -281.228 -298.867 -314.275 -328.601 -343.598 -359.217 -374.557 -390.945 -408.486 -425.56 -443.138 -460.014 -474.723 -487.01 -496.256 -499.839 -497.196 -490.246 -483.579 -476.615 -469.284 -458.123 -445.604 -433.886 -421.631 -409.706 -397.473 -383.756 -366.514 -347.106 -326.568 -304.432 -281.837 -258.579 -235.192 -212.079 -189.368 -167.083 -145.229 -123.797 -102.773 -82.1295 -61.8251 -41.7859 -21.7386 0 0 0 0 
0 0 0 0 -9.08739 -21.8045 -35.2241 -48.9694 -63.0466 -77.5121 -92.4208 -107.825 -123.78 -140.348 -157.587 -175.604 -195.091 -216.316 -235.333 -252.257 -268.971 -286.384 -301.976 -316.738 -332.126 -347.136 -362.951 -380.46 -398.557 -414.25 -429.646 -445.312 -458.402 -467.825 -474.324 -477.139 -475.593 -469.186 -462.254 -455.339 -447.421 -437.306 -425.824 -413.221 -400.197 -387.391 -373.228 -358.208 -341.038 -322.958 -303.831 -282.981 -261.603 -239.837 -217.931 -196.125 -174.552 -153.272 -132.314 -111.687 -91.3823 -71.3699 -51.6058 -32.1106 -13.4623 0 0 0 0 
0 0 0 0 0 -14.8304 -28.4052 -41.9491 -55.7437 -69.9057 -84.5018 -99.5827 -115.203 -131.433 -148.364 -166.222 -185.848 -207.375 -225.332 -240.55 -255.41 -271.92 -287.999 -303.816 -319.923 -334.405 -349.843 -367.122 -385.331 -401.39 -415.997 -430.718 -442.672 -451.243 -456.545 -458.086 -455.63 -449.16 -441.736 -434.282 -425.412 -415.873 -404.85 -391.019 -377.48 -364.337 -349.17 -333.605 -317.507 -301.133 -282.572 -262.329 -241.838 -221.237 -200.569 -179.94 -159.443 -139.139 -119.069 -99.255 -79.6991 -60.3618 -41.1177 -21.5886 0 0 0 0 0 
0 0 0 0 0 -9.11187 -21.6171 -34.6782 -48.0732 -61.8654 -76.0979 -90.8011 -106.017 -121.815 -138.305 -155.7 -174.54 -194.524 -211.034 -225.934 -240.996 -257.287 -273.412 -288.969 -304.903 -320.036 -335.438 -351.921 -369.314 -385.498 -401.426 -417.556 -429.421 -438.199 -443.484 -443.547 -438.689 -430.231 -420.935 -411.608 -401.756 -391.821 -381.088 -367.118 -353.152 -339.434 -324.594 -309.422 -294.264 -278.927 -260.939 -241.606 -222.184 -202.706 -183.166 -163.623 -144.14 -124.772 -105.567 -86.5648 -67.7971 -49.2605 -30.9148 -13.1258 0 0 0 0 0 
0 0 0 0 0 0 -14.2732 -27.0733 -40.0056 -53.3848 -67.2233 -81.5062 -96.2504 -111.505 -127.343 -143.86 -161.136 -178.843 -194.803 -210.069 -225.426 -241.354 -257.414 -273.182 -289.476 -305.355 -321.004 -337.1 -353.867 -369.521 -385.774 -402.63 -416.521 -428.554 -436.44 -433.208 -423.767 -411.888 -400.277 -389.034 -377.944 -366.845 -355.409 -342.12 -328.543 -314.76 -300.399 -285.593 -270.69 -255.418 -238.538 -220.736 -202.584 -184.236 -165.768 -147.245 -128.721 -110.244 -91.8623 -73.64 -55.6642 -37.9684 -20.1551 0 0 0 0 0 0 
0 0 0 0 0 0 -8.40235 -19.3362 -31.4909 -44.445 -57.9043 -71.75 -85.9733 -100.611 -115.703 -131.265 -147.229 -163.308 -178.827 -194.038 -209.288 -224.815 -240.426 -256.247 -273.063 -289.503 -305.593 -320.732 -336.686 -352.467 -368.978 -386.403 -404.155 -423.412 -440.334 -426.61 -409.388 -393.526 -379.375 -366.391 -354.12 -342.154 -330.073 -317.29 -304.139 -290.665 -276.775 -262.471 -247.872 -232.773 -216.83 -200.214 -183.182 -165.887 -148.426 -130.867 -113.255 -95.6209 -77.9981 -60.4687 -43.2512 -26.7937 -11.7372 0 0 0 0 0 0 
0 0 0 0 0 0 0 -10.3783 -22.177 -34.9998 -48.199 -61.6163 -75.282 -89.2615 -103.594 -118.268 -133.207 -148.237 -163.139 -177.966 -192.896 -207.952 -222.641 -237.655 -254.619 -272.293 -289.158 -303.501 -318.843 -334.633 -351.224 -369.542 -390.87 -420.873 -452.277 -424.369 -395.593 -374.585 -357.527 -343.036 -329.99 -317.589 -305.321 -292.827 -280.059 -266.987 -253.564 -239.771 -225.605 -210.98 -195.796 -180.109 -164.041 -147.704 -131.183 -114.541 -97.8103 -80.9868 -64.0405 -46.9855 -30.0782 -14.218 0 0 0 0 0 0 0 
0 0 0 0 0 0 0 0 -11.8388 -25.1784 -38.2754 -51.234 -64.2769 -77.5598 -91.1416 -105.008 -119.092 -133.295 -147.527 -161.792 -176.15 -190.632 -205.014 -219.834 -236.537 -253.819 -270.383 -285.044 -299.665 -314.298 -329.398 -346.819 -366.422 -391.683 -418.031 -396.069 -371.239 -349.96 -332.708 -318.235 -305.216 -292.892 -280.796 -268.637 -256.282 -243.661 -230.724 -217.444 -203.797 -189.747 -175.266 -160.383 -145.17 -129.704 -114.062 -98.3043 -82.4585 -66.4755 -50.1916 -33.3546 -15.8582 0 0 0 0 0 0 0 0 
0 0 0 0 0 0 0 0 0 -15.5996 -28.4903 -40.7676 -53.032 -65.559 -78.4054 -91.5287 -104.858 -118.325 -131.881 -145.524 -159.284 -173.203 -187.346 -202.107 -218.026 -233.423 -249.377 -264.479 -277.541 -290.484 -303.721 -318.317 -332.93 -347.785 -359.503 -349.824 -335.591 -319.632 -305.084 -291.98 -279.747 -267.966 -256.333 -244.643 -232.773 -220.649 -208.228 -195.482 -182.393 -168.946 -155.137 -140.99 -126.55 -111.88 -97.0549 -82.1561 -67.2438 -52.265 -36.896 -20.3831 0 0 0 0 0 0 0 0 0 
0 0 0 0 0 0 0 0 0 -8.72956 -19.3187 -30.3139 -41.5244 -53.2388 -65.3922 -77.8436 -90.4874 -103.265 -116.148 -129.139 -142.259 -155.552 -169.109 -183.148 -197.695 -211.385 -225.824 -239.576 -251.688 -263.953 -276.08 -287.952 -298.12 -307.008 -311.263 -306.604 -297.965 -287.238 -276.042 -264.855 -253.827 -242.891 -231.928 -220.829 -209.516 -197.935 -186.057 -173.864 -161.347 -148.506 -135.346 -121.888 -108.161 -94.213 -80.1216 -66.0213 -52.0958 -38.4446 -24.7442 -11.2818 0 0 0 0 0 0 0 0 0 
0 0 0 0 0 0 0 0 0 0 -9.7409 -19.6449 -29.513 -40.4798 -52.081 -63.9662 -75.9831 -88.098 -100.309 -112.625 -125.061 -137.638 -150.389 -163.35 -176.452 -189.089 -201.871 -214.046 -225.457 -237.002 -248.202 -258.032 -265.24 -271.28 -272.927 -269.596 -263.66 -255.92 -247.033 -237.572 -227.814 -217.844 -207.66 -197.231 -186.525 -175.519 -164.201 -152.569 -140.626 -128.384 -115.855 -103.054 -89.9923 -76.6892 -63.1973 -49.7117 -36.6733 -24.6735 -12.3544 0 0 0 0 0 0 0 0 0 0 
0 0 0 0 0 0 0 0 0 0 0 -9.01192 -16.4028 -27.0862 -38.4859 -49.9571 -61.3808 -72.8355 -84.3637 -95.9913 -107.722 -119.549 -131.458 -143.412 -155.309 -166.944 -178.338 -189.232 -199.522 -209.461 -218.642 -226.336 -232.197 -236.94 -238.134 -236.025 -231.767 -225.791 -218.596 -210.585 -202.013 -193.01 -183.636 -173.909 -163.834 -153.416 -142.66 -131.583 -120.205 -108.549 -96.6363 -84.4802 -72.0654 -59.3543 -46.2666 -32.9549 -20.2124 -11.2215 0 0 0 0 0 0 0 0 0 0 0 
0 0 0 0 0 0 0 0 0 0 0 0 0 -12.9764 -24.8193 -35.9956 -46.7476 -57.4994 -68.3193 -79.255 -90.2851 -101.378 -112.483 -123.532 -134.427 -145.046 -155.306 -165.067 -174.224 -182.74 -190.36 -196.677 -201.576 -205.028 -206.052 -204.762 -201.589 -196.881 -190.976 -184.161 -176.641 -168.549 -159.965 -150.934 -141.488 -131.648 -121.441 -110.899 -100.061 -88.9696 -77.6614 -66.1652 -54.4347 -42.396 -29.56 -15.6287 0 0 0 0 0 0 0 0 0 0 0 0 0 
0 0 0 0 0 0 0 0 0 0 0 0 0 0 -11.8194 -22.4583 -32.1145 -42.0953 -52.1591 -62.4241 -72.7858 -83.1953 -93.5646 -103.806 -113.821 -123.507 -132.773 -141.507 -149.602 -156.954 -163.394 -168.706 -172.748 -175.369 -176.248 -175.381 -172.948 -169.169 -164.267 -158.44 -151.841 -144.581 -136.739 -128.375 -119.534 -110.249 -100.557 -90.5113 -80.1693 -69.6079 -58.8744 -48.0845 -37.1124 -26.2349 -13.9487 0 0 0 0 0 0 0 0 0 0 0 0 0 0 
0 0 0 0 0 0 0 0 0 0 0 0 0 0 0 -9.90374 -17.1566 -26.6084 -35.7977 -45.4966 -55.2387 -65.0526 -74.7735 -84.3076 -93.5421 -102.39 -110.772 -118.585 -125.721 -132.083 -137.555 -142.013 -145.348 -147.449 -148.193 -147.565 -145.651 -142.579 -138.484 -133.491 -127.702 -121.194 -114.036 -106.294 -98.0238 -89.2551 -80.0284 -70.4195 -60.4972 -50.4181 -40.1439 -30.1861 -19.6953 -11.4825 0 0 0 0 0 0 0 0 0 0 0 0 0 0 0 
0 0 0 0 0 0 0 0 0 0 0 0 0 0 0 0 0 -11.3838 -18.9268 -28.5257 -37.6199 -47.0029 -56.1692 -65.1087 -73.6502 -81.7374 -89.3413 -96.3383 -102.617 -108.1 -112.729 -116.443 -119.183 -120.888 -121.507 -121.036 -119.514 -117.011 -113.598 -109.339 -104.281 -98.4577 -91.9182 -84.7411 -77.0122 -68.7196 -59.8815 -50.6412 -40.9818 -31.4235 -21.0971 -12.8208 0 0 0 0 0 0 0 0 0 0 0 0 0 0 0 0 0 
0 0 0 0 0 0 0 0 0 0 0 0 0 0 0 0 0 0 0 -12.0595 -19.7123 -29.1699 -37.7918 -46.3077 -54.2125 -61.5685 -68.5171 -74.8108 -80.3061 -84.9729 -88.8188 -91.8479 -94.0516 -95.4122 -95.9135 -95.5559 -94.3591 -92.3518 -89.5589 -85.9878 -81.6232 -76.4378 -70.4376 -63.7397 -56.5643 -48.7296 -40.1369 -31.2819 -21.3652 -13.1972 0 0 0 0 0 0 0 0 0 0 0 0 0 0 0 0 0 0 0 
0 0 0 0 0 0 0 0 0 0 0 0 0 0 0 0 0 0 0 0 0 -12.1726 -19.5205 -28.1176 -35.3236 -41.8068 -48.3478 -54.0818 -58.8242 -62.6664 -65.725 -68.0779 -69.7635 -70.7957 -71.1784 -70.9155 -70.0142 -68.4786 -66.2977 -63.4298 -59.7865 -55.2329 -49.6547 -43.2158 -36.7757 -29.4977 -20.6547 -12.9841 0 0 0 0 0 0 0 0 0 0 0 0 0 0 0 0 0 0 0 0 0 
0 0 0 0 0 0 0 0 0 0 0 0 0 0 0 0 0 0 0 0 0 0 0 -11.3188 -17.1575 -21.9875 -28.9856 -34.3442 -38.2427 -41.1433 -43.3372 -44.9751 -46.1286 -46.8289 -47.0888 -46.9136 -46.3038 -45.2506 -43.7236 -41.6472 -38.8603 -35.0524 -29.7324 -22.6933 -17.8249 -11.8306 0 0 0 0 0 0 0 0 0 0 0 0 0 0 0 0 0 0 0 0 0 0 0 
0 0 0 0 0 0 0 0 0 0 0 0 0 0 0 0 0 0 0 0 0 0 0 0 0 0 -11.263 -16.0666 -18.659 -20.3269 -21.5052 -22.3568 -22.947 -23.3026 -23.4344 -23.3461 -23.0366 -22.4965 -21.6988 -20.5752 -18.9549 -16.3841 -11.5291 0 0 0 0 0 0 0 0 0 0 0 0 0 0 0 0 0 0 0 0 0 0 0 0 0 0 
0 0 0 0 0 0 0 0 0 0 0 0 0 0 0 0 0 0 0 0 0 0 0 0 0 0 0 0 0 0 0 0 0 0 0 0 0 0 0 0 0 0 0 0 0 0 0 0 0 0 0 0 0 0 0 0 0 0 0 0 0 0 0 0 0 0 0 0 0 
