0 0 0 0 0 0 0 0 0 0 0 0 0 0 0 0 0 0 0 0 0 0 0 0 0 0 0 0 0 0 0 0 0 0 0 0 0 0 0 0 0 0 0 0 0 0 0 0 0 0 0 0 0 0 0 0 0 0 0 0 0 0 0 0 0 0 0 0 0 
0 0 0 0 0 0 0 0 0 0 0 0 0 0 0 0 0 0 0 0 0 0 0 0 0 0 -5.74405 -8.10447 -9.29379 -9.98828 -10.4232 -10.6932 -10.8419 -10.8924 -10.8575 -10.7437 -10.5523 -10.2781 -9.90545 -9.39837 -8.67294 -7.51429 -5.30111 0 0 0 0 0 0 0 0 0 0 0 0 0 0 0 0 0 0 0 0 0 0 0 0 0 0 
0 0 0 0 0 0 0 0 0 0 0 0 0 0 0 0 0 0 0 0 0 0 0 -6.03446 -9.05046 -11.4456 -14.8718 -17.3802 -19.0824 -20.236 -21.0114 -21.5075 -21.782 -21.8702 -21.7938 -21.565 -21.1875 -20.6546 -19.9453 -19.0151 -17.7791 -16.0831 -13.6902 -10.4943 -8.2801 -5.51765 0 0 0 0 0 0 0 0 0 0 0 0 0 0 0 0 0 0 0 0 0 0 0 
0 0 0 0 0 0 0 0 0 0 0 0 0 0 0 0 0 0 0 0 0 -6.67523 -10.6005 -15.0875 -18.7217 -21.8602 -24.9173 -27.462 -29.4196 -30.862 -31.879 -32.5433 -32.9084 -33.0125 -32.8824 -32.5352 -31.9781 -31.2075 -30.2059 -28.9378 -27.345 -25.349 -22.8821 -20.0069 -17.1084 -13.7905 -9.70711 -6.13093 0 0 0 0 0 0 0 0 0 0 0 0 0 0 0 0 0 0 0 0 0 
0 0 0 0 0 0 0 0 0 0 0 0 0 0 0 0 0 0 0 -6.77713 -10.9904 -16.1005 -20.6391 -24.9934 -28.8887 -32.3562 -35.4751 -38.1312 -40.2721 -41.9134 -43.0992 -43.8785 -44.2958 -44.3891 -44.1882 -43.7151 -42.9822 -41.9915 -40.7331 -39.185 -37.3143 -35.0857 -32.4824 -29.5429 -26.3563 -22.8287 -18.907 -14.8166 -10.1776 -6.31804 0 0 0 0 0 0 0 0 0 0 0 0 0 0 0 0 0 0 0 
0 0 0 0 0 0 0 0 0 0 0 0 0 0 0 0 0 -6.51741 -10.7746 -16.118 -21.0841 -26.097 -30.862 -35.3584 -39.4834 -43.2008 -46.4958 -49.3153 -51.6241 -53.4203 -54.726 -55.5755 -56.0074 -56.0596 -55.7662 -55.1548 -54.2442 -53.0431 -51.55 -49.7547 -47.6416 -45.197 -42.4189 -39.326 -35.945 -32.261 -28.2756 -24.0509 -19.5759 -15.0945 -10.1926 -6.22449 0 0 0 0 0 0 0 0 0 0 0 0 0 0 0 0 0 
0 0 0 0 0 0 0 0 0 0 0 0 0 0 0 -5.74321 -9.91186 -15.295 -20.4629 -25.8359 -31.1312 -36.3415 -41.3536 -46.0947 -50.4859 -54.4676 -57.9919 -61.0103 -63.4888 -65.4177 -66.8089 -67.6903 -68.0987 -68.0758 -67.6623 -66.8937 -65.7967 -64.3868 -62.6692 -60.6421 -58.3005 -55.6418 -52.6701 -49.3971 -45.8369 -41.9946 -37.8836 -33.5355 -28.9805 -24.2917 -19.4512 -14.7054 -9.64706 -5.64979 0 0 0 0 0 0 0 0 0 0 0 0 0 0 0 
0 0 0 0 0 0 0 0 0 0 0 0 0 0 -6.89609 -13.0611 -18.6091 -24.2879 -29.946 -35.6318 -41.263 -46.7842 -52.1162 -57.1809 -61.8979 -66.1918 -69.9941 -73.245 -75.9032 -77.9526 -79.4017 -80.2779 -80.6214 -80.4825 -79.9133 -78.9611 -77.6621 -76.038 -74.098 -71.8439 -69.2764 -66.3998 -63.2225 -59.7557 -56.0106 -51.9971 -47.7287 -43.2271 -38.5189 -33.6405 -28.615 -23.499 -18.233 -12.9521 -6.91825 0 0 0 0 0 0 0 0 0 0 0 0 0 0 
0 0 0 0 0 0 0 0 0 0 0 0 0 -7.61781 -14.5234 -20.9958 -27.1755 -33.3016 -39.4013 -45.4822 -51.5049 -57.4162 -63.1461 -68.6147 -73.733 -78.4078 -82.5476 -86.0724 -88.9263 -91.0878 -92.5675 -93.3981 -93.6266 -93.3194 -92.5474 -91.3751 -89.8526 -88.0052 -85.8409 -83.3592 -80.5615 -77.4584 -74.0643 -70.3924 -66.4529 -62.2543 -57.8069 -53.1251 -48.2277 -43.1363 -37.8694 -32.4425 -26.8339 -21.0073 -14.7209 -7.82259 0 0 0 0 0 0 0 0 0 0 0 0 0 
0 0 0 0 0 0 0 0 0 0 0 -5.34345 -9.69401 -15.9479 -22.5838 -29.2233 -35.7957 -42.3418 -48.8754 -55.391 -61.8584 -68.2293 -74.4375 -80.3988 -86.0115 -91.1586 -95.7162 -99.5706 -102.642 -104.905 -106.382 -107.12 -107.167 -106.621 -105.582 -104.139 -102.368 -100.289 -97.9011 -95.1905 -92.152 -88.8079 -85.184 -81.2968 -77.1544 -72.7605 -68.1195 -63.2389 -58.1303 -52.8076 -47.2839 -41.5676 -35.653 -29.5221 -23.1355 -16.5694 -10.2224 -5.70294 0 0 0 0 0 0 0 0 0 0 0 
0 0 0 0 0 0 0 0 0 0 -5.81121 -11.6797 -17.4849 -23.8958 -30.6408 -37.5179 -44.442 -51.3944 -58.3675 -65.3478 -72.3082 -79.2053 -85.9757 -92.5316 -98.7556 -104.499 -109.588 -113.852 -117.166 -119.507 -120.937 -121.534 -121.301 -120.417 -119.02 -117.232 -115.19 -112.884 -110.284 -107.35 -104.048 -100.437 -96.5669 -92.4565 -88.1072 -83.5137 -78.6716 -73.5808 -68.247 -62.6799 -56.891 -50.8911 -44.6884 -38.2925 -31.7297 -25.0973 -18.6171 -12.5894 -6.33359 0 0 0 0 0 0 0 0 0 0 
0 0 0 0 0 0 0 0 0 -5.24465 -11.5652 -18.0793 -24.6701 -31.5096 -38.5657 -45.7656 -53.0601 -60.4265 -67.8523 -75.3243 -82.8213 -90.308 -97.7285 -104.996 -111.98 -118.493 -124.286 -129.081 -132.664 -135.022 -136.324 -136.776 -136.087 -134.724 -132.847 -130.581 -128.276 -125.772 -123 -119.877 -116.254 -112.326 -108.19 -103.855 -99.3043 -94.5156 -89.4722 -84.1658 -78.5971 -72.774 -66.709 -60.4175 -53.9169 -47.2299 -40.3934 -33.4729 -26.5596 -19.7038 -12.745 -5.83752 0 0 0 0 0 0 0 0 0 
0 0 0 0 0 0 0 0 0 -9.41346 -17.1255 -24.4023 -31.6065 -38.9068 -46.3467 -53.9186 -61.6063 -69.3991 -77.2909 -85.276 -93.3446 -101.477 -109.634 -117.744 -125.676 -133.207 -139.982 -145.523 -149.386 -151.591 -152.562 -152.74 -151.481 -149.582 -147.08 -144.15 -141.564 -138.927 -136.066 -132.905 -128.764 -124.422 -120.012 -115.47 -110.739 -105.772 -100.536 -95.013 -89.2016 -83.1099 -76.7535 -70.153 -63.3317 -56.317 -49.1411 -41.8413 -34.4444 -26.9212 -19.1051 -10.6051 0 0 0 0 0 0 0 0 0 
0 0 0 0 0 0 0 0 -7.22555 -15.2837 -23.1209 -30.7978 -38.447 -46.1644 -53.9958 -61.9558 -70.0474 -78.2728 -86.6361 -95.1442 -103.804 -112.621 -121.587 -130.67 -139.774 -148.677 -156.913 -163.643 -167.815 -169.407 -169.193 -168.296 -166.66 -164.65 -161.822 -158.3 -155.209 -152.309 -149.393 -146.311 -141.475 -136.585 -131.967 -127.272 -122.411 -117.299 -111.886 -106.149 -100.086 -93.7104 -87.0422 -80.1091 -72.9402 -65.5651 -58.0126 -50.3067 -42.4557 -34.4316 -26.149 -17.4777 -8.36298 0 0 0 0 0 0 0 0 
0 0 0 0 0 0 0 -6.40845 -13.6185 -21.3749 -29.2768 -37.221 -45.2192 -53.3081 -61.5163 -69.8613 -78.355 -87.0085 -95.8367 -104.86 -114.108 -123.615 -133.424 -143.574 -154.073 -164.813 -175.349 -184.369 -189.18 -189.188 -186.504 -183.608 -180.752 -178.275 -175.844 -172.668 -169.327 -165.807 -162.235 -158.692 -153.639 -148.638 -144.013 -139.241 -134.332 -129.126 -123.559 -117.611 -111.285 -104.603 -97.596 -90.301 -82.7547 -74.9906 -67.0376 -58.9173 -50.6401 -42.2003 -33.5818 -24.7938 -15.9742 -7.59993 0 0 0 0 0 0 0 
0 0 0 0 0 0 -5.24677 -12.0153 -19.4651 -27.3205 -35.3904 -43.5901 -51.901 -60.3323 -68.8998 -77.6184 -86.5027 -95.5695 -104.842 -114.353 -124.151 -134.306 -144.92 -156.131 -168.132 -181.151 -195.302 -209.459 -215.76 -211.578 -204.576 -199.017 -194.68 -191.48 -189.012 -186.394 -183.529 -179.574 -175.244 -170.84 -165.759 -161.01 -156.421 -151.433 -146.552 -141.314 -135.614 -129.449 -122.84 -115.82 -108.438 -100.744 -92.787 -84.6051 -76.2298 -67.6849 -58.987 -50.1478 -41.184 -32.1413 -23.1401 -14.4255 -6.35632 0 0 0 0 0 0 
0 0 0 0 0 0 -8.97182 -16.9411 -24.9058 -33.0518 -41.3743 -49.8479 -58.4622 -67.2204 -76.1321 -85.2097 -94.4677 -103.925 -113.608 -123.558 -133.837 -144.541 -155.817 -167.897 -181.171 -196.407 -215.481 -238.463 -246.574 -234.408 -222.377 -214.198 -208.591 -204.919 -202.443 -200.122 -197.724 -193.704 -188.984 -183.958 -178.587 -173.74 -169.113 -164.008 -159.199 -153.964 -148.132 -141.733 -134.806 -127.4 -119.59 -111.452 -103.044 -94.413 -85.5917 -76.6055 -67.475 -58.2201 -48.8651 -39.4475 -30.0194 -20.6057 -10.9998 0 0 0 0 0 0 
0 0 0 0 0 -5.80426 -13.6994 -21.8714 -30.1652 -38.6067 -47.207 -55.9648 -64.8795 -73.955 -83.1986 -92.6204 -102.233 -112.055 -122.109 -132.435 -143.097 -154.202 -165.911 -178.47 -192.297 -208.326 -229.393 -255.864 -264.114 -248.09 -234.599 -226.415 -221.245 -218.178 -216.284 -213.769 -211.084 -207.62 -203.084 -197.846 -192.174 -186.654 -181.734 -177.074 -172.477 -167.211 -161.218 -154.545 -147.251 -139.382 -131.073 -122.427 -113.524 -104.411 -95.1186 -85.6703 -76.0875 -66.3923 -56.6087 -46.7642 -36.8843 -26.978 -17.0371 -7.28184 0 0 0 0 0 
0 0 0 0 0 -9.51776 -18.1501 -26.6798 -35.2771 -44.0029 -52.8822 -61.9249 -71.1363 -80.5215 -90.0868 -99.8401 -109.791 -119.951 -130.337 -140.974 -151.915 -163.26 -175.155 -187.775 -201.3 -215.938 -232.273 -249.027 -255.045 -247.969 -240.817 -235.645 -232.679 -230.868 -228.793 -226.356 -224.56 -222.287 -218.091 -212.414 -206.556 -200.613 -195.468 -191.162 -186.573 -181.185 -174.984 -167.978 -160.271 -151.806 -142.89 -133.661 -124.215 -114.589 -104.801 -94.8694 -84.8126 -74.6528 -64.4134 -54.1163 -43.7757 -33.3847 -22.8889 -12.0902 0 0 0 0 0 
0 0 0 0 -5.91294 -14.1166 -22.7035 -31.4205 -40.2603 -49.2455 -58.394 -67.7163 -77.2192 -86.9079 -96.787 -106.862 -117.139 -127.623 -138.315 -149.211 -160.327 -171.767 -183.676 -196.173 -209.25 -222.392 -235.616 -245.89 -250.459 -249.038 -246.394 -244.227 -243.764 -243.412 -241.513 -239.516 -238.572 -237.397 -234.296 -227.805 -221.478 -215.548 -210.705 -206.474 -201.559 -195.971 -189.555 -182.113 -174.049 -164.681 -155.02 -145.113 -135.085 -124.927 -114.628 -104.194 -93.6407 -82.9929 -72.2757 -61.512 -50.7174 -39.8962 -29.0437 -18.1901 -7.68111 0 0 0 0 
0 0 0 0 -9.53522 -18.3321 -27.127 -36.0383 -45.0981 -54.325 -63.7317 -73.327 -83.1165 -93.1038 -103.291 -113.682 -124.28 -135.086 -146.088 -157.228 -168.417 -179.808 -191.609 -203.989 -216.695 -228.344 -239.445 -246.972 -251.949 -253.428 -253.642 -253.681 -254.072 -254.54 -254.067 -253.19 -252.998 -252.602 -250.072 -243.191 -236.33 -230.384 -226.271 -222.384 -217.262 -211.582 -204.743 -196.603 -188.044 -177.747 -167.296 -156.686 -146.085 -135.406 -124.591 -113.636 -102.563 -91.4023 -80.1846 -68.9386 -57.6858 -46.439 -35.1995 -23.9455 -12.5343 0 0 0 0 
0 0 0 -5.75213 -13.8959 -22.5497 -31.4339 -40.5075 -49.769 -59.2246 -68.881 -78.7436 -88.816 -99.0992 -109.593 -120.296 -131.212 -142.354 -153.723 -165.227 -176.534 -187.69 -199.109 -211.035 -222.937 -233.39 -243.204 -249.551 -254.808 -258.734 -261.687 -263.907 -264.985 -266.502 -267.456 -267.207 -267.166 -266.602 -263.304 -257.539 -251.118 -245.041 -241.076 -237.475 -232.68 -227.114 -218.844 -208.998 -199.313 -189.241 -178.965 -168.151 -157.162 -146.022 -134.693 -123.197 -111.574 -99.8684 -88.1219 -76.3718 -64.6482 -52.9746 -41.3699 -29.858 -18.5106 -7.71576 0 0 0 
0 0 0 -9.11265 -17.7465 -26.537 -35.5515 -44.7888 -54.2459 -63.9233 -73.8239 -83.9506 -94.3047 -104.884 -115.684 -126.696 -137.919 -149.394 -161.255 -173.55 -185.456 -196.322 -206.923 -217.862 -228.701 -238.533 -247.748 -253.695 -259.218 -264.769 -268.937 -271.984 -274.185 -276.51 -278.604 -279.104 -279.104 -278.856 -275.595 -271.268 -265.529 -259.295 -254.859 -250.8 -245.597 -239.866 -231.076 -220.958 -210.861 -200.564 -190.165 -179.529 -168.392 -156.826 -144.963 -132.886 -120.668 -108.375 -96.0627 -83.7784 -71.5607 -59.4412 -47.4474 -35.6058 -23.9345 -12.3524 0 0 0 
0 0 -5.18262 -12.952 -21.4403 -30.3002 -39.4464 -48.8505 -58.5023 -68.3988 -78.5408 -88.9301 -99.5676 -110.45 -121.564 -132.884 -144.373 -156.05 -168.185 -180.913 -192.843 -203.707 -214.253 -224.816 -235.275 -244.471 -253.019 -258.845 -264.387 -270.146 -275.219 -279.51 -283.424 -286.73 -289.294 -290.061 -289.962 -289.502 -286.123 -282.075 -277.133 -271.943 -267.769 -263.688 -257.973 -250.834 -242.196 -232.904 -223.284 -213.227 -202.688 -191.676 -180.05 -167.929 -155.445 -142.714 -129.838 -116.901 -103.976 -91.1184 -78.375 -65.7821 -53.3728 -41.1835 -29.2691 -17.7594 -7.14326 0 0 
0 0 -7.77842 -16.0725 -24.7626 -33.7771 -43.0831 -52.6646 -62.514 -72.6289 -83.0104 -93.6616 -104.586 -115.783 -127.239 -138.902 -150.641 -162.317 -174.719 -187.89 -199.762 -210.964 -221.537 -231.84 -242.166 -250.698 -258.401 -264.366 -270.087 -275.716 -281.594 -286.959 -291.539 -295.157 -297.935 -298.545 -298.593 -298.518 -296.371 -292.912 -288.429 -283.817 -279.667 -275.735 -270.523 -263.11 -254.897 -246.062 -236.504 -226.647 -215.956 -204.44 -192.203 -179.394 -166.174 -152.689 -139.067 -125.416 -111.82 -98.3447 -85.0387 -71.9393 -59.0783 -46.4861 -34.1992 -22.2727 -10.8136 0 0 
0 0 -9.8586 -18.7968 -27.7606 -36.9624 -46.4444 -56.2109 -66.2602 -76.5923 -87.2102 -98.1201 -109.332 -120.857 -132.705 -144.846 -157.004 -168.272 -180.404 -193.762 -206.732 -218.686 -228.839 -238.242 -247.828 -256.7 -264.357 -270.903 -277.054 -282.681 -289.115 -295.299 -300.532 -304.632 -307.574 -307.748 -307.542 -307.398 -306.245 -303.331 -299.74 -295.756 -291.607 -287.304 -282.349 -275.917 -268.753 -260.799 -251.191 -241.118 -230.052 -217.926 -204.926 -191.271 -177.169 -162.801 -148.326 -133.875 -119.544 -105.402 -91.4956 -77.8584 -64.5148 -51.4835 -38.7688 -26.3187 -13.8385 0 0 
0 -4.97876 -12.859 -21.4959 -30.5204 -39.8675 -49.5212 -59.4743 -69.7236 -80.27 -91.118 -102.277 -113.763 -125.608 -137.88 -150.716 -163.633 -174.596 -186.254 -199.231 -212.235 -223.846 -234.651 -245.178 -254.999 -264.823 -272.645 -279.134 -285.322 -291.132 -298.044 -304.664 -309.904 -313.488 -316.036 -317.203 -317.257 -316.833 -315.922 -313.444 -311.191 -308.217 -304.36 -299.536 -294.791 -289.46 -283.408 -276.756 -267.434 -256.898 -245.219 -232.286 -218.305 -203.594 -188.429 -173.019 -157.562 -142.213 -127.079 -112.223 -97.6836 -83.4837 -69.6392 -56.1641 -43.0739 -30.3949 -18.2217 -7.07891 0 
0 -7.05583 -15.1031 -23.8073 -32.9575 -42.4662 -52.2987 -62.4414 -72.89 -83.6459 -94.7149 -106.107 -117.837 -129.931 -142.437 -155.418 -168.551 -180.293 -191.987 -204.691 -217.898 -229.833 -241.387 -253.13 -263.63 -274.433 -282.581 -288.485 -294.392 -300.653 -308.179 -314.86 -319.181 -322.086 -324.831 -327.162 -327.272 -326.401 -325.559 -323.439 -321.478 -319.374 -316.755 -312.421 -308.294 -303.67 -297.728 -291.765 -283.631 -273.633 -261.641 -247.693 -232.414 -216.372 -199.934 -183.285 -166.689 -150.338 -134.335 -118.728 -103.532 -88.7537 -74.3942 -60.4598 -46.9678 -33.9652 -21.5746 -10.0939 0 
0 -8.14146 -16.6903 -25.6725 -35.0361 -44.7411 -54.7661 -65.1025 -75.749 -86.709 -97.989 -109.598 -121.546 -133.843 -146.496 -159.495 -172.757 -185.542 -197.398 -210.207 -223.805 -236.216 -247.458 -258.977 -269.754 -280.727 -289.421 -295.872 -302.272 -309.1 -316.944 -323.769 -327.775 -330.821 -334.005 -336.622 -336.909 -336.36 -335.942 -333.834 -331.622 -329.566 -327.382 -324.329 -321.109 -317.559 -313.002 -308.597 -301.933 -292.505 -280.019 -264.431 -247.287 -229.547 -211.649 -193.497 -175.571 -158.114 -141.197 -124.82 -108.964 -93.6045 -78.7243 -64.3129 -50.3722 -36.9237 -24.0174 -11.7221 0 
0 -8.8197 -17.8443 -27.1561 -36.7734 -46.6959 -56.9221 -67.4535 -78.2945 -89.4519 -100.934 -112.75 -124.905 -137.398 -150.211 -163.288 -176.481 -189.564 -201.833 -214.797 -228.496 -241.633 -253.195 -264.619 -275.456 -285.785 -294.737 -302.493 -310.118 -317.404 -324.677 -330.963 -335.236 -339.157 -343.21 -346.521 -347.172 -346.58 -345.913 -343.832 -341.729 -339.937 -338.282 -336.505 -334.039 -331.651 -328.821 -325.791 -321.358 -314.1 -301.277 -282.724 -262.755 -242.879 -223.619 -203.483 -183.984 -165.351 -147.518 -130.393 -113.898 -97.9762 -82.5856 -67.6954 -53.2846 -39.3399 -25.8492 -12.7771 0 
0 -9.29304 -18.7111 -28.3343 -38.2054 -48.347 -58.773 -69.495 -80.5235 -91.87 -103.546 -115.563 -127.927 -140.634 -153.661 -166.969 -180.589 -194.533 -207.147 -219.451 -233.097 -247.199 -259.798 -271.279 -282.147 -292.055 -301.43 -310.368 -319.035 -325.985 -332.411 -338.112 -342.581 -347.29 -352.316 -356.682 -358.005 -357.164 -356.136 -354.311 -352.368 -351.086 -350.394 -349.539 -347.74 -346.098 -344.748 -343.867 -343.352 -340.973 -326.653 -302.354 -278.175 -255.766 -235.15 -212.785 -191.53 -171.786 -153.133 -135.335 -118.259 -101.817 -85.9465 -70.5985 -55.7308 -41.302 -27.2625 -13.5372 0 
0 -9.6414 -19.3727 -29.2647 -39.3671 -49.7135 -60.3282 -71.2297 -82.4345 -93.9582 -105.817 -118.029 -130.606 -143.551 -156.833 -170.433 -184.512 -199.286 -212.619 -224.306 -237.674 -252.186 -265.778 -277.701 -289.108 -299.36 -309.364 -319.506 -328.881 -334.325 -339.51 -344.891 -349.642 -355.135 -361.146 -366.447 -369.342 -368.92 -367.731 -365.927 -363.99 -362.994 -362.745 -362.624 -362.219 -361.159 -360.457 -361.718 -367.11 -373.192 -355.363 -321.764 -291.91 -266.014 -242.825 -219.435 -197.518 -177.132 -157.891 -139.556 -121.986 -105.086 -88.785 -73.0215 -57.7381 -42.8747 -28.3615 -14.1092 0 
0 -9.89993 -19.8735 -29.9847 -40.2845 -50.8119 -61.5963 -72.6613 -84.0266 -95.7112 -107.736 -120.128 -132.918 -146.131 -159.764 -173.852 -188.386 -202.974 -216.669 -228.494 -241.665 -255.087 -267.854 -280.483 -293.594 -306.159 -317.366 -326.736 -334.613 -339.59 -345.17 -351.108 -356.629 -362.901 -369.814 -376.231 -381.674 -381.993 -380.455 -378.481 -376.597 -375.584 -375.004 -374.888 -374.978 -374.186 -373.84 -375.528 -382.574 -390.81 -371.066 -333.119 -299.948 -272.051 -247.332 -223.969 -201.941 -181.333 -161.742 -143.011 -125.042 -107.756 -91.0859 -74.9644 -59.3252 -44.0973 -29.1998 -14.5379 0 
0 -10.0848 -20.2366 -30.5161 -40.9745 -51.6531 -62.584 -73.7925 -85.2995 -97.1239 -109.288 -121.828 -134.808 -148.353 -162.659 -177.609 -192.82 -206.614 -219.971 -232.021 -244.697 -257.042 -269.378 -282.625 -296.786 -311.301 -324.8 -333.44 -339.046 -343.984 -350.114 -356.475 -362.88 -370.212 -378.193 -385.127 -391.463 -393.552 -393.156 -391.52 -389.927 -388.53 -387.195 -387.1 -387.993 -387.954 -385.933 -383.388 -382.201 -379.512 -361.763 -332.338 -303.013 -275.837 -250.754 -227.293 -205.158 -184.516 -164.735 -145.705 -127.414 -109.812 -92.838 -76.4248 -60.5012 -44.9894 -29.8026 -14.8427 0 
0 -10.2028 -20.4719 -30.8685 -41.4445 -52.2421 -63.294 -74.6254 -86.2548 -98.1966 -110.466 -123.087 -136.133 -149.854 -164.874 -181.012 -196.955 -209.204 -221.18 -233.191 -245.747 -258.45 -271.973 -285.531 -299.545 -314.259 -328.443 -337.098 -343.27 -349.124 -355.606 -361.996 -368.812 -376.726 -385.805 -394.608 -402.414 -406.984 -407.218 -404.62 -401.886 -399.861 -398.64 -398.624 -399.653 -400.583 -397.192 -389.944 -381.857 -371.538 -354.548 -330.771 -304.499 -278.499 -253.71 -230.186 -207.944 -187.051 -166.975 -147.66 -129.097 -111.24 -94.0292 -77.3957 -61.2653 -45.5565 -30.1785 -15.0302 0 
0 -10.2543 -20.5799 -31.0414 -41.6927 -52.5765 -63.7247 -75.1603 -86.8976 -98.9424 -111.29 -123.922 -136.793 -150.043 -164.633 -180.537 -196.653 -209.476 -221.577 -234.059 -247.333 -261.085 -275.459 -288.573 -301.663 -314.954 -327.825 -338.346 -347.659 -354.704 -361.527 -368.116 -375.879 -384.657 -394.804 -405.877 -416.926 -425.572 -424.107 -418.695 -413.789 -410.894 -410.13 -410.145 -410.056 -409.187 -404.119 -394.654 -383.382 -370.074 -352.602 -330.618 -305.947 -280.84 -256.359 -232.756 -210.263 -188.899 -168.454 -148.863 -130.073 -112.022 -94.6429 -77.8636 -61.6079 -45.7926 -30.3248 -15.0997 0 
0 -10.2345 -20.552 -31.0246 -41.7086 -52.6465 -63.8681 -75.3935 -87.2329 -99.385 -111.831 -124.518 -137.369 -150.643 -165.278 -180.571 -195.892 -209.612 -222.528 -235.823 -249.639 -263.85 -278.503 -291.555 -304.501 -317.324 -329.124 -340.152 -350.758 -359.302 -367.173 -374.091 -382.748 -392.43 -403.616 -417.326 -434.494 -452.926 -443.432 -431.946 -424.578 -421.559 -421.977 -422.666 -421.863 -419.031 -411.694 -400.491 -387.701 -373.127 -354.85 -332.625 -308.196 -283.388 -258.512 -234.515 -211.61 -189.829 -169.078 -149.266 -130.311 -112.133 -94.6566 -77.8079 -61.5101 -45.6811 -30.2285 -15.0437 0 
0 -10.1318 -20.3692 -30.7961 -41.4708 -52.4327 -63.7077 -75.3127 -87.2555 -99.5339 -112.13 -124.997 -138.094 -151.757 -166.475 -181.421 -196.585 -211.197 -224.746 -238.613 -252.35 -266.662 -281.282 -294.028 -306.539 -319.132 -331.069 -342.084 -352.803 -362.603 -371.393 -379.226 -388.839 -399.017 -410.603 -425.749 -450.017 -478.577 -460.122 -440.788 -431.443 -428.385 -430.016 -433.841 -435.575 -431.686 -421.004 -408.045 -395.266 -381.368 -362.319 -337.845 -311.659 -286.128 -260.045 -235.211 -211.831 -189.728 -168.764 -148.814 -129.77 -111.541 -94.0429 -77.2014 -60.9435 -45.1934 -29.8642 -14.8468 0 
0 -9.92327 -19.997 -30.3197 -40.9459 -51.9057 -63.2176 -74.8939 -86.9424 -99.3651 -112.159 -125.328 -138.951 -153.36 -167.923 -182.452 -198.109 -213.792 -227.667 -242.139 -255.8 -270.811 -285.087 -296.752 -308.185 -319.902 -332.353 -344.323 -356.245 -367.752 -377.429 -386.036 -395.281 -404.472 -414.567 -426.175 -440.815 -457.413 -449.169 -438.832 -432.349 -430.833 -434.304 -442.521 -451.871 -446.271 -429.042 -414.819 -404.782 -395.472 -374.842 -344.657 -313.842 -285.872 -259.384 -234.45 -210.777 -188.489 -167.435 -147.454 -128.416 -110.217 -92.7729 -76.0112 -59.869 -44.2848 -29.1881 -14.4792 0 
0 -9.56439 -19.3758 -29.5398 -40.0873 -51.0265 -62.3629 -74.1031 -86.255 -98.8248 -111.813 -125.205 -139.125 -154.008 -168.713 -183.523 -199.882 -216.387 -230.942 -246.182 -258.852 -272.434 -285.082 -297.058 -309.097 -320.285 -332.915 -346.331 -360.431 -374.347 -385.517 -395.029 -402.568 -409.062 -415.851 -423.253 -431.477 -438.92 -438.474 -433.673 -429.445 -429.445 -434.825 -448.022 -466.756 -459.973 -434.892 -418.444 -412.462 -410.417 -385.881 -347.568 -312.646 -283.133 -256.886 -232.157 -208.338 -186.016 -165.032 -145.151 -126.223 -108.14 -90.8201 -74.2016 -58.2366 -42.8887 -28.1241 -13.882 0 
0 -8.95854 -18.402 -28.3765 -38.837 -49.7503 -61.1042 -72.9007 -85.1498 -97.866 -111.064 -124.752 -138.973 -153.978 -169.143 -184.761 -201.433 -218.115 -232.49 -247.114 -259.573 -272.361 -284.282 -296.747 -308.952 -320.339 -333.358 -348.022 -364.253 -380.515 -394.912 -406.785 -411.309 -413.594 -416.019 -419.361 -423.561 -427.149 -427.79 -425.549 -423.239 -423.858 -428.117 -436.38 -447.313 -441.922 -424.25 -411.767 -408.475 -409.373 -383.259 -342.072 -306.39 -277.215 -251.576 -227.436 -204.133 -182.205 -161.525 -141.896 -123.185 -105.298 -88.166 -71.7385 -55.9871 -40.9094 -26.5376 -12.9248 0 
0 -7.86771 -16.8973 -26.7271 -37.1339 -48.0335 -59.4031 -71.2456 -83.5775 -96.4255 -109.824 -123.811 -138.416 -153.663 -169.476 -185.903 -201.952 -218.301 -232.922 -246.575 -258.508 -270.788 -283.159 -296.315 -308.78 -321.265 -334.775 -350.117 -367.891 -386.42 -406.409 -426.332 -422.975 -418.157 -415.565 -415.403 -416.968 -418.239 -418.519 -416.971 -415.586 -415.82 -417.85 -420.864 -423.14 -418.695 -407.292 -396.027 -387.455 -379.121 -356.515 -325.287 -295.446 -268.412 -243.793 -220.614 -198.344 -177.146 -156.968 -137.722 -119.323 -101.703 -84.807 -68.5992 -53.064 -38.2242 -24.1919 -11.2795 0 
0 -5.615 -14.5922 -24.5009 -34.9378 -45.8467 -57.2291 -69.1009 -81.4891 -94.4345 -107.996 -122.253 -137.295 -153.253 -170.233 -187.022 -201.111 -216.178 -231.393 -244.489 -256.049 -268.507 -281.112 -294.373 -308.088 -322.425 -335.631 -350.085 -366.941 -386.824 -415.433 -447.007 -434.206 -419.439 -412.608 -410.53 -410.691 -410.776 -410.918 -408.9 -407.41 -407.065 -407.167 -406.923 -404.782 -399.667 -389.999 -378.689 -366.671 -352.468 -332.333 -307.622 -282.326 -257.716 -234.652 -212.701 -191.482 -171.065 -151.481 -132.701 -114.683 -97.3823 -80.7601 -64.7875 -49.4453 -34.7317 -20.7264 -8.00148 0 
0 0 -11.3557 -21.7465 -32.2697 -43.1864 -54.5658 -66.44 -78.8435 -91.8276 -105.472 -119.908 -135.373 -152.187 -169.683 -185.644 -198.261 -212.259 -227.005 -240.631 -253.627 -266.55 -278.82 -291.852 -306.333 -321.529 -334.14 -347.429 -362.143 -378.614 -398.706 -419.509 -415.428 -409.208 -404.775 -402.875 -402.55 -402.999 -403.666 -401.311 -399.51 -398.975 -397.206 -394.537 -389.332 -382.15 -372.299 -360.814 -347.719 -332.379 -313.33 -291.691 -269.193 -246.73 -225.102 -204.158 -183.819 -164.152 -145.187 -126.919 -109.326 -92.3829 -76.0635 -60.3454 -45.1979 -30.5308 -15.9804 0 0 
0 0 -9.08403 -18.8595 -29.2083 -40.0634 -51.4076 -63.2496 -75.6175 -88.5604 -102.156 -116.535 -131.934 -148.448 -164.973 -180.263 -193.426 -207.774 -222.152 -236.385 -250.62 -264.032 -276.161 -288.75 -303.013 -317.452 -329.759 -341.898 -354.588 -367.579 -381.14 -392.491 -395.156 -394.389 -393.408 -393.658 -393.339 -393.576 -394.179 -393.256 -392.452 -391.476 -387.338 -382.185 -374.77 -365.758 -355.816 -344.765 -331.495 -316.119 -297.365 -277.591 -256.932 -235.785 -215.126 -195.023 -175.485 -156.538 -138.197 -120.461 -103.32 -86.7594 -70.7654 -55.3328 -40.47 -26.2134 -12.6642 0 0 
0 0 -6.12087 -15.3994 -25.6405 -36.4513 -47.7517 -59.5333 -71.8165 -84.64 -98.0585 -112.14 -126.948 -142.429 -157.892 -172.922 -187.234 -202.246 -216.82 -231.673 -246.178 -260.09 -273.144 -285.878 -299.767 -312.618 -324.558 -336.076 -346.838 -356.829 -366.358 -374.371 -378.971 -380.363 -381.517 -383.413 -383.73 -384.058 -384.789 -386.041 -386.06 -383.39 -377.97 -371.022 -362.316 -352.63 -341.561 -330.221 -316.335 -300.527 -282.188 -264.011 -244.809 -224.505 -204.615 -185.322 -166.559 -148.317 -130.601 -113.409 -96.7346 -80.5689 -64.9059 -49.7505 -35.1359 -21.1886 -8.46321 0 0 
0 0 0 -10.9768 -21.5028 -32.3498 -43.6143 -55.3155 -67.4753 -80.1244 -93.2972 -107.021 -121.288 -135.998 -150.868 -165.656 -180.31 -195.208 -210.271 -226.359 -241.723 -256.508 -270.357 -283.138 -296.457 -308.408 -320.038 -331.271 -339.982 -347.305 -354.213 -360.79 -365.692 -367.798 -369.622 -371.455 -372.811 -374.148 -376.048 -379.772 -381.412 -377.133 -370.073 -360.63 -350.595 -340.447 -327.667 -315.325 -301.123 -285.637 -267.823 -249.813 -231.332 -212.314 -193.506 -175.093 -157.11 -139.572 -122.481 -105.839 -89.6399 -73.8755 -58.5389 -43.6274 -29.1347 -14.9418 0 0 0 
0 0 0 -7.0052 -17.0439 -27.831 -39.0403 -50.6389 -62.6448 -75.0853 -87.9854 -101.357 -115.185 -129.407 -143.924 -158.713 -173.673 -188.198 -202.908 -219.662 -236.852 -252.991 -266.924 -279.665 -292.425 -304.238 -316.151 -327.279 -333.862 -338.561 -343.304 -348.508 -352.87 -356.094 -358.728 -359.115 -359.748 -361.724 -366.595 -375.143 -382.843 -374.791 -363.04 -349.707 -337.388 -325.462 -312.14 -299.67 -285.402 -270.128 -253.646 -236.285 -218.109 -199.911 -182.004 -164.431 -147.219 -130.377 -113.914 -97.8265 -82.1104 -66.7544 -51.7466 -37.0856 -22.8335 -9.44381 0 0 0 
0 0 0 0 -11.8367 -22.89 -34.0768 -45.5553 -57.3796 -69.5865 -82.2019 -95.2375 -108.687 -122.523 -136.708 -151.218 -166.026 -180.843 -196.359 -213.714 -231.703 -248.054 -262.119 -275.643 -288.493 -300.097 -311.227 -320.264 -325.323 -329.207 -332.772 -336.716 -340.869 -344.71 -347.109 -346.215 -346.146 -348.701 -355.738 -370.472 -388.831 -374.654 -354.985 -337.193 -323.19 -309.753 -295.871 -283.083 -269.296 -254.417 -239.108 -222.173 -204.582 -187.218 -170.166 -153.411 -136.955 -120.806 -104.969 -89.4429 -74.2208 -59.2852 -44.6076 -30.1348 -15.6699 0 0 0 0 
0 0 0 0 -7.41303 -17.8154 -28.8215 -40.1258 -51.7319 -63.6792 -75.9981 -88.7044 -101.802 -115.289 -129.166 -143.455 -158.223 -173.683 -190.225 -207.562 -225.472 -241.842 -256.321 -270.201 -283.602 -295.835 -306.816 -314.012 -317.047 -319.24 -321.297 -324.011 -328.383 -331.425 -331.805 -331.214 -331.603 -333.842 -339.763 -353.372 -371.176 -356.61 -336.471 -319.442 -306.073 -292.181 -278.658 -266.111 -252.811 -238.723 -224.183 -207.487 -190.655 -174.212 -158.033 -142.091 -126.385 -110.923 -95.7125 -80.7555 -66.0446 -51.558 -37.2637 -23.176 -9.71149 0 0 0 0 
0 0 0 0 0 -12.1369 -23.2681 -34.3946 -45.7429 -57.4005 -69.4069 -81.7796 -94.5288 -107.666 -121.212 -135.212 -149.758 -165.03 -181.271 -198.178 -215.868 -233.102 -249.129 -263.717 -278.514 -292.909 -305.044 -309.619 -309.556 -308.942 -309.264 -311.036 -314.12 -315.86 -315.527 -315.303 -315.414 -316.213 -318.042 -323.67 -330.649 -322.759 -310.448 -297.87 -286.279 -273.578 -261.157 -248.804 -235.146 -221.257 -207.093 -191.793 -176.337 -160.941 -145.664 -130.534 -115.57 -100.788 -86.2027 -71.8221 -57.6441 -43.6384 -29.7131 -15.5942 0 0 0 0 0 
0 0 0 0 0 -7.4641 -17.7196 -28.4415 -39.4446 -50.7731 -62.4493 -74.4785 -86.8676 -99.6327 -112.803 -126.425 -140.567 -155.313 -170.773 -187.058 -204.32 -222.575 -240.505 -256.503 -273.973 -293.239 -310.167 -307.718 -302.756 -298.961 -297.575 -298.656 -300.53 -301.401 -300.416 -299.303 -298.296 -297.526 -295.889 -296.336 -297.014 -292.739 -285.092 -275.597 -265.565 -255.234 -244.147 -231.788 -217.834 -204.097 -190.36 -176.284 -161.962 -147.55 -133.148 -118.812 -104.573 -90.4578 -76.4879 -62.6862 -49.0714 -35.6384 -22.3562 -9.48758 0 0 0 0 0 
0 0 0 0 0 0 -11.7046 -22.2071 -32.8208 -43.7979 -55.1387 -66.8176 -78.8305 -91.1948 -103.942 -117.117 -130.773 -144.975 -159.79 -175.357 -191.931 -210.296 -229.561 -247.314 -268.075 -295.498 -320.355 -306.631 -294.352 -287.5 -284.053 -283.643 -285.145 -286.305 -284.722 -282.894 -280.592 -277.621 -274.043 -272.081 -270.995 -267.738 -262.091 -254.28 -244.431 -234.46 -223.606 -212.164 -199.793 -187.146 -174.24 -161.073 -147.676 -134.148 -120.568 -106.991 -93.453 -79.9819 -66.6048 -53.3634 -40.317 -27.4875 -14.5856 0 0 0 0 0 0 
0 0 0 0 0 0 -6.89154 -15.8616 -25.8338 -36.4589 -47.49 -58.8225 -70.442 -82.3736 -94.655 -107.327 -120.433 -134.023 -148.158 -162.932 -178.568 -195.78 -214.572 -232.623 -253.774 -281.04 -304.01 -290.029 -277.839 -271.209 -267.678 -266.561 -267.192 -267.491 -265.711 -264.121 -261.859 -258.155 -254.222 -251.393 -249.665 -246.257 -241.237 -234.451 -224.491 -214.278 -203.722 -193.199 -182.125 -170.479 -158.434 -146.093 -133.523 -120.798 -107.985 -95.13 -82.2663 -69.4119 -56.5862 -43.8455 -31.3455 -19.4092 -8.49869 0 0 0 0 0 0 
0 0 0 0 0 0 0 -8.5139 -18.194 -28.714 -39.5399 -50.5405 -61.7413 -73.2029 -84.9772 -97.1022 -109.609 -122.528 -135.891 -149.729 -164.047 -179.063 -195.514 -212.356 -230.746 -249.817 -264.344 -260.615 -255.334 -251.404 -248.95 -247.865 -247.751 -247.211 -245.568 -243.834 -241.618 -238.53 -235.362 -233.002 -231.087 -226.396 -220.189 -213.353 -204.611 -195.303 -185.523 -175.544 -165.114 -154.211 -142.926 -131.341 -119.523 -107.538 -95.4419 -83.2785 -71.0705 -58.8132 -46.4825 -34.0868 -21.8105 -10.3049 0 0 0 0 0 0 0 
0 0 0 0 0 0 0 0 -9.71426 -20.6631 -31.4153 -42.0582 -52.7798 -63.7194 -74.9486 -86.4959 -98.3733 -110.589 -123.148 -136.049 -149.263 -162.793 -177.029 -191.639 -206.709 -220.259 -230.555 -232.818 -231.875 -230.196 -228.86 -228.058 -227.575 -226.787 -225.434 -223.747 -221.628 -219.009 -216.296 -214.361 -212.186 -206.876 -200.278 -193.319 -185.439 -176.905 -167.862 -158.426 -148.577 -138.324 -127.719 -116.821 -105.692 -94.3883 -82.9665 -71.4718 -59.9239 -48.2877 -36.4439 -24.2088 -11.5048 0 0 0 0 0 0 0 0 
0 0 0 0 0 0 0 0 0 -12.8087 -23.4 -33.4973 -43.6002 -53.9466 -64.6018 -75.5593 -86.7993 -98.3061 -110.065 -122.055 -134.241 -146.583 -159.106 -171.508 -183.448 -193.692 -202.127 -206.6 -208.251 -208.444 -208.237 -207.93 -207.51 -206.784 -205.636 -204.092 -202.138 -199.785 -197.176 -194.665 -191.609 -186.704 -180.781 -174.207 -166.921 -159.017 -150.592 -141.723 -132.445 -122.79 -112.803 -102.534 -92.0335 -81.3571 -70.5641 -59.7182 -48.8657 -37.9698 -26.7967 -14.7997 0 0 0 0 0 0 0 0 0 
0 0 0 0 0 0 0 0 0 -7.17184 -15.8786 -24.9307 -34.1772 -43.8649 -53.9526 -64.3404 -74.9584 -85.7708 -96.751 -107.866 -119.064 -130.272 -141.381 -152.137 -162.161 -170.84 -177.979 -182.833 -185.625 -187.048 -187.713 -187.916 -187.753 -187.202 -186.232 -184.847 -183.048 -180.848 -178.289 -175.406 -171.891 -167.348 -161.933 -155.806 -149.022 -141.651 -133.765 -125.429 -116.689 -107.588 -98.1699 -88.4768 -78.5518 -68.4426 -58.2144 -47.9712 -37.851 -27.9292 -17.9733 -8.19324 0 0 0 0 0 0 0 0 0 
0 0 0 0 0 0 0 0 0 0 -8.01207 -16.1696 -24.3129 -33.3831 -43.0035 -52.8911 -62.9233 -73.0676 -83.3025 -93.5926 -103.877 -114.061 -124.007 -133.501 -142.255 -149.928 -156.279 -161.052 -164.323 -166.411 -167.65 -168.268 -168.383 -168.038 -167.245 -166.017 -164.357 -162.271 -159.757 -156.78 -153.198 -148.865 -143.798 -138.062 -131.71 -124.799 -117.39 -109.538 -101.294 -92.7042 -83.8114 -74.6517 -65.2543 -55.6472 -45.8797 -36.1013 -26.6377 -17.9226 -8.97397 0 0 0 0 0 0 0 0 0 0 
0 0 0 0 0 0 0 0 0 0 0 -7.42283 -13.5217 -22.3511 -31.7874 -41.2971 -50.7759 -60.274 -69.7987 -79.3255 -88.7886 -98.0882 -107.087 -115.605 -123.429 -130.339 -136.158 -140.77 -144.206 -146.622 -148.208 -149.123 -149.474 -149.32 -148.695 -147.617 -146.093 -144.122 -141.689 -138.758 -135.255 -131.116 -126.333 -120.933 -114.956 -108.447 -101.457 -94.0383 -86.2441 -78.1236 -69.7197 -61.0645 -52.1663 -43.0123 -33.556 -23.9166 -14.676 -8.14966 0 0 0 0 0 0 0 0 0 0 0 
0 0 0 0 0 0 0 0 0 0 0 0 0 -10.7122 -20.4977 -29.734 -38.6094 -47.4537 -56.2929 -65.122 -73.864 -82.4164 -90.6467 -98.4021 -105.518 -111.84 -117.245 -121.665 -125.11 -127.662 -129.436 -130.543 -131.069 -131.075 -130.599 -129.663 -128.275 -126.433 -124.121 -121.307 -117.949 -114.011 -109.485 -104.383 -98.7339 -92.5751 -85.9516 -78.915 -71.521 -63.8262 -55.8791 -47.7205 -39.334 -30.6796 -21.4154 -11.333 0 0 0 0 0 0 0 0 0 0 0 0 0 
0 0 0 0 0 0 0 0 0 0 0 0 0 0 -9.7574 -18.5318 -26.4739 -34.6384 -42.7972 -51.0058 -59.1289 -67.0665 -74.6817 -81.8385 -88.4022 -94.2572 -99.3176 -103.534 -106.906 -109.48 -111.332 -112.543 -113.184 -113.311 -112.962 -112.159 -110.912 -109.216 -107.054 -104.4 -101.222 -97.4953 -93.211 -88.379 -83.0217 -77.1684 -70.8595 -64.1491 -57.0984 -49.7813 -42.2502 -34.6044 -26.7695 -18.9568 -10.093 0 0 0 0 0 0 0 0 0 0 0 0 0 0 
0 0 0 0 0 0 0 0 0 0 0 0 0 0 0 -8.162 -14.1162 -21.8287 -29.2517 -36.975 -44.5795 -52.0391 -59.1751 -65.868 -71.9947 -77.469 -82.2341 -86.2473 -89.4995 -92.021 -93.8696 -95.1127 -95.8134 -96.0231 -95.7785 -95.1012 -93.9985 -92.4641 -90.4795 -88.0167 -85.0444 -81.5369 -77.4852 -72.9006 -67.8055 -62.2172 -56.1689 -49.7235 -42.9424 -35.9504 -28.7359 -21.6772 -14.1829 -8.28492 0 0 0 0 0 0 0 0 0 0 0 0 0 0 0 
0 0 0 0 0 0 0 0 0 0 0 0 0 0 0 0 0 -9.30863 -15.4058 -23.063 -30.1749 -37.3354 -44.1115 -50.4636 -56.2399 -61.3898 -65.9026 -69.7218 -72.8238 -75.2347 -77.0126 -78.2248 -78.9337 -79.1896 -79.0278 -78.4684 -77.5165 -76.1624 -74.3829 -72.1431 -69.4017 -66.1228 -62.2924 -57.9325 -53.0826 -47.7262 -41.8754 -35.6335 -28.9975 -22.3418 -15.0659 -9.18578 0 0 0 0 0 0 0 0 0 0 0 0 0 0 0 0 0 
0 0 0 0 0 0 0 0 0 0 0 0 0 0 0 0 0 0 0 -9.69619 -15.7218 -23.0161 -29.4719 -35.6349 -41.1114 -45.9478 -50.2646 -53.9137 -56.8389 -59.0815 -60.7214 -61.8403 -62.5071 -62.7738 -62.6747 -62.2281 -61.4365 -60.2862 -58.7468 -56.7709 -54.2966 -51.2603 -47.6291 -43.4545 -38.8661 -33.7295 -27.9729 -21.9376 -15.0721 -9.35348 0 0 0 0 0 0 0 0 0 0 0 0 0 0 0 0 0 0 0 
0 0 0 0 0 0 0 0 0 0 0 0 0 0 0 0 0 0 0 0 0 -9.53527 -15.125 -21.4929 -26.6229 -31.0254 -35.2944 -38.8295 -41.5368 -43.5311 -44.951 -45.9078 -46.4808 -46.7236 -46.669 -46.3329 -45.7152 -44.799 -43.5473 -41.897 -39.7534 -36.9926 -33.5092 -29.3903 -25.198 -20.3527 -14.3493 -9.07172 0 0 0 0 0 0 0 0 0 0 0 0 0 0 0 0 0 0 0 0 0 
0 0 0 0 0 0 0 0 0 0 0 0 0 0 0 0 0 0 0 0 0 0 0 -8.58872 -12.862 -16.2364 -21.0581 -24.573 -26.9476 -28.555 -29.6438 -30.3589 -30.7848 -30.9708 -30.9449 -30.7193 -30.2925 -29.6475 -28.7462 -27.5165 -25.8274 -23.4476 -20.0247 -15.3994 -12.1828 -8.13387 0 0 0 0 0 0 0 0 0 0 0 0 0 0 0 0 0 0 0 0 0 0 0 
0 0 0 0 0 0 0 0 0 0 0 0 0 0 0 0 0 0 0 0 0 0 0 0 0 0 -8.12874 -11.4568 -13.1255 -14.0977 -14.7102 -15.0994 -15.3285 -15.4299 -15.4204 -15.3069 -15.0879 -14.7522 -14.2735 -13.5955 -12.5921 -10.9456 -7.74256 0 0 0 0 0 0 0 0 0 0 0 0 0 0 0 0 0 0 0 0 0 0 0 0 0 0 
0 0 0 0 0 0 0 0 0 0 0 0 0 0 0 0 0 0 0 0 0 0 0 0 0 0 0 0 0 0 0 0 0 0 0 0 0 0 0 0 0 0 0 0 0 0 0 0 0 0 0 0 0 0 0 0 0 0 0 0 0 0 0 0 0 0 0 0 0 
