0 0 0 0 0 0 0 0 0 0 0 0 0 0 0 0 0 0 0 0 0 0 0 0 0 0 0 0 0 0 0 0 0 0 0 0 0 0 0 0 0 0 0 0 0 0 0 0 0 0 0 0 0 0 0 0 0 0 0 0 0 0 0 0 0 0 0 0 0 
0 0 0 0 0 0 0 0 0 0 0 0 0 0 0 0 0 0 0 0 0 0 0 0 0 0 1.50651 2.1337 2.45955 2.66062 2.79799 2.8957 2.96429 3.00865 3.03088 3.03136 3.00901 2.96096 2.88138 2.75849 2.56613 2.23878 1.58826 0 0 0 0 0 0 0 0 0 0 0 0 0 0 0 0 0 0 0 0 0 0 0 0 0 0 
0 0 0 0 0 0 0 0 0 0 0 0 0 0 0 0 0 0 0 0 0 0 0 1.56885 2.35523 2.98511 3.89238 4.56877 5.04388 5.38491 5.63562 5.82051 5.95281 6.03943 6.08352 6.08556 6.04372 5.95342 5.80609 5.58644 5.26724 4.80074 4.11425 3.17462 2.51867 1.68519 0 0 0 0 0 0 0 0 0 0 0 0 0 0 0 0 0 0 0 0 0 0 0 
0 0 0 0 0 0 0 0 0 0 0 0 0 0 0 0 0 0 0 0 0 1.73798 2.75596 3.92018 4.86694 5.69286 6.50911 7.2051 7.7623 8.19951 8.53909 8.79792 8.98701 9.11275 9.17819 9.18364 9.1269 9.00293 8.80311 8.51395 8.11566 7.58271 6.89338 6.06557 5.21488 4.22207 2.98302 1.88889 0 0 0 0 0 0 0 0 0 0 0 0 0 0 0 0 0 0 0 0 0 
0 0 0 0 0 0 0 0 0 0 0 0 0 0 0 0 0 0 0 1.77944 2.87446 4.19598 5.36567 6.48898 7.49951 8.41026 9.24609 9.98022 10.6007 11.1117 11.5233 11.8451 12.0845 12.2464 12.3329 12.3439 12.2773 12.1283 11.8895 11.5506 11.0987 10.521 9.81098 8.97939 8.05322 7.00517 5.82112 4.57253 3.14579 1.95397 0 0 0 0 0 0 0 0 0 0 0 0 0 0 0 0 0 0 0 
0 0 0 0 0 0 0 0 0 0 0 0 0 0 0 0 0 1.73593 2.8536 4.24329 5.52243 6.80583 8.02174 9.17055 10.2319 11.2026 12.0848 12.869 13.5486 14.1235 14.5972 14.9746 15.2597 15.4554 15.5629 15.5819 15.5101 15.3434 15.076 14.7001 14.2076 13.5918 12.8501 11.9878 11.0134 9.92429 8.72377 7.43433 6.05665 4.67009 3.15076 1.92136 0 0 0 0 0 0 0 0 0 0 0 0 0 0 0 0 0 
0 0 0 0 0 0 0 0 0 0 0 0 0 0 0 1.55667 2.66981 4.09014 5.43518 6.81765 8.16616 9.48317 10.7449 11.9396 13.0548 14.0835 15.0214 15.8623 16.6013 17.2363 17.7675 18.1963 18.5243 18.7526 18.8815 18.9106 18.8377 18.6594 18.3708 17.9662 17.44 16.7882 16.0099 15.1082 14.0884 12.9548 11.7153 10.3844 8.9764 7.519 6.01156 4.53471 2.96614 1.73196 0 0 0 0 0 0 0 0 0 0 0 0 0 0 0 
0 0 0 0 0 0 0 0 0 0 0 0 0 0 1.89057 3.5569 5.03243 6.51967 7.97929 9.42602 10.8414 12.2158 13.5352 14.7881 15.9642 17.0553 18.0551 18.9576 19.758 20.4528 21.0402 21.5189 21.8886 22.149 22.3001 22.3412 22.2708 22.0857 21.7817 21.3539 20.798 20.1111 19.2932 18.3468 17.2772 16.0912 14.7983 13.4115 11.9455 10.4179 8.84179 7.23975 5.59789 3.9617 2.10784 0 0 0 0 0 0 0 0 0 0 0 0 0 0 
0 0 0 0 0 0 0 0 0 0 0 0 0 2.11634 4.0054 5.7479 7.38336 8.97678 10.5363 12.0657 13.5576 15.0033 16.392 17.7136 18.9585 20.1183 21.186 22.1551 23.0202 23.7768 24.4214 24.9507 25.3623 25.6549 25.8285 25.8833 25.8185 25.631 25.3164 24.8698 24.2869 23.5652 22.7048 21.7086 20.5824 19.3344 17.9752 16.5178 14.9763 13.3655 11.6979 9.9846 8.22396 6.40912 4.46966 2.36299 0 0 0 0 0 0 0 0 0 0 0 0 0 
0 0 0 0 0 0 0 0 0 0 0 1.51622 2.73302 4.45997 6.26679 8.04596 9.77633 11.4678 13.1235 14.7429 16.3202 17.8476 19.316 20.7157 22.0378 23.2736 24.4154 25.4565 26.3908 27.213 27.9179 28.5001 28.9548 29.2798 29.4758 29.5452 29.4887 29.3033 28.9832 28.522 27.9145 27.1579 26.2521 25.2004 24.0094 22.6887 21.2504 19.7081 18.0765 16.3696 14.5998 12.7768 10.9042 8.98114 6.9987 4.9823 3.05339 1.69377 0 0 0 0 0 0 0 0 0 0 0 
0 0 0 0 0 0 0 0 0 0 1.6673 3.33186 4.95591 6.72372 8.55582 10.3928 12.2083 13.9944 15.7471 17.462 19.1327 20.7511 22.3085 23.7956 25.2033 26.5228 27.7457 28.8648 29.8736 30.7665 31.537 32.1769 32.6772 33.0336 33.2496 33.3329 33.288 33.1104 32.791 32.3205 31.6914 30.8998 29.9454 28.8316 27.5662 26.1607 24.6294 22.9879 21.252 19.4366 17.5551 15.6184 13.6351 11.6125 9.56171 7.51412 5.53748 3.72168 1.86165 0 0 0 0 0 0 0 0 0 0 
0 0 0 0 0 0 0 0 0 1.52098 3.33735 5.18799 7.03506 8.92323 10.8399 12.7612 14.6695 16.5544 18.4087 20.2255 21.9973 23.7156 25.3713 26.955 28.4571 29.8684 31.1798 32.3833 33.4724 34.4423 35.2866 35.9935 36.5433 36.9279 37.1562 37.2487 37.22 37.0592 36.75 36.2776 35.6307 34.8045 33.7979 32.6145 31.263 29.7584 28.1185 26.3621 24.507 22.5698 20.5654 18.5067 16.4052 14.2721 12.1215 9.97498 7.86074 5.79382 3.72493 1.69665 0 0 0 0 0 0 0 0 0 
0 0 0 0 0 0 0 0 0 2.74657 4.97311 7.04775 9.07311 11.0941 13.1195 15.1426 17.154 19.145 21.1076 23.0339 24.9154 26.7427 28.5062 30.1958 31.8017 33.3139 34.722 36.0161 37.1902 38.2439 39.1738 39.9671 40.5747 40.9785 41.1985 41.2857 41.2841 41.1564 40.8722 40.4091 39.7493 38.8896 37.8274 36.5653 35.113 33.4914 31.7243 29.8349 27.8441 25.7703 23.63 21.4378 19.2068 16.9492 14.6772 12.4035 10.1367 7.86793 5.54762 3.06165 0 0 0 0 0 0 0 0 0 
0 0 0 0 0 0 0 0 2.13563 4.49219 6.76081 8.95677 11.1155 13.2608 15.4012 17.5358 19.659 21.764 23.8429 25.8872 27.8876 29.8338 31.7149 33.5203 35.2401 36.8636 38.3781 39.769 41.0285 42.1691 43.1974 44.1263 44.8101 45.2128 45.3729 45.4104 45.4742 45.4101 45.1733 44.7372 44.068 43.1772 42.0569 40.7062 39.1325 37.3699 35.4524 33.4092 31.264 29.0372 26.7465 24.4078 22.0351 19.6406 17.2347 14.8253 12.4146 9.99358 7.53596 5.00232 2.37556 0 0 0 0 0 0 0 0 
0 0 0 0 0 0 0 1.91516 4.05031 6.32576 8.62113 10.9031 13.1713 15.4322 17.6888 19.9403 22.1824 24.409 26.6127 28.7845 30.9142 32.9899 34.9992 36.9305 38.7748 40.5221 42.1577 43.6532 44.9857 46.1989 47.319 48.5308 49.3265 49.6733 49.679 49.6116 49.7921 49.8365 49.6743 49.2843 48.608 47.6943 46.5168 45.0701 43.3408 41.4032 39.3062 37.0853 34.7657 32.368 29.911 27.4118 24.8852 22.3434 19.7957 17.2482 14.7028 12.1558 9.60033 7.03611 4.49991 2.12528 0 0 0 0 0 0 0 
0 0 0 0 0 0 1.58249 3.61037 5.8247 8.1394 10.4949 12.863 15.2346 17.6077 19.9816 22.3541 24.7211 27.077 29.4143 31.724 33.9946 36.2124 38.3615 40.4277 42.4064 44.2925 46.077 47.6911 49.0543 50.2924 51.5248 53.1517 54.092 54.3085 54.197 54.1252 54.3533 54.4704 54.3951 54.0462 53.3638 52.4477 51.2425 49.7131 47.7574 45.5958 43.2841 40.8603 38.3454 35.7582 33.1178 30.4432 27.7505 25.0521 22.3565 19.6691 16.9924 14.3267 11.6734 9.04189 6.46268 4.00122 1.75195 0 0 0 0 0 0 
0 0 0 0 0 0 2.7196 5.11911 7.49868 9.91225 12.356 14.8196 17.2963 19.7825 22.2759 24.7734 27.2711 29.7634 32.2436 34.7024 37.128 39.5036 41.8066 44.0125 46.1259 48.1618 50.1523 51.8783 53.2343 54.56 55.9338 57.5401 58.3905 58.6158 58.7042 58.8835 59.123 59.2964 59.3696 59.0219 58.2929 57.3202 56.1707 54.6099 52.3765 49.9321 47.3731 44.7263 41.9973 39.2016 36.3587 33.4926 30.6216 27.758 24.9091 22.0794 19.271 16.4852 13.7247 10.9954 8.3077 5.66495 3.0066 0 0 0 0 0 0 
0 0 0 0 0 1.77556 4.1768 6.6478 9.13868 11.6549 14.1974 16.763 19.3483 21.9502 24.566 27.1926 29.8263 32.4621 35.0941 37.7142 40.3114 42.8675 45.3487 47.6808 49.8963 52.0773 54.2612 55.9957 57.3131 58.7038 60.2218 61.6952 62.4675 62.9219 63.3218 63.7531 63.9992 64.2347 64.4895 64.0715 63.2411 62.0811 60.8829 59.3397 57.0272 54.3559 51.5395 48.6736 45.7159 42.6922 39.6229 36.5468 33.4853 30.449 27.4426 24.4683 21.5268 18.6186 15.7447 12.9072 10.1078 7.3443 4.60948 1.95728 0 0 0 0 0 
0 0 0 0 0 2.92544 5.56424 8.15659 10.7533 13.3712 16.0156 18.6869 21.3837 24.104 26.8453 29.6049 32.3793 35.1648 37.9564 40.7489 43.5358 46.3084 49.0283 51.4358 53.6826 55.8965 57.9652 59.6313 61.1126 62.6405 64.2285 65.7207 66.6018 67.3193 67.9779 68.6263 68.8029 68.9851 69.2088 68.6131 67.6809 66.4876 65.2266 63.7395 61.5563 58.7486 55.7301 52.7025 49.5005 46.2285 42.8938 39.5863 36.324 33.1101 29.9441 26.8244 23.7494 20.7177 17.7285 14.7808 11.8721 8.99495 6.12974 3.21965 0 0 0 0 0 
0 0 0 0 1.83218 4.36196 6.9981 9.66099 12.3469 15.061 17.8068 20.5852 23.3957 26.2367 29.1063 32.0022 34.9215 37.8611 40.8179 43.7891 46.7768 49.7961 52.7751 55.2545 57.4609 59.6355 61.5118 63.176 64.814 66.4665 68.2006 69.8335 70.8533 71.73 72.3773 72.9378 73.046 73.2247 73.2551 72.6003 71.6648 70.4437 69.0418 67.2547 65.0721 62.3852 59.5469 56.5947 53.2511 49.7555 46.1375 42.5807 39.1142 35.7234 32.3993 29.1358 25.9285 22.7743 19.6707 16.6153 13.6048 10.6337 7.69489 4.79159 2.01045 0 0 0 0 
0 0 0 0 2.96676 5.69209 8.40522 11.1424 13.9123 16.7192 19.5654 22.4515 25.377 28.3408 31.3412 34.376 37.4432 40.5405 43.6649 46.8127 49.969 53.0954 56.0951 58.7316 60.9201 62.9394 64.7735 66.6328 68.4249 70.1938 71.9698 73.6333 74.9638 76.0033 76.4098 76.6808 76.7932 76.9041 76.6629 75.9091 74.9868 73.7999 72.4457 70.4689 68.1297 65.4268 62.5718 59.6425 56.401 52.9559 49.2404 45.4847 41.8288 38.2698 34.7939 31.391 28.0546 24.7803 21.5647 18.4051 15.2982 12.24 9.22455 6.24135 3.25024 0 0 0 0 
0 0 0 1.80159 4.3428 7.03444 9.78835 12.5909 15.4407 18.3382 21.284 24.2783 27.3202 30.4085 33.5415 36.7174 39.9349 43.1926 46.4887 49.8182 53.1738 56.4864 59.3864 61.9643 64.1867 66.1656 68.0168 70.1016 72.082 73.976 75.8051 77.4955 78.9052 79.8698 80.2662 80.4465 80.5178 80.5245 80.178 79.3652 78.3716 77.014 75.5912 73.7523 71.2862 68.4648 65.55 62.5639 59.3015 55.8827 52.1883 48.2811 44.4466 40.7332 37.1155 33.5798 30.1187 26.7274 23.4027 20.142 16.943 13.8036 10.722 7.69902 4.74914 1.96825 0 0 0 
0 0 0 2.86352 5.56838 8.31451 11.1228 13.9923 16.9213 19.9088 22.9543 26.0574 29.217 32.4314 35.6988 39.0174 42.3863 45.8062 49.2791 52.8094 56.4021 59.9321 62.8771 65.3948 67.6607 69.7227 71.6736 73.8074 75.8639 77.863 79.804 81.6195 83.0463 83.9264 84.258 84.3479 84.3914 84.4076 84.1483 83.2759 81.9299 80.1338 78.2892 76.3147 73.9011 71.2097 68.2876 65.0583 61.6777 58.2795 54.7584 50.8831 46.9432 43.101 39.3549 35.694 32.113 28.608 25.1767 21.8172 18.5283 15.3094 12.1607 9.08365 6.07904 3.12386 0 0 0 
0 0 1.63659 4.08411 6.75271 9.53242 12.3961 15.3343 18.3433 21.4212 24.5671 27.7801 31.0588 34.4014 37.805 41.2669 44.7866 48.3671 52.0119 55.72 59.4784 63.1421 66.3883 69.0022 71.3247 73.5194 75.6003 77.6821 79.7147 81.7618 83.8539 85.6957 86.8839 87.6626 88.0138 88.1823 88.2672 88.2747 87.9843 86.8369 85.1249 83.1124 80.9286 78.6969 76.2727 73.6096 70.6731 67.4062 64.0055 60.636 57.2304 53.3309 49.3171 45.3727 41.509 37.7285 34.0311 30.415 26.8788 23.4217 20.0436 16.745 13.5277 10.3959 7.35953 4.44813 1.78105 0 0 
0 0 2.46228 5.08366 7.82592 10.6664 13.5947 16.6056 19.6965 22.8658 26.1128 29.437 32.837 36.3103 39.8527 43.4588 47.1262 50.8636 54.67 58.5397 62.4921 66.299 69.9014 72.6823 75.1188 77.4252 79.5681 81.5827 83.5709 85.5994 87.6742 89.4476 90.6796 91.517 91.8461 92.0299 92.1506 92.093 91.6067 90.2662 88.4638 86.2911 83.6864 81.1954 78.746 76.035 73.0304 69.785 66.2942 62.8688 59.4127 55.492 51.558 47.5637 43.5798 39.6799 35.868 32.1422 28.5018 24.9473 21.4793 18.0993 14.8092 11.6126 8.51508 5.5281 2.67607 0 0 
0 0 3.12888 5.96232 8.80092 11.7125 14.7107 17.7971 20.9711 24.2325 27.5814 31.018 34.5418 38.1502 41.8368 45.5894 49.3958 53.2802 57.2193 61.2018 65.2111 69.0846 73.1463 76.2517 78.8608 81.2399 83.4214 85.4292 87.3981 89.2821 91.1483 92.8012 94.169 95.1529 95.6788 95.9993 96.2226 96.032 95.2149 93.7219 92.0024 89.6248 86.5627 83.7298 81.1929 78.3807 75.2637 71.9506 68.3074 64.6776 61.0924 57.3788 53.6964 49.6829 45.5667 41.5433 37.6188 33.7839 30.0391 26.3862 22.8271 19.3636 15.9975 12.73 9.56015 6.4731 3.39514 0 0 
0 1.5851 4.09091 6.83582 9.70291 12.672 15.7386 18.9008 22.1584 25.5117 28.9623 32.5119 36.1619 39.9118 43.7549 47.6664 51.579 55.5466 59.5617 63.6825 67.7722 71.6735 75.9491 79.2375 81.9813 84.5735 86.9912 89.2268 91.3008 92.938 94.6845 96.3887 97.9433 99.1025 99.7237 100.03 100.173 99.6843 98.5912 97.0358 95.2303 92.4571 89.0566 85.9634 83.1833 80.1357 76.9309 73.6226 70.0574 66.3839 62.6835 59.0134 55.4239 51.4955 47.3994 43.3078 39.2799 35.3357 31.4845 27.7313 24.0793 20.5306 17.0869 13.75 10.5224 7.40899 4.4314 1.71571 0 
0 2.24948 4.81386 7.58712 10.5029 13.5341 16.6707 19.9093 23.2498 26.6938 30.2443 33.9053 37.6821 41.5804 45.6047 49.7192 53.6859 57.6758 61.7242 65.8739 70.0257 74.1364 78.6209 82.1769 85.0605 87.9311 90.5886 93.0264 95.1582 96.5222 98.211 100.077 101.881 103.29 103.963 104.009 103.85 103.203 101.912 100.088 97.8129 94.8495 91.5035 88.44 85.401 82.0266 78.6909 75.3772 71.8627 68.1599 64.3595 60.6882 57.2153 53.3586 49.2174 45.0088 40.8571 36.7944 32.8318 28.9752 25.2282 21.5926 18.0696 14.6608 11.3704 8.20909 5.20576 2.43146 0 
0 2.59896 5.32794 8.19591 11.1874 14.2908 17.5008 20.8159 24.2377 27.7693 31.4156 35.1831 39.0808 43.123 47.3406 51.6809 55.7362 59.7525 63.8488 68.1078 72.3574 76.8034 81.3859 84.9704 87.9879 91.0115 93.619 95.9739 98.0988 99.8069 101.767 103.807 105.781 107.401 108.272 108.092 107.431 106.293 104.598 102.435 99.7295 96.8388 93.8346 91.0181 87.9054 84.392 80.9127 77.4179 73.8249 70.1669 66.4527 62.8206 59.3099 55.3585 51.0426 46.6465 42.3453 38.1532 34.0729 30.1095 26.2657 22.542 18.9379 15.4532 12.0892 8.85125 5.75109 2.80435 0 
0 2.8184 5.703 8.68116 11.76 14.9411 18.2256 21.6159 25.1158 28.7303 32.4658 36.3306 40.3349 44.4902 48.8053 53.2299 57.4895 61.6457 65.8176 70.2039 74.475 79.0589 83.5065 87.13 90.6444 93.9866 96.4439 98.7529 101.047 103.206 105.4 107.677 109.916 111.732 112.728 112.467 111.447 109.704 107.416 104.731 101.694 98.7878 95.8369 92.8997 89.763 86.503 83.1105 79.5237 75.8643 72.2152 68.552 64.8819 61.1626 57.068 52.676 48.1618 43.7243 39.4 35.1973 31.1243 27.183 23.3718 19.687 16.1249 12.6819 9.35562 6.14299 3.03484 0 
0 2.97165 5.98451 9.06569 12.2305 15.4879 18.8446 22.3063 25.8793 29.5701 33.3866 37.3385 41.438 45.6977 50.1127 54.5447 58.9012 63.1531 67.3391 71.6646 75.8703 80.2986 84.6894 88.755 92.8123 96.4826 98.9912 101.431 104.09 106.694 109.259 111.931 114.505 116.527 117.546 117.346 116.088 113.664 110.641 107.366 103.986 100.863 97.7909 94.6446 91.4134 88.2256 84.7352 81.2771 77.826 74.124 70.3186 66.549 62.5917 58.2321 53.9192 49.5202 44.9902 40.5253 36.1921 32.0072 27.9703 24.0751 20.3136 16.6774 13.158 9.74631 6.43043 3.19203 0 
0 3.08366 6.19771 9.36664 12.6082 15.9355 19.3584 22.8856 26.5249 30.2843 34.1721 38.199 42.3807 46.7501 51.2915 55.7065 59.9762 64.2638 68.5572 72.8007 76.9414 81.2367 85.7644 90.3006 94.6549 98.3343 101.019 103.847 106.967 109.958 113.014 116.25 119.389 122.003 123.298 123.117 121.368 118.104 114.147 110.134 106.274 102.812 99.514 96.1326 92.6609 89.3148 85.918 82.6301 79.2847 75.4314 71.5517 67.8112 63.781 59.3447 55.1757 50.905 46.185 41.5187 37.0385 32.7422 28.6158 24.6446 20.8148 17.1131 13.5265 10.0411 6.6404 3.30283 0 
0 3.16527 6.35605 9.59489 12.9004 16.2874 19.7681 23.3528 27.0506 30.8699 34.8185 38.9045 43.1359 47.5202 52.0348 56.4766 60.8435 65.29 69.7982 73.9829 78.0051 82.2086 86.863 91.6469 96.1856 99.9017 102.758 105.762 109.038 112.353 115.977 119.996 124.261 128.221 130.485 130.29 127.356 122.81 117.754 112.905 108.504 104.565 100.877 97.2744 93.695 90.2284 86.7973 83.2782 79.986 76.2405 72.5029 68.904 64.8826 60.6452 56.6186 52.2193 47.2063 42.321 37.7011 33.3073 29.1061 25.0729 21.1878 17.4336 13.7938 10.2514 6.7872 3.37889 0 
0 3.22136 6.46631 9.75653 13.111 16.5455 20.0737 23.7068 27.4548 31.326 35.3277 39.4647 43.738 48.1399 52.6367 57.1257 61.6002 66.1308 70.7201 74.9818 79.1093 83.3419 87.8523 92.3895 96.9902 100.886 104.104 107.28 110.655 114.242 118.351 123.262 129.033 135.163 139.647 139.386 134.331 127.368 120.961 115.219 110.309 106.048 102.054 98.2882 94.5931 91.0571 87.6419 84.0385 80.6325 76.8747 73.2381 69.7469 65.6808 61.7379 57.955 53.2168 47.8848 42.8481 38.1376 33.6797 29.4285 25.353 21.43 17.6397 13.9637 10.3833 6.87816 3.42552 0 
0 3.25391 6.53127 9.85397 13.2414 16.7101 20.2743 23.9461 27.7356 31.6518 35.7015 39.8885 44.2116 48.6606 53.2043 57.7648 62.3399 66.9465 71.5096 75.8874 80.1118 84.3156 88.6685 92.8807 97.3008 101.216 104.857 108.372 111.936 115.657 119.922 125.367 132.726 141.774 148.954 147.989 140.701 130.91 122.998 116.599 111.447 107.138 103.021 99.1645 95.3019 91.637 88.1634 84.5149 80.9463 77.211 73.5551 69.8959 65.8059 62.0105 58.319 53.493 48.113 43.0488 38.3217 33.8455 29.5751 25.4807 21.5394 17.7314 14.038 10.44 6.91663 3.44502 0 
0 3.26299 6.5509 9.88672 13.2905 16.7793 20.3675 24.0674 27.8899 31.8442 35.938 40.1762 44.5592 49.0807 53.712 58.3709 63.0524 67.7788 72.4575 76.8956 81.0407 85.0493 89.2514 93.3237 97.4878 101.422 105.156 108.893 112.693 116.499 120.607 125.896 132.887 141.556 149.15 148.724 141.596 131.272 122.918 116.581 111.548 107.382 103.487 99.7466 95.785 92.0309 88.4997 84.7609 81.0956 77.4203 73.6802 69.7037 65.4951 61.4914 57.48 52.7999 47.786 42.9127 38.2546 33.8055 29.5458 25.4553 21.5155 17.7086 14.017 10.422 6.90335 3.43791 0 
0 3.24715 6.5226 9.85151 13.2547 16.7491 20.3488 24.0662 27.9123 31.8971 36.0301 40.3189 44.7685 49.3763 54.1149 58.9247 63.7917 68.6572 73.3612 77.5986 81.5636 85.4401 89.5445 93.5831 97.7304 101.773 105.219 108.626 112.322 116.254 120.199 125.013 130.695 136.933 142.133 141.514 135.899 128.035 120.97 115.373 110.745 106.922 103.377 99.8546 95.9138 92.0258 88.2846 84.5342 80.8684 77.3191 73.7337 69.7545 65.4139 61.1328 56.7905 52.1338 47.307 42.5599 37.9786 33.5762 29.3471 25.2793 21.3587 17.5705 13.8992 10.3278 6.83683 3.40328 0 
0 3.20298 6.44085 9.74202 13.1276 16.6135 20.2126 23.9364 27.7958 31.802 35.9664 40.301 44.8189 49.5278 54.4117 59.4244 64.5757 69.5457 73.9418 77.899 81.8005 85.6252 89.7277 93.7085 97.8158 101.803 105.058 107.971 111.149 114.86 118.592 122.606 126.743 130.468 132.92 132.278 129.056 124.036 118.628 113.904 109.627 106.108 103.059 99.9437 95.9534 91.9088 88.0298 84.1198 80.2818 76.6475 73.0583 69.2089 65.1003 60.9282 56.3057 51.4981 46.7098 42.0392 37.5237 33.1737 28.9871 24.956 21.0694 17.3156 13.6816 10.1532 6.71288 3.33837 0 
0 3.1239 6.29582 9.54813 12.9002 16.3647 19.9516 23.6708 27.5326 31.5487 35.7324 40.0999 44.6722 49.4789 54.533 59.8171 65.3796 70.4114 74.356 77.7996 81.5243 85.317 89.417 93.446 97.4061 101.042 104.364 107.212 110.064 113.371 116.715 119.769 122.591 124.822 125.951 125.42 123.48 120.087 115.899 111.94 108.249 105.035 102.44 99.74 95.7727 91.6083 87.658 83.4332 79.4371 75.7809 72.2223 68.5702 64.7245 60.6512 55.805 50.8057 45.9927 41.3635 36.9031 32.6077 28.4718 24.488 20.6475 16.9408 13.3585 9.8903 6.52315 3.23732 0 
0 2.99682 6.07041 9.25449 12.5604 15.9933 19.5584 23.2627 27.1153 31.1277 35.3144 39.6941 44.2912 49.1406 54.2942 59.785 65.3946 70.0402 73.7976 77.0823 80.7248 84.5023 88.4736 92.5408 96.56 100.006 103.341 106.179 108.902 111.917 114.92 117.113 118.889 120.175 120.678 120.151 118.602 116.047 112.806 109.621 106.68 103.85 101.316 98.6468 94.8364 90.5991 86.5022 82.2294 78.3211 74.8032 71.3448 67.8432 63.9087 59.549 54.7167 49.8354 45.0918 40.5191 36.1177 31.882 27.8044 23.8769 20.0916 16.4416 12.9214 9.52638 6.25211 3.08775 0 
0 2.79297 5.7345 8.83901 12.0936 15.4898 19.0261 22.7062 26.538 30.5323 34.7037 39.0708 43.6578 48.4954 53.6203 59.0203 64.3499 68.6737 72.5826 76.3262 80.1163 83.6849 87.4174 91.4876 95.5314 98.7159 101.842 104.626 107.442 110.292 112.846 114.499 115.651 116.37 116.508 115.932 114.514 112.385 109.745 107.167 104.856 102.235 99.4517 96.5168 92.7713 88.6127 84.5464 80.5033 76.7649 73.3641 70.0405 66.6763 62.7195 58.3412 53.5515 48.7193 44.0199 39.5032 35.1666 30.9983 26.987 23.1234 19.4004 15.8128 12.3589 9.04172 5.87117 2.86158 0 
0 2.44056 5.23562 8.2734 11.4853 14.8462 18.3498 21.9982 25.7982 29.7599 33.8972 38.2277 42.7738 47.5628 52.6251 57.959 63.1849 67.3453 71.21 75.2349 79.1209 82.6334 86.2923 90.2166 93.8893 96.8311 99.998 103.067 106.01 108.601 110.558 111.989 112.775 113.102 112.982 112.4 111.038 109.211 107.056 104.917 103.022 100.596 97.5075 94.2116 90.5179 86.4682 82.4417 78.4949 74.8081 71.4006 68.1271 64.8931 61.1872 57.0121 52.2909 47.4502 42.7651 38.3074 34.0473 29.9575 26.0218 22.2295 18.5736 15.0503 11.6599 8.41041 5.32924 2.48742 0 
0 1.73364 4.494 7.53366 10.7281 14.0598 17.5286 21.1387 24.8967 28.812 32.8974 37.1689 41.647 46.3568 51.3268 56.5589 61.7581 66.0809 70.0009 74.008 77.8176 81.3512 84.9149 88.6446 92.0307 94.9787 98.2189 101.411 104.162 106.466 108.227 109.661 110.172 110.198 109.799 109.176 107.938 106.394 104.576 102.558 100.732 98.4524 95.2683 91.8384 88.2013 84.2649 80.197 76.1925 72.602 69.2139 65.8952 62.6245 59.0456 54.9612 50.4904 45.8319 41.2625 36.9139 32.7576 28.7627 24.9132 21.1991 17.6143 14.155 10.8198 7.61081 4.54797 1.75885 0 
0 0 3.4731 6.63909 9.83377 13.1362 16.5662 20.1313 23.8378 27.6942 31.7114 35.9034 40.2884 44.8907 49.7493 54.8943 60.0905 64.6654 68.6387 72.2967 75.997 79.7333 83.274 86.9769 90.3871 93.332 96.2334 99.0787 101.566 103.535 105.152 106.532 107.107 107.142 106.587 105.908 104.898 103.726 102.069 99.8676 97.5464 95.0275 92.1084 89.0679 85.632 81.9004 77.7673 73.6283 70.1861 66.9444 63.5615 60.1309 56.4615 52.4188 48.1707 43.8063 39.4967 35.3283 31.3063 27.4227 23.6692 20.0395 16.5294 13.1356 9.85339 6.66513 3.49297 0 0 
0 0 2.75928 5.71585 8.83166 12.085 15.4688 18.9823 22.6291 26.4156 30.3505 34.4451 38.7126 43.1684 47.8282 52.6895 57.6423 62.453 66.77 70.2345 73.8206 77.6578 81.3622 85.2567 88.7583 91.6181 94.1719 96.5581 98.7449 100.446 102.011 103.305 103.746 103.834 103.608 103.007 101.94 100.758 98.9518 96.7792 94.1951 91.5341 88.7388 85.8353 82.5489 79.0565 75.0523 71.0934 67.7865 64.6787 61.2588 57.8199 54.088 49.992 45.8367 41.6835 37.5896 33.5962 29.7166 25.9524 22.3013 18.7604 15.3281 12.0045 8.7931 5.70333 2.75877 0 0 
0 0 1.84816 4.63338 7.69197 10.9035 14.2415 17.7001 21.2808 24.9885 28.83 32.8137 36.9484 41.2422 45.7 50.3173 55.0768 59.8825 64.1943 67.6719 71.2881 75.0994 78.8689 82.6811 86.2089 89.2575 91.8542 93.8718 95.7082 97.2973 99.0142 100.311 100.361 100.26 100.167 99.5491 98.4929 97.1733 95.2414 93.1062 90.4791 87.8798 85.3373 82.5319 79.3549 75.9676 72.0249 68.3554 65.1615 62.0796 58.7723 55.5254 51.8136 47.6175 43.5021 39.5012 35.5822 31.7502 28.0116 24.3692 20.8232 17.3728 14.0181 10.7613 7.61116 4.59634 1.83878 0 0 
0 0 0 3.27754 6.39933 9.59563 12.8934 16.2958 19.8055 23.4275 27.1674 31.0314 35.025 39.1521 43.4122 47.7974 52.2858 56.816 61.0613 64.768 68.5518 72.4543 76.1797 79.7813 83.1675 86.1321 88.7212 90.5565 92.2083 93.8244 95.5426 96.6886 96.7304 96.5579 96.4549 95.8924 94.8681 93.3083 91.4103 89.2556 86.5589 84.0211 81.773 79.129 76.0309 72.6536 69.03 65.6144 62.3532 59.1329 55.8221 52.494 48.8565 44.9367 41.0533 37.2369 33.4878 29.8107 26.2103 22.6896 19.2494 15.8896 12.6101 9.4116 6.29384 3.23208 0 0 0 
0 0 0 2.07743 5.03219 8.18623 11.4409 14.7841 18.2182 21.7485 25.3806 29.1194 32.9683 36.9289 40.9994 45.1744 49.4462 53.7966 58.0354 61.7961 65.6837 69.648 73.1083 76.4494 79.5916 82.2639 84.8028 86.6801 88.362 89.9943 91.347 92.3059 92.6999 92.4716 92.3044 92.0039 90.975 89.2911 87.5333 85.4207 82.5129 79.7902 77.5027 75.0013 72.2277 69.1229 65.9002 62.7398 59.4587 56.1947 52.8444 49.4186 45.865 42.2034 38.5374 34.9052 31.3215 27.7945 24.3295 20.9294 17.5951 14.3261 11.1211 7.98111 4.92051 2.03815 0 0 0 
0 0 0 0 3.46576 6.6762 9.89984 13.1814 16.5345 19.9677 23.4872 27.0972 30.8 34.5957 38.4821 42.4547 46.5092 50.6383 54.7415 58.5514 62.4748 66.2909 69.5242 72.7209 75.8565 78.6097 81.0127 82.9049 84.6547 86.2309 87.1263 87.7128 88.1133 88.04 88.0264 87.9785 86.7818 84.9376 83.1789 81.2284 78.5623 75.8458 73.3775 70.8714 68.2572 65.4778 62.6442 59.778 56.5169 53.3036 49.8995 46.4372 42.9654 39.4745 35.9878 32.5249 29.0985 25.7164 22.3837 19.1034 15.8757 12.6986 9.56721 6.47119 3.36895 0 0 0 0 
0 0 0 0 2.15468 5.15295 8.30084 11.5073 14.7709 18.1005 21.5031 24.9822 28.5388 32.1719 35.8784 39.6532 43.4885 47.3706 51.2611 55.0819 58.9902 62.7004 65.8059 68.8461 71.9747 74.9151 77.1902 79.0875 80.7248 82.0448 82.6143 82.8975 83.2485 83.4662 83.5533 83.5198 82.3397 80.4942 78.7257 76.7961 74.3219 71.7248 69.2523 66.821 64.3588 61.8285 59.1805 56.3656 53.2825 50.2457 46.8766 43.4532 40.0848 36.7415 33.4142 30.1083 26.8311 23.5887 20.3857 17.2246 14.1056 11.0253 7.97794 4.96748 2.08411 0 0 0 0 
0 0 0 0 0 3.48006 6.64327 9.7761 12.9411 16.1605 19.4426 22.7898 26.2012 29.6747 33.2064 36.7911 40.4209 44.0852 47.7708 51.4811 55.2721 58.9209 62.0249 64.883 67.8314 70.7057 73.0702 75.1956 76.6434 77.6984 78.1692 78.2387 78.4408 78.6531 78.5979 78.2437 77.1875 75.6935 74.1232 72.2291 69.8618 67.4514 65.1182 62.8108 60.5228 58.2728 55.8867 52.9275 49.828 46.7913 43.6009 40.3812 37.1793 33.9923 30.8192 27.6631 24.529 21.4217 18.3456 15.3039 12.2969 9.31914 6.35174 3.33667 0 0 0 0 0 
0 0 0 0 0 2.12403 5.01606 8.0127 11.057 14.1576 17.3172 20.5331 23.8015 27.1191 30.4816 33.8838 37.3189 40.7787 44.2557 47.7501 51.2746 54.7625 57.964 60.759 63.6031 66.2603 68.62 70.8119 72.1958 73.2609 73.9105 73.9893 74.0393 74.1267 73.9307 73.3309 72.2471 70.8583 69.2888 67.4564 65.3219 63.1342 60.9443 58.7547 56.5939 54.5229 52.3327 49.373 46.3143 43.3307 40.3214 37.2916 34.2587 31.2294 28.2071 25.196 22.2 19.2236 16.2713 13.3483 10.459 7.60261 4.7732 2.02747 0 0 0 0 0 
0 0 0 0 0 0 3.28426 6.20165 9.11656 12.0957 15.1354 18.2237 21.3528 24.5185 27.717 30.9437 34.1922 37.4548 40.7232 43.9889 47.2392 50.4356 53.5064 56.3789 59.2257 61.5658 63.7432 65.8336 67.4527 68.6345 69.3737 69.6655 69.6479 69.7937 69.5773 68.8675 67.6615 66.2253 64.6194 62.8345 60.8746 58.8257 56.7543 54.6534 52.5358 50.4116 48.164 45.4866 42.7029 39.897 37.0625 34.205 31.3347 28.4593 25.5841 22.7136 19.8514 17.0012 14.1676 11.3591 8.58801 5.85917 3.11097 0 0 0 0 0 0 
0 0 0 0 0 0 1.91934 4.39309 7.1119 9.97322 12.9051 15.8735 18.8676 21.885 24.9243 27.9818 31.0515 34.1253 37.1932 40.2432 43.2579 46.2095 49.0639 51.8069 54.4656 56.7437 58.9204 61.0303 62.9649 64.2682 65.0661 65.4883 65.2624 65.3967 65.2046 64.5002 63.2043 61.7153 60.1218 58.3601 56.5096 54.5847 52.6284 50.5939 48.513 46.3795 44.1246 41.6764 39.1147 36.4918 33.8266 31.1312 28.4159 25.6889 22.9563 20.2228 17.491 14.7622 12.039 9.33233 6.67485 4.13507 1.81151 0 0 0 0 0 0 
0 0 0 0 0 0 0 2.33945 4.96473 7.78021 10.6381 13.4978 16.3591 19.2297 22.1133 25.0077 27.9067 30.8015 33.6813 36.5328 39.3396 42.0805 44.733 47.2806 49.7102 51.9375 54.0643 56.1653 58.2511 59.7565 60.6157 61.1086 60.9807 60.9493 60.6825 60.0068 58.7523 57.2851 55.7944 54.0417 52.2526 50.3995 48.5051 46.5471 44.536 42.4556 40.2769 37.9798 35.5879 33.1288 30.6209 28.0774 25.5089 22.9239 20.3295 17.7303 15.1275 12.5177 9.89381 7.25641 4.64397 2.19476 0 0 0 0 0 0 0 
0 0 0 0 0 0 0 0 2.62738 5.54477 8.36943 11.1203 13.8412 16.5615 19.2915 22.029 24.7661 27.4927 30.1975 32.8673 35.4872 38.0398 40.507 42.8722 45.1185 47.2237 49.2124 51.1057 52.8968 54.3189 55.2167 55.8137 56.1415 56.3332 56.115 55.2122 54.0125 52.788 51.5448 49.7982 48.0123 46.2302 44.4167 42.5512 40.6253 38.6284 36.5478 34.3778 32.1283 29.8145 27.4507 25.0486 22.6182 20.1685 17.7075 15.2413 12.7711 10.2872 7.76215 5.15553 2.44987 0 0 0 0 0 0 0 0 
0 0 0 0 0 0 0 0 0 3.40208 6.17454 8.77276 11.3239 13.8836 16.4623 19.0507 21.636 24.2058 26.7485 29.2518 31.7021 34.0844 36.3831 38.5826 40.6681 42.6265 44.4559 46.1482 47.6686 48.9218 49.8273 50.4627 50.9048 51.1826 51.1412 50.2827 49.1982 48.0926 46.9345 45.3798 43.7485 42.0873 40.3804 38.6156 36.7857 34.8848 32.9082 30.8555 28.7328 26.5504 24.3188 22.048 19.7469 17.4245 15.0907 12.7562 10.4286 8.09776 5.71207 3.15367 0 0 0 0 0 0 0 0 0 
0 0 0 0 0 0 0 0 0 1.88899 4.15388 6.47234 8.79794 11.1869 13.6231 16.0756 18.5214 20.9461 23.3389 25.6892 27.985 30.2128 32.3583 34.407 36.3447 38.1583 39.8364 41.3627 42.7075 43.8261 44.688 45.3133 45.7334 45.9665 45.9424 45.2792 44.3819 43.3873 42.2806 40.9511 39.5085 37.99 36.4022 34.745 33.017 31.2169 29.3448 27.4029 25.3972 23.3355 21.2263 19.0776 16.8968 14.6919 12.4744 10.2644 8.08922 5.96319 3.8347 1.74709 0 0 0 0 0 0 0 0 0 
0 0 0 0 0 0 0 0 0 0 2.07966 4.16476 6.20864 8.44293 10.7676 13.1073 15.4279 17.7183 19.9719 22.1811 24.3358 26.4235 28.4304 30.3424 32.1454 33.8255 35.3688 36.7585 37.9728 38.9871 39.7853 40.3692 40.7451 40.9085 40.8238 40.3529 39.6524 38.794 37.7908 36.6294 35.3446 33.9618 32.4935 30.9452 29.3203 27.6212 25.851 24.0143 22.1175 20.168 18.1732 16.1394 14.0709 11.9719 9.85074 7.73768 5.70072 3.83109 1.91645 0 0 0 0 0 0 0 0 0 0 
0 0 0 0 0 0 0 0 0 0 0 1.89842 3.42891 5.6086 7.89699 10.1582 12.3645 14.5273 16.6492 18.7277 20.7536 22.7149 24.5975 26.3869 28.0689 29.6296 31.0548 32.3297 33.438 34.3641 35.097 35.6329 35.9694 36.0986 36.0003 35.6456 35.0808 34.3456 33.4593 32.431 31.2787 30.0193 28.6645 27.2221 25.6978 24.0965 22.4237 20.6859 18.8905 17.0458 15.1592 13.2358 11.2755 9.27389 7.21903 5.13487 3.1449 1.744 0 0 0 0 0 0 0 0 0 0 0 
0 0 0 0 0 0 0 0 0 0 0 0 0 2.66556 5.05362 7.26382 9.34463 11.3771 13.3701 15.3267 17.2361 19.0849 20.8576 22.5389 24.1139 25.569 26.8912 28.0676 29.0856 29.9342 30.6058 31.0959 31.4011 31.5162 31.4333 31.1484 30.6795 30.0481 29.27 28.3564 27.3199 26.1723 24.9232 23.5809 22.1522 20.6434 19.0616 17.4149 15.7128 13.9657 12.182 10.369 8.52143 6.62918 4.61661 2.43787 0 0 0 0 0 0 0 0 0 0 0 0 0 
0 0 0 0 0 0 0 0 0 0 0 0 0 0 2.38813 4.49889 6.37317 8.2663 10.1272 11.9731 13.7791 15.531 17.2093 18.7971 20.2787 21.6412 22.8734 23.9638 24.9024 25.6815 26.2961 26.7438 27.0229 27.1316 27.0685 26.835 26.4407 25.8975 25.216 24.4048 23.4723 22.4265 21.2752 20.0262 18.6867 17.2634 15.7642 14.1992 12.5803 10.922 9.23404 7.53675 5.81209 4.10479 2.18035 0 0 0 0 0 0 0 0 0 0 0 0 0 0 
0 0 0 0 0 0 0 0 0 0 0 0 0 0 0 1.97043 3.38284 5.18778 6.89932 8.65947 10.3761 12.0508 13.6515 15.1614 16.5627 17.844 18.9972 20.0118 20.8788 21.5932 22.1534 22.5602 22.815 22.919 22.8739 22.6826 22.3509 21.8853 21.2916 20.5746 19.7381 18.7863 17.725 16.5618 15.305 13.9594 12.5325 11.0375 9.48718 7.90787 6.29547 4.7319 3.08538 1.79754 0 0 0 0 0 0 0 0 0 0 0 0 0 0 0 
0 0 0 0 0 0 0 0 0 0 0 0 0 0 0 0 0 2.20265 3.62283 5.38934 7.01509 8.64438 10.1846 11.6345 12.9665 14.1747 15.2597 16.2075 17.0079 17.659 18.1641 18.5287 18.7578 18.8555 18.8254 18.6707 18.3949 18.001 17.4907 16.8638 16.1191 15.2556 14.2765 13.1912 12.012 10.7368 9.36875 7.93128 6.42303 4.92685 3.30808 2.00999 0 0 0 0 0 0 0 0 0 0 0 0 0 0 0 0 0 
0 0 0 0 0 0 0 0 0 0 0 0 0 0 0 0 0 0 0 2.25997 3.65053 5.32708 6.80796 8.22549 9.49412 10.6288 11.6593 12.5505 13.2863 13.8706 14.3155 14.6327 14.8319 14.9199 14.9015 14.7798 14.557 14.2332 13.8063 13.2709 12.6187 11.8407 10.934 9.91461 8.81516 7.60688 6.27449 4.89579 3.34681 2.06841 0 0 0 0 0 0 0 0 0 0 0 0 0 0 0 0 0 0 0 
0 0 0 0 0 0 0 0 0 0 0 0 0 0 0 0 0 0 0 0 0 2.20544 3.49469 4.96535 6.15575 7.18692 8.19807 9.04913 9.71604 10.2219 10.5944 10.8548 11.0173 11.0908 11.0807 10.9902 10.82 10.5685 10.2303 9.79481 9.24428 8.5543 7.7044 6.71799 5.72711 4.60109 3.22654 2.03058 0 0 0 0 0 0 0 0 0 0 0 0 0 0 0 0 0 0 0 0 0 
0 0 0 0 0 0 0 0 0 0 0 0 0 0 0 0 0 0 0 0 0 0 0 1.98549 2.97659 3.76512 4.89698 5.73187 6.30688 6.7064 6.98544 7.17484 7.2916 7.3451 7.3405 7.28021 7.1644 6.99048 6.75165 6.43376 6.00929 5.42784 4.61126 3.52586 2.7742 1.84382 0 0 0 0 0 0 0 0 0 0 0 0 0 0 0 0 0 0 0 0 0 0 0 
0 0 0 0 0 0 0 0 0 0 0 0 0 0 0 0 0 0 0 0 0 0 0 0 0 0 1.89287 2.67448 3.0732 3.31142 3.4661 3.56753 3.62917 3.65756 3.65595 3.62576 3.56688 3.47736 3.35207 3.17927 2.93127 2.53651 1.78694 0 0 0 0 0 0 0 0 0 0 0 0 0 0 0 0 0 0 0 0 0 0 0 0 0 0 
0 0 0 0 0 0 0 0 0 0 0 0 0 0 0 0 0 0 0 0 0 0 0 0 0 0 0 0 0 0 0 0 0 0 0 0 0 0 0 0 0 0 0 0 0 0 0 0 0 0 0 0 0 0 0 0 0 0 0 0 0 0 0 0 0 0 0 0 0 
