0 0 0 0 0 0 0 0 0 0 0 0 0 0 0 0 0 0 0 0 0 0 0 0 0 0 0 0 0 0 0 0 0 0 0 0 0 0 0 0 0 0 0 0 0 0 0 0 0 0 0 0 0 0 0 0 0 0 0 0 0 0 0 0 0 0 0 0 0 
0 0 0 0 0 0 0 0 0 0 0 0 0 0 0 0 0 0 0 0 0 0 0 0 0 0 -3.73321 -5.281 -6.07809 -6.56287 -6.88713 -7.11072 -7.26009 -7.34774 -7.3794 -7.35667 -7.27776 -7.13672 -6.92071 -6.60283 -6.12233 -5.32541 -3.7684 0 0 0 0 0 0 0 0 0 0 0 0 0 0 0 0 0 0 0 0 0 0 0 0 0 0 
0 0 0 0 0 0 0 0 0 0 0 0 0 0 0 0 0 0 0 0 0 0 0 -3.90313 -5.85481 -7.4123 -9.65186 -11.3127 -12.4685 -13.2863 -13.8749 -14.2957 -14.5819 -14.7515 -14.8132 -14.7695 -14.6177 -14.3484 -13.9433 -13.3683 -12.5611 -11.4109 -9.74818 -7.49712 -5.93035 -3.9585 0 0 0 0 0 0 0 0 0 0 0 0 0 0 0 0 0 0 0 0 0 0 0 
0 0 0 0 0 0 0 0 0 0 0 0 0 0 0 0 0 0 0 0 0 -4.33125 -6.86478 -9.75771 -12.1038 -14.1425 -16.1492 -17.8494 -19.1969 -20.2387 -21.0307 -21.6152 -22.0203 -22.2631 -22.3523 -22.2906 -22.075 -21.6959 -21.1358 -20.366 -19.3427 -18.009 -16.3163 -14.3099 -12.2658 -9.90364 -6.97917 -4.41022 0 0 0 0 0 0 0 0 0 0 0 0 0 0 0 0 0 0 0 0 0 
0 0 0 0 0 0 0 0 0 0 0 0 0 0 0 0 0 0 0 -4.43782 -7.16789 -10.4602 -13.3702 -16.1591 -18.6603 -20.9047 -22.9532 -24.7386 -26.2312 -27.4411 -28.3938 -29.114 -29.6212 -29.9282 -30.0423 -29.9657 -29.6957 -29.2243 -28.5381 -27.617 -26.435 -24.9659 -23.1981 -21.1605 -18.9193 -16.4111 -13.6028 -10.6617 -7.32044 -4.54035 0 0 0 0 0 0 0 0 0 0 0 0 0 0 0 0 0 0 0 
0 0 0 0 0 0 0 0 0 0 0 0 0 0 0 0 0 -4.32831 -7.11651 -10.5834 -13.7735 -16.9715 -19.9967 -22.8482 -25.4734 -27.8629 -30.0202 -31.9208 -33.5479 -34.9008 -35.9893 -36.8259 -37.4221 -37.7862 -37.9231 -37.8343 -37.5176 -36.9677 -36.1754 -35.1288 -33.8144 -32.2215 -30.3498 -28.2148 -25.8396 -23.2186 -20.3594 -17.3133 -14.0797 -10.8409 -7.30553 -4.45171 0 0 0 0 0 0 0 0 0 0 0 0 0 0 0 0 0 
0 0 0 0 0 0 0 0 0 0 0 0 0 0 0 -3.87746 -6.65299 -10.1967 -13.5543 -17.0058 -20.3714 -23.6555 -26.7968 -29.7635 -32.5223 -35.0534 -37.3438 -39.3766 -41.1388 -42.625 -43.8367 -44.7783 -45.4551 -45.8714 -46.0297 -45.9306 -45.5729 -44.9533 -44.0671 -42.9084 -41.4721 -39.7561 -37.7646 -35.5095 -33.0057 -30.2643 -27.3028 -24.1526 -20.8441 -17.4382 -13.9295 -10.5013 -6.86666 -4.00927 0 0 0 0 0 0 0 0 0 0 0 0 0 0 0 
0 0 0 0 0 0 0 0 0 0 0 0 0 0 -4.70496 -8.85684 -12.5378 -16.2513 -19.8982 -23.5139 -27.0507 -30.4823 -33.7716 -36.8868 -39.7988 -42.4845 -44.925 -47.1031 -49.0056 -50.6238 -51.9541 -52.9955 -53.7487 -54.2146 -54.3935 -54.2856 -53.89 -53.2057 -52.2312 -50.9657 -49.4095 -47.5661 -45.4431 -43.0526 -40.4096 -37.5301 -34.4348 -31.1501 -27.7059 -24.1383 -20.4728 -16.7575 -12.9561 -9.17041 -4.88056 0 0 0 0 0 0 0 0 0 0 0 0 0 0 
0 0 0 0 0 0 0 0 0 0 0 0 0 -5.26026 -9.96299 -14.3072 -18.39 -22.3724 -26.2735 -30.1011 -33.8352 -37.4514 -40.9206 -44.2133 -47.3018 -50.1608 -52.7684 -55.1054 -57.1565 -58.9106 -60.3603 -61.501 -62.3297 -62.8446 -63.0443 -62.9281 -62.4958 -61.7481 -60.6865 -59.3136 -57.6342 -55.6558 -53.3891 -50.8483 -48.0498 -45.0119 -41.7562 -38.307 -34.6912 -30.9363 -27.0659 -23.0997 -19.0297 -14.8358 -10.3518 -5.47639 0 0 0 0 0 0 0 0 0 0 0 0 0 
0 0 0 0 0 0 0 0 0 0 0 -3.75925 -6.7819 -11.0781 -15.5796 -20.0189 -24.3427 -28.5747 -32.7222 -36.7817 -40.7375 -44.5677 -48.2459 -51.7441 -55.0341 -58.0886 -60.8824 -63.3936 -65.6045 -67.5017 -69.0755 -70.3183 -71.2246 -71.7898 -72.0111 -71.8868 -71.4171 -70.6045 -69.4529 -67.968 -66.1578 -64.0336 -61.6094 -58.9018 -55.9292 -52.7116 -49.2709 -45.6307 -41.8155 -37.8498 -33.7547 -29.546 -25.2271 -20.7912 -16.2146 -11.5537 -7.08845 -3.93601 0 0 0 0 0 0 0 0 0 0 0 
0 0 0 0 0 0 0 0 0 0 -4.12734 -8.25512 -12.2903 -16.6905 -21.2583 -25.846 -30.3871 -34.8617 -39.2588 -43.5659 -47.7656 -51.8359 -55.7511 -59.4831 -63.0019 -66.277 -69.279 -71.9821 -74.3661 -76.4163 -78.1215 -79.4724 -80.4604 -81.079 -81.3234 -81.1907 -80.6815 -79.7999 -78.5526 -76.9477 -74.9956 -72.7113 -70.113 -67.2202 -64.0536 -60.6345 -56.9852 -53.1292 -49.0905 -44.8926 -40.5572 -36.1023 -31.5415 -26.8872 -22.1617 -17.4354 -12.8641 -8.6556 -4.33435 0 0 0 0 0 0 0 0 0 0 
0 0 0 0 0 0 0 0 0 -3.75848 -8.25423 -12.8436 -17.4336 -22.1353 -26.9173 -31.7197 -36.4981 -41.2262 -45.8853 -50.4576 -54.9231 -59.2592 -63.4397 -67.4353 -71.2134 -74.7385 -77.9746 -80.8897 -83.4615 -85.676 -87.522 -88.9892 -90.0657 -90.7425 -91.0129 -90.871 -90.3181 -89.3609 -88.01 -86.2746 -84.1655 -81.7032 -78.9111 -75.8126 -72.4306 -68.7875 -64.9063 -60.8105 -56.5245 -52.073 -47.4792 -42.7646 -37.9494 -33.0546 -28.1096 -23.1622 -18.2768 -13.488 -8.68179 -3.95865 0 0 0 0 0 0 0 0 0 
0 0 0 0 0 0 0 0 0 -6.77971 -12.2875 -17.4315 -22.4652 -27.4997 -32.556 -37.6173 -42.6594 -47.6598 -52.5987 -57.4559 -62.2102 -66.8381 -71.3131 -75.605 -79.6778 -83.489 -86.991 -90.1407 -92.9143 -95.304 -97.3012 -98.8966 -100.071 -100.812 -101.115 -100.962 -100.359 -99.3157 -97.8516 -95.9753 -93.6887 -91.0248 -88.0155 -84.6884 -81.0685 -77.1788 -73.0418 -68.6818 -64.1243 -59.3956 -54.5219 -49.5277 -44.4367 -39.2722 -34.0598 -28.8269 -23.593 -18.3377 -12.9462 -7.15282 0 0 0 0 0 0 0 0 0 
0 0 0 0 0 0 0 0 -5.25725 -11.0729 -16.6844 -22.1297 -27.4961 -32.8424 -38.1896 -43.5343 -48.8621 -54.1551 -59.3936 -64.5571 -69.6236 -74.5697 -79.3698 -83.9938 -88.4038 -92.5485 -96.3599 -99.7679 -102.751 -105.324 -107.482 -109.225 -110.508 -111.322 -111.67 -111.505 -110.84 -109.691 -108.106 -106.086 -103.589 -100.692 -97.4377 -93.8569 -89.9763 -85.8172 -81.4006 -76.7507 -71.8951 -66.8633 -61.6849 -56.3877 -50.9974 -45.5378 -40.0305 -34.4928 -28.9305 -23.3237 -17.6124 -11.7065 -5.56719 0 0 0 0 0 0 0 0 
0 0 0 0 0 0 0 -4.70133 -9.95611 -15.5702 -21.2477 -26.9067 -32.5471 -38.1842 -43.8257 -49.468 -55.0998 -60.7048 -66.2637 -71.7553 -77.1574 -82.4474 -87.6025 -92.5967 -97.3952 -101.942 -106.132 -109.82 -112.996 -115.732 -118.066 -119.985 -121.412 -122.293 -122.713 -122.548 -121.8 -120.501 -118.777 -116.633 -113.89 -110.715 -107.187 -103.325 -99.1626 -94.7131 -89.9925 -85.0252 -79.842 -74.4777 -68.9668 -63.3408 -57.6275 -51.851 -46.0314 -40.1833 -34.3127 -28.414 -22.4734 -16.4934 -10.5623 -4.99495 0 0 0 0 0 0 0 
0 0 0 0 0 0 -3.87394 -8.8492 -14.2957 -20.0042 -25.8293 -31.7024 -37.6014 -43.5217 -49.4609 -55.4124 -61.3644 -67.3006 -73.201 -79.043 -84.8032 -90.4601 -95.996 -101.395 -106.639 -111.69 -116.406 -120.383 -123.631 -126.45 -128.96 -131.106 -132.741 -133.687 -134.204 -134.07 -133.215 -131.701 -129.795 -127.535 -124.566 -121.091 -117.256 -113.095 -108.636 -103.88 -98.8312 -93.5158 -87.9701 -82.2388 -76.3638 -70.3811 -64.3208 -58.2074 -52.0609 -45.8962 -39.7229 -33.5463 -27.3738 -21.2313 -15.1938 -9.41748 -4.12765 0 0 0 0 0 0 
0 0 0 0 0 0 -6.64655 -12.5259 -18.3731 -24.3216 -30.3628 -36.4723 -42.6342 -48.8403 -55.0838 -61.3561 -67.6447 -73.9322 -80.1967 -86.4125 -92.5525 -98.5936 -104.526 -110.35 -116.074 -121.761 -127.207 -131.45 -134.663 -137.531 -140.241 -142.609 -144.364 -145.414 -146.02 -145.829 -144.865 -143.264 -141.264 -138.893 -135.619 -131.78 -127.598 -123.14 -118.397 -113.34 -107.936 -102.236 -96.2839 -90.1434 -83.8683 -77.4992 -71.0671 -64.597 -58.1086 -51.6177 -45.1364 -38.6745 -32.2441 -25.8643 -19.5639 -13.3536 -7.09311 0 0 0 0 0 0 
0 0 0 0 0 -4.32398 -10.1864 -16.2346 -22.3495 -28.546 -34.8283 -41.1898 -47.623 -54.1213 -60.6779 -67.2837 -73.926 -80.5868 -87.2412 -93.8579 -100.4 -106.836 -113.165 -119.388 -125.538 -131.751 -137.727 -142.261 -145.635 -148.689 -151.696 -154.321 -156.15 -157.347 -157.966 -157.691 -156.734 -155.195 -153.233 -150.795 -147.087 -142.753 -138.172 -133.389 -128.398 -123.102 -117.324 -111.21 -104.786 -98.1827 -91.467 -84.6801 -77.8516 -71.0048 -64.1589 -57.3297 -50.5303 -43.7714 -37.0636 -30.418 -23.844 -17.3397 -10.8912 -4.62837 0 0 0 0 0 
0 0 0 0 0 -7.10954 -13.5403 -19.8768 -26.2441 -32.6849 -39.2144 -45.8355 -52.5466 -59.3441 -66.2227 -73.1749 -80.189 -87.2475 -94.3235 -101.377 -108.355 -115.184 -121.871 -128.423 -134.891 -141.319 -147.438 -152.433 -156.276 -159.807 -163.169 -166.076 -168.279 -169.716 -170.321 -169.952 -168.956 -167.435 -165.474 -162.823 -158.762 -154.013 -148.974 -143.759 -138.489 -132.997 -126.92 -120.431 -113.466 -106.335 -99.1368 -91.9026 -84.6544 -77.4116 -70.1923 -63.012 -55.8836 -48.8172 -41.821 -34.9001 -28.0545 -21.2701 -14.5036 -7.62227 0 0 0 0 0 
0 0 0 0 -4.4343 -10.5738 -16.9887 -23.488 -30.0652 -36.7351 -43.5088 -50.3913 -57.384 -64.4858 -71.6941 -79.004 -86.4076 -93.8908 -101.428 -108.973 -116.45 -123.62 -130.582 -137.456 -144.254 -150.84 -157.066 -162.576 -167.022 -171.092 -174.923 -178.255 -180.897 -182.476 -182.956 -182.662 -181.795 -180.279 -178.225 -175.238 -170.659 -165.499 -160.034 -154.346 -148.56 -142.676 -136.444 -129.701 -122.255 -114.554 -106.843 -99.1393 -91.4516 -83.795 -76.1868 -68.6425 -61.1749 -53.793 -46.5029 -39.3071 -32.2035 -25.1827 -18.2309 -11.357 -4.76748 0 0 0 0 
0 0 0 0 -7.16334 -13.7628 -20.3525 -27.0215 -33.7935 -40.6816 -47.6943 -54.8369 -62.1121 -69.5211 -77.0637 -84.7394 -92.5465 -100.48 -108.525 -116.627 -124.645 -132.108 -139.347 -146.648 -153.847 -160.642 -166.98 -172.829 -177.979 -182.698 -187.054 -190.718 -193.467 -195.238 -195.954 -195.96 -195.234 -193.504 -191.092 -187.813 -182.759 -177.152 -171.25 -165.112 -158.766 -152.287 -145.662 -138.604 -130.948 -122.765 -114.542 -106.36 -98.2179 -90.1301 -82.1171 -74.1965 -66.3804 -58.6769 -51.0903 -43.6221 -36.2697 -29.0264 -21.8803 -14.8075 -7.71287 0 0 0 0 
0 0 0 -4.3305 -10.4562 -16.9617 -23.6371 -30.452 -37.4058 -44.5034 -51.7499 -59.1499 -66.7066 -74.4226 -82.3004 -90.3435 -98.5588 -106.959 -115.546 -124.22 -132.62 -140.458 -148.064 -155.752 -163.396 -170.686 -177.35 -183.592 -189.336 -194.502 -199.186 -203.272 -206.362 -208.357 -209.383 -209.744 -209.29 -207.284 -204.284 -200.514 -195.05 -188.937 -182.645 -176.084 -169.129 -162.072 -154.918 -147.393 -139.494 -130.863 -122.18 -113.541 -104.93 -96.3903 -87.9552 -79.6458 -71.4734 -63.4438 -55.5596 -47.8211 -40.2266 -32.7729 -25.4565 -18.2798 -11.2765 -4.674 0 0 0 
0 0 0 -6.86579 -13.3693 -19.9906 -26.782 -33.7436 -40.8745 -48.1762 -55.6521 -63.3061 -71.1417 -79.1623 -87.3717 -95.7756 -104.386 -113.233 -122.36 -131.539 -140.045 -148.25 -156.465 -164.62 -172.782 -180.803 -188.07 -194.879 -201.214 -206.884 -211.924 -216.367 -219.905 -222.197 -223.283 -223.68 -223.278 -221.123 -217.79 -213.525 -207.684 -200.94 -194.09 -187.117 -179.484 -171.816 -164.156 -156.226 -147.965 -138.837 -129.712 -120.683 -111.57 -102.546 -93.6677 -84.9581 -76.4235 -68.0652 -59.8831 -51.8762 -44.043 -36.3819 -28.893 -21.5786 -14.4394 -7.41949 0 0 0 
0 0 -3.90645 -9.76339 -16.1645 -22.8496 -29.7566 -36.8661 -44.1722 -51.6747 -59.3763 -67.2807 -75.3918 -83.7133 -92.2484 -101.001 -109.977 -119.179 -128.562 -137.921 -146.785 -155.687 -164.688 -173.363 -181.958 -190.61 -198.835 -206.594 -213.623 -219.892 -225.302 -230.049 -233.964 -236.682 -238.008 -238.225 -237.439 -235.169 -231.601 -226.637 -220.292 -213.078 -205.592 -197.986 -189.665 -181.251 -172.999 -164.786 -156.096 -146.517 -137.036 -127.724 -118.122 -108.556 -99.2114 -90.0954 -81.1974 -72.5106 -64.0314 -55.7576 -47.687 -39.8189 -32.1549 -24.7023 -17.4829 -10.5646 -4.22939 0 0 
0 0 -5.86242 -12.1169 -18.6755 -25.4868 -32.5287 -39.7919 -47.2734 -54.9742 -62.8978 -71.0486 -79.4315 -88.0505 -96.9077 -106.004 -115.339 -124.908 -134.632 -144.243 -153.582 -162.998 -172.305 -181.549 -190.936 -200.311 -209.556 -218.471 -226.19 -233.115 -239.17 -244.455 -248.87 -252.088 -253.728 -253.631 -252.259 -249.552 -245.578 -240.015 -233.12 -225.463 -217.153 -208.575 -199.542 -190.411 -181.504 -172.75 -163.484 -153.607 -143.778 -134.174 -124.306 -114.319 -104.526 -95.0148 -85.76 -76.7482 -67.9745 -59.4356 -51.1287 -43.0519 -35.2052 -27.5928 -20.2252 -13.1266 -6.35298 0 0 
0 0 -7.42638 -14.1661 -20.934 -27.8934 -35.0796 -42.4993 -50.1553 -58.0511 -66.1919 -74.5844 -83.2353 -92.1495 -101.328 -110.766 -120.457 -130.437 -140.667 -150.624 -160.351 -170.289 -179.87 -189.652 -199.794 -209.884 -219.862 -229.593 -238.224 -246.185 -253.376 -259.56 -264.743 -268.519 -270.385 -270.074 -268.226 -264.792 -259.883 -253.606 -246.297 -238.226 -228.904 -219.158 -209.306 -199.413 -189.688 -180.122 -170.278 -160.129 -149.869 -139.848 -129.777 -119.609 -109.533 -99.6778 -90.0797 -80.7477 -71.6827 -62.8817 -54.3404 -46.0546 -38.0214 -30.2385 -22.6986 -15.3636 -8.05595 0 0 
0 -3.74415 -9.67699 -16.1872 -23.0009 -30.0733 -37.3968 -44.9706 -52.7975 -60.8828 -69.2344 -77.8619 -86.7756 -95.984 -105.489 -115.276 -125.285 -135.556 -146.094 -156.401 -166.566 -177.033 -187.13 -197.438 -208.11 -218.897 -229.673 -240.186 -250.193 -259.527 -268.083 -275.577 -281.901 -286.24 -288.33 -288.083 -285.785 -281.519 -275.52 -268.201 -259.966 -250.91 -240.514 -229.701 -219.002 -208.37 -197.865 -187.381 -176.83 -166.249 -155.685 -145.398 -135.17 -124.715 -114.306 -104.083 -94.1334 -84.4802 -75.1268 -66.0681 -57.2965 -48.8048 -40.5873 -32.6413 -24.9672 -17.5731 -10.5073 -4.06661 0 
0 -5.2996 -11.3503 -17.9047 -24.809 -32.0022 -39.4636 -47.1889 -55.1812 -63.4481 -72.0009 -80.8533 -90.0211 -99.5216 -109.37 -119.544 -129.83 -140.244 -150.898 -161.585 -172.33 -183.366 -194.215 -205.017 -216.191 -227.712 -239.449 -251.027 -262.547 -273.484 -283.664 -292.765 -300.419 -305.634 -308.276 -308.207 -305.394 -300.05 -292.681 -283.841 -273.954 -263.211 -251.757 -240.1 -228.611 -217.218 -205.975 -194.578 -183.308 -172.269 -161.437 -150.895 -140.56 -129.695 -118.86 -108.216 -97.8903 -87.9129 -78.2762 -68.9675 -59.9729 -51.2806 -42.8817 -34.7721 -26.9558 -19.4544 -12.3334 -5.75919 0 
0 -6.10396 -12.5198 -19.2724 -26.3282 -33.6628 -41.2667 -49.1402 -57.2901 -65.7277 -74.4679 -83.5291 -92.9341 -102.712 -112.903 -123.474 -134.047 -144.625 -155.458 -166.417 -177.658 -189.239 -200.771 -212.087 -223.887 -236.321 -249.205 -261.834 -274.748 -287.649 -299.878 -311.062 -320.637 -327.433 -330.936 -330.911 -327.361 -320.626 -311.445 -300.484 -288.542 -275.9 -263.054 -250.32 -237.883 -225.543 -213.4 -201.344 -189.537 -178.024 -166.914 -156.045 -145.48 -134.333 -123.103 -112.007 -101.299 -91.0047 -81.0978 -71.5526 -62.347 -53.463 -44.8868 -36.6096 -28.6294 -20.9553 -13.6127 -6.63677 0 
0 -6.5964 -13.3527 -20.3368 -27.5685 -35.0542 -42.8001 -50.8151 -59.1114 -67.7047 -76.6137 -85.8612 -95.4746 -105.487 -115.932 -126.791 -137.745 -148.593 -159.7 -170.902 -182.51 -194.575 -206.597 -218.484 -231.04 -244.521 -258.721 -272.511 -286.873 -301.862 -316.444 -330.283 -342.607 -351.965 -357.179 -357.35 -352.341 -343.416 -331.468 -317.6 -303.225 -288.661 -274.191 -260.03 -246.322 -233.165 -220.353 -207.813 -195.501 -183.472 -171.963 -160.593 -149.664 -138.485 -126.948 -115.387 -104.296 -93.7089 -83.5577 -73.7981 -64.3994 -55.3376 -46.5931 -38.1501 -29.9968 -22.1247 -14.5252 -7.17524 0 
0 -6.9289 -13.9579 -21.1536 -28.5548 -36.1855 -44.0644 -52.2085 -60.6359 -69.3661 -78.4212 -87.8272 -97.616 -107.831 -118.536 -129.713 -141 -151.953 -163.174 -174.791 -186.773 -199.277 -211.67 -224.096 -237.339 -251.606 -266.744 -281.968 -298.179 -315.52 -333.045 -350.353 -366.608 -379.943 -388.08 -388.883 -381.238 -368.236 -352.013 -334.665 -317.394 -300.8 -284.92 -269.343 -254.29 -240.301 -227.02 -214 -200.972 -188.339 -176.262 -164.374 -153.083 -141.647 -129.816 -118.071 -106.777 -95.9773 -85.6259 -75.6827 -66.115 -56.8949 -47.9978 -39.401 -31.0831 -23.0216 -15.1882 -7.53899 0 
0 -7.1613 -14.3964 -21.765 -29.3115 -37.0687 -45.0633 -53.3187 -61.8575 -70.7024 -79.8778 -89.4105 -99.3311 -109.676 -120.467 -131.642 -143.097 -154.443 -165.964 -177.989 -190.233 -203.132 -215.863 -228.808 -242.634 -257.562 -273.611 -290.548 -308.767 -328.352 -349.161 -370.874 -392.737 -412.406 -425.654 -427.918 -415.551 -395.528 -373.123 -351.335 -330.636 -311.881 -294.741 -277.845 -261.454 -246.509 -232.774 -219.223 -205.472 -192.313 -179.738 -167.295 -155.469 -143.678 -131.843 -120.159 -108.758 -97.7976 -87.286 -77.1917 -67.4829 -58.1294 -49.1021 -40.3729 -31.9129 -23.6904 -15.667 -7.79252 0 
0 -7.31992 -14.7013 -22.1986 -29.8573 -37.7145 -45.8014 -54.1457 -62.7729 -71.7082 -80.9771 -90.606 -100.622 -111.052 -121.896 -133.048 -144.463 -155.979 -167.764 -180.042 -192.627 -205.771 -218.73 -232.28 -246.751 -262.33 -279.297 -297.755 -317.996 -339.775 -364.032 -391.107 -420.708 -450.586 -473.77 -480.667 -457.572 -424.571 -393.361 -366.187 -341.981 -320.754 -301.754 -283.777 -266.784 -251.21 -236.744 -222.513 -208.405 -195.107 -182.385 -169.626 -157.457 -145.53 -133.61 -121.802 -110.265 -99.1696 -88.5288 -78.3151 -68.4956 -59.0375 -49.9084 -41.0756 -32.5052 -24.1601 -15.9969 -7.96408 0 
0 -7.41712 -14.8902 -22.4709 -30.2047 -38.1306 -46.2823 -54.6896 -63.3802 -72.3805 -81.7165 -91.4142 -101.499 -111.994 -122.898 -134.103 -145.576 -157.173 -169.036 -181.344 -194.089 -207.247 -220.524 -234.563 -249.555 -265.758 -283.535 -302.891 -324.551 -348.323 -375.786 -408.139 -447.052 -492.791 -530.553 -540.572 -502.765 -451.153 -409.903 -377.756 -350.567 -327.112 -306.367 -287.462 -270.197 -254.318 -239.211 -224.569 -210.318 -196.747 -183.83 -171.162 -159.094 -147.329 -135.183 -123.03 -111.305 -100.086 -89.3447 -79.0441 -69.147 -59.6168 -50.4182 -41.5158 -32.8724 -24.4478 -16.1966 -8.06684 0 
0 -7.45838 -14.9714 -22.5901 -30.36 -38.321 -46.5074 -54.9503 -63.6778 -72.717 -82.0943 -91.8354 -101.966 -112.508 -123.473 -134.809 -146.534 -158.164 -169.885 -182.113 -194.9 -208.053 -221.579 -235.84 -251.137 -267.758 -285.963 -305.496 -327.675 -352.793 -382.392 -417.964 -463.503 -519.06 -552.938 -549.442 -511.603 -460.864 -417.793 -383.561 -354.863 -330.244 -308.677 -289.395 -272.008 -255.935 -240.608 -225.762 -211.381 -197.533 -184.481 -172.081 -160.321 -148.664 -136.258 -123.75 -111.841 -100.525 -89.7197 -79.3698 -69.4313 -59.8645 -50.632 -41.6969 -33.0207 -24.5621 -16.2748 -8.1067 0 
0 -7.44504 -14.9469 -22.5579 -30.3244 -38.2858 -46.4762 -54.9262 -63.6637 -72.7156 -82.1081 -91.8676 -102.02 -112.591 -123.571 -134.866 -146.631 -158.41 -170.133 -182.222 -194.881 -207.958 -221.67 -236.061 -251.409 -268.033 -286.241 -305.782 -327.848 -352.796 -382.053 -416.992 -460.442 -512.823 -550.755 -551.337 -510.2 -459.155 -416.956 -382.795 -354.182 -329.649 -308.205 -289.28 -272.201 -256.08 -240.701 -225.663 -211.216 -197.392 -184.423 -172.344 -160.798 -148.781 -136.226 -123.706 -111.785 -100.454 -89.6389 -79.2841 -69.3439 -59.7779 -50.5485 -41.619 -32.9515 -24.5051 -16.2338 -8.08514 0 
0 -7.37494 -14.8131 -22.3705 -30.0939 -38.0215 -46.1856 -54.6146 -63.3352 -72.3733 -81.7551 -91.5071 -101.655 -112.219 -123.191 -134.462 -146.102 -157.959 -169.816 -181.788 -194.248 -207.241 -220.905 -235.132 -250.201 -266.409 -284.134 -303.292 -324.605 -348.302 -375.585 -407.406 -445.047 -490.81 -533.555 -536.423 -491.516 -444.954 -407.702 -376.206 -349.279 -325.876 -305.301 -287.074 -270.619 -254.859 -239.597 -224.507 -210.049 -196.344 -183.47 -171.37 -159.724 -147.592 -135.233 -122.937 -111.137 -99.8671 -89.0977 -78.7837 -68.8823 -59.3547 -50.1652 -41.2791 -32.6612 -24.273 -16.0702 -8.00007 0 
0 -7.24166 -14.5599 -22.017 -29.6591 -37.5207 -45.6299 -54.0115 -62.6892 -71.6875 -81.0318 -90.7505 -100.875 -111.442 -122.456 -133.717 -145.251 -157.131 -169.052 -180.873 -192.988 -205.605 -218.9 -232.893 -247.651 -263.205 -280.02 -298.308 -318.344 -340.229 -364.627 -391.655 -420.938 -452.276 -480.114 -481.145 -452.856 -420.665 -391.276 -364.633 -340.853 -319.402 -300.121 -282.691 -266.794 -251.558 -236.588 -221.834 -207.731 -194.341 -181.732 -169.541 -157.769 -145.938 -133.822 -121.646 -109.948 -98.7788 -88.1011 -77.8709 -68.0468 -58.5934 -49.4783 -40.6711 -32.1412 -23.8554 -15.7739 -7.84497 0 
0 -7.03177 -14.168 -21.4786 -29.0047 -36.7724 -44.8019 -53.1121 -61.7228 -70.6555 -79.9344 -89.5879 -99.652 -110.181 -121.189 -132.426 -143.899 -155.621 -167.525 -179.413 -191.196 -203.256 -216.053 -229.613 -243.907 -258.725 -274.445 -291.493 -309.865 -329.325 -350.186 -372.255 -394.183 -414.539 -429.124 -429.392 -414.914 -393.993 -371.945 -350.447 -330.037 -310.821 -293.023 -276.558 -261.311 -246.793 -232.298 -217.976 -204.368 -191.521 -179.404 -167.308 -155.422 -143.626 -131.62 -119.677 -108.188 -97.1904 -86.6571 -76.5518 -66.8407 -57.4937 -48.4836 -39.7858 -31.3772 -23.2335 -15.325 -7.60591 0 
0 -6.7174 -13.6017 -20.7248 -28.1088 -35.7623 -43.6931 -51.9123 -60.4343 -69.2772 -78.4623 -88.0147 -97.9642 -108.344 -119.177 -130.371 -141.878 -153.48 -165.425 -177.408 -188.821 -200.164 -212.301 -225.226 -238.763 -252.861 -267.693 -283.346 -299.905 -316.937 -334.52 -352.268 -368.676 -382.341 -390.574 -390.621 -382.438 -368.386 -351.996 -334.991 -317.693 -300.764 -284.618 -269.298 -254.808 -240.87 -226.962 -213.255 -200.186 -187.874 -176.217 -164.365 -152.446 -140.596 -128.779 -117.153 -105.921 -95.1373 -84.785 -74.8385 -65.2707 -56.0571 -47.1765 -38.6114 -30.3481 -22.3765 -14.6867 -7.25367 0 
0 -6.23611 -12.7967 -19.7099 -26.9436 -34.4748 -42.2959 -50.4095 -58.8251 -67.5568 -76.6228 -86.0444 -95.8456 -106.049 -116.669 -127.665 -139.008 -150.615 -162.525 -174.124 -185.233 -196.244 -207.762 -219.999 -232.725 -245.939 -259.717 -274.055 -288.917 -303.772 -318.617 -332.917 -345.425 -354.952 -360.223 -360.118 -354.623 -344.665 -332.214 -318.558 -304.175 -289.668 -275.364 -261.152 -247.378 -233.953 -220.661 -207.61 -195.262 -183.608 -172.334 -160.671 -148.776 -137.049 -125.517 -114.184 -103.207 -92.6522 -82.5073 -72.7464 -63.3463 -54.2875 -45.5541 -37.1352 -29.0272 -21.2379 -13.7914 -6.7221 0 
0 -5.43035 -11.639 -18.3744 -25.4807 -32.8976 -40.6062 -48.6048 -56.8996 -65.5021 -74.4276 -83.6947 -93.3245 -103.339 -113.751 -124.545 -135.72 -147.244 -158.958 -170.124 -180.914 -191.674 -202.565 -214.066 -226.09 -238.53 -251.14 -264.035 -277.143 -290.156 -302.734 -314.213 -324.038 -331.276 -335.138 -334.894 -330.86 -323.636 -313.961 -302.751 -290.726 -277.996 -265.031 -251.843 -238.876 -226.228 -213.76 -201.353 -189.636 -178.443 -167.334 -155.955 -144.464 -133.121 -121.869 -110.766 -100.052 -89.7569 -79.8456 -70.2933 -61.0808 -52.1925 -43.617 -35.348 -27.3877 -19.7564 -12.5191 -5.84332 0 
0 -3.84625 -9.95466 -16.6681 -23.7073 -31.0285 -38.6266 -46.5039 -54.6666 -63.1245 -71.8909 -80.9824 -90.4184 -100.222 -110.418 -121.022 -132.064 -143.612 -155.224 -165.813 -175.88 -186.158 -196.601 -207.559 -218.989 -230.641 -242.172 -253.792 -265.218 -276.48 -287.227 -296.489 -304.32 -310.118 -313.19 -312.997 -310.085 -304.758 -296.983 -287.489 -277.204 -266.057 -254.395 -242.256 -229.891 -217.804 -206.097 -194.428 -183.086 -172.088 -161.229 -150.345 -139.425 -128.425 -117.527 -106.829 -96.4744 -86.4778 -76.8249 -67.5006 -58.491 -49.7848 -41.3736 -33.2522 -25.4191 -17.8809 -10.6851 -4.1321 0 
0 0 -7.66522 -14.6362 -21.6518 -28.8827 -36.3679 -44.1175 -52.1382 -60.4383 -69.0291 -77.9255 -87.1453 -96.7111 -106.653 -117.009 -127.809 -139.032 -149.997 -160.062 -169.871 -179.882 -189.986 -200.49 -211.289 -221.928 -232.571 -243.243 -253.359 -263.048 -272.07 -279.651 -286.069 -290.802 -293.302 -293.349 -291.237 -286.972 -280.375 -272.207 -263.213 -253.455 -242.946 -231.907 -220.35 -209.003 -198.088 -187.048 -176.071 -165.398 -154.898 -144.563 -134.208 -123.435 -112.838 -102.534 -92.539 -82.8548 -73.4758 -64.3932 -55.5978 -47.0821 -38.8403 -30.8679 -23.1557 -15.6632 -8.2083 0 0 
0 0 -6.07004 -12.5596 -19.3809 -26.4826 -33.8445 -41.4602 -49.3305 -57.4612 -65.8619 -74.5451 -83.5263 -92.8242 -102.462 -112.471 -122.862 -133.492 -143.823 -153.804 -163.586 -173.4 -183.022 -192.873 -202.97 -212.743 -222.586 -232.446 -241.562 -249.789 -257.17 -263.571 -268.972 -272.83 -275.061 -275.516 -273.809 -269.986 -264.27 -257.35 -249.478 -240.682 -231.046 -220.957 -210.278 -199.664 -189.324 -178.918 -168.599 -158.453 -148.346 -138.373 -128.424 -118.041 -107.847 -97.9319 -88.2924 -78.9265 -69.8303 -60.9984 -52.425 -44.1054 -36.0376 -28.2236 -20.6726 -13.4077 -6.48494 0 0 
0 0 -4.05534 -10.1513 -16.8295 -23.8222 -31.0675 -38.5483 -46.2624 -54.2142 -62.412 -70.8666 -79.5905 -88.5973 -97.9005 -107.51 -117.414 -127.522 -137.567 -147.594 -157.294 -166.924 -175.906 -185.023 -194.452 -203.523 -212.478 -221.237 -229.245 -236.409 -242.812 -248.469 -253.169 -256.304 -258.129 -258.473 -257.088 -254.027 -249.34 -243.525 -236.445 -228.169 -219.303 -209.981 -200.077 -190.145 -180.367 -170.629 -161.011 -151.414 -141.624 -131.91 -122.285 -112.349 -102.577 -93.054 -83.7721 -74.7285 -65.9206 -57.3452 -48.9983 -40.877 -32.981 -25.3163 -17.9033 -10.8101 -4.32377 0 0 
0 0 0 -7.1609 -13.9635 -20.9094 -28.0549 -35.4032 -42.9566 -50.7212 -58.7054 -66.9189 -75.3718 -84.0738 -93.033 -102.253 -111.726 -121.4 -131.145 -141.028 -150.591 -159.842 -168.336 -176.885 -185.597 -193.975 -202.186 -210.16 -217.297 -223.559 -229.172 -234.027 -238.025 -240.813 -242.566 -242.777 -241.489 -239.096 -235.263 -229.929 -223.19 -215.539 -207.468 -198.734 -189.613 -180.44 -171.354 -162.336 -153.408 -144.375 -134.746 -125.198 -115.827 -106.372 -97.0571 -87.9352 -79.0136 -70.2947 -61.7786 -53.4633 -45.3459 -37.4232 -29.6933 -22.1572 -14.8141 -7.60579 0 0 0 
0 0 0 -4.52878 -10.9542 -17.7969 -24.8395 -32.0529 -39.4396 -47.0085 -54.7695 -62.7319 -70.904 -79.2932 -87.9049 -96.7424 -105.807 -115.088 -124.522 -134.184 -143.622 -152.321 -160.467 -168.552 -176.657 -184.383 -192.051 -199.607 -206.037 -211.447 -216.391 -220.437 -223.705 -226.136 -227.739 -228.041 -226.81 -224.728 -221.496 -216.549 -210.258 -203.124 -195.486 -187.384 -179.065 -170.653 -162.322 -154.074 -145.711 -136.996 -127.58 -118.316 -109.236 -100.226 -91.3445 -82.6162 -74.0524 -65.6582 -57.4356 -49.3836 -41.499 -33.7767 -26.2118 -18.8051 -11.5901 -4.79896 0 0 0 
0 0 0 0 -7.5277 -14.4846 -21.4532 -28.5293 -35.7405 -43.1038 -50.6322 -58.335 -66.2193 -74.2901 -82.5512 -91.0048 -99.654 -108.506 -117.581 -126.924 -136.139 -144.511 -152.478 -160.172 -167.814 -174.797 -181.745 -188.586 -194.451 -199.66 -204.371 -207.717 -210.183 -212.122 -213.435 -213.84 -212.964 -211.15 -208.172 -203.494 -197.656 -190.956 -183.778 -176.29 -168.618 -160.859 -153.173 -145.558 -137.597 -129.063 -120.082 -111.244 -102.541 -93.9512 -85.4789 -77.1328 -68.9214 -60.8502 -52.9221 -45.1366 -37.4896 -29.9727 -22.572 -15.2614 -7.94214 0 0 0 0 
0 0 0 0 -4.67203 -11.1604 -17.9595 -24.8706 -31.8892 -39.0342 -46.3203 -53.7566 -61.3479 -69.0969 -77.0048 -85.0717 -93.2977 -101.685 -110.241 -118.986 -127.704 -135.878 -143.742 -151.206 -158.51 -164.934 -171.158 -177.279 -182.754 -187.667 -192.004 -195.058 -197.145 -198.777 -199.924 -200.398 -199.784 -198.102 -195.037 -190.554 -185.237 -178.978 -172.213 -165.281 -158.218 -150.99 -143.733 -136.418 -128.692 -120.599 -112.278 -103.967 -95.7206 -87.5585 -79.487 -71.5148 -63.6501 -55.8991 -48.2659 -40.751 -33.3503 -26.0526 -18.842 -11.7263 -4.91711 0 0 0 0 
0 0 0 0 0 -7.52556 -14.3539 -21.1043 -27.9115 -34.8233 -41.8585 -49.0232 -56.3188 -63.7447 -71.2994 -78.9797 -86.7804 -94.6936 -102.705 -110.783 -118.821 -126.589 -134.163 -141.497 -148.558 -154.744 -160.344 -165.919 -171.083 -175.448 -179.389 -182.396 -184.406 -185.906 -186.907 -187.334 -186.828 -185.12 -181.996 -177.796 -172.852 -167.039 -160.804 -154.482 -147.925 -141.144 -134.332 -127.4 -119.907 -112.204 -104.414 -96.6032 -88.8159 -81.0751 -73.3957 -65.7893 -58.265 -50.8304 -43.4913 -36.2512 -29.1078 -22.0454 -15.0172 -7.88473 0 0 0 0 0 
0 0 0 0 0 -4.58794 -10.8262 -17.2812 -23.8292 -30.489 -37.267 -44.159 -51.1593 -58.2638 -65.4684 -72.7671 -80.1506 -87.6041 -95.1044 -102.612 -110.061 -117.369 -124.497 -131.428 -138.122 -144.204 -149.343 -154.378 -159.196 -163.2 -166.745 -169.696 -171.972 -173.536 -174.39 -174.531 -173.906 -172.009 -168.953 -165.044 -160.497 -155.231 -149.564 -143.812 -137.753 -131.365 -124.856 -118.214 -111.116 -103.872 -96.563 -89.2167 -81.8645 -74.5303 -67.2316 -59.9816 -52.7902 -45.6662 -38.6178 -31.6546 -24.7845 -18.004 -11.2967 -4.79536 0 0 0 0 0 
0 0 0 0 0 0 -7.08179 -13.365 -19.6353 -26.0365 -32.5617 -39.1863 -45.8956 -52.6829 -59.5434 -66.4698 -73.4506 -80.4679 -87.4961 -94.4986 -101.428 -108.235 -114.878 -121.318 -127.478 -133.165 -138.118 -142.845 -147.29 -151.136 -154.527 -157.549 -160.08 -161.666 -162.293 -162.01 -161.212 -159.181 -156.233 -152.688 -148.519 -143.696 -138.531 -133.298 -127.719 -121.655 -115.387 -109.004 -102.373 -95.6063 -88.7493 -81.836 -74.8951 -67.9501 -61.0189 -54.1151 -47.2482 -40.4263 -33.6591 -26.9649 -20.3717 -13.8893 -7.37034 0 0 0 0 0 0 
0 0 0 0 0 0 -4.13593 -9.46191 -15.3102 -21.46 -27.7569 -34.1289 -40.554 -47.0288 -53.5523 -60.1182 -66.714 -73.321 -79.9134 -86.4585 -92.9175 -99.2492 -105.414 -111.376 -117.063 -122.324 -127.083 -131.511 -135.598 -139.27 -142.546 -145.561 -148.05 -149.473 -150.039 -149.565 -148.469 -146.454 -143.801 -140.739 -136.931 -132.446 -127.703 -122.778 -117.5 -111.846 -105.984 -99.9645 -93.7668 -87.4304 -80.9919 -74.4828 -67.9299 -61.356 -54.7789 -48.2116 -41.6614 -35.1316 -28.6274 -22.1741 -15.8481 -9.8111 -4.29536 0 0 0 0 0 0 
0 0 0 0 0 0 0 -5.03643 -10.6838 -16.7364 -22.8769 -29.0186 -35.1625 -41.3262 -47.5188 -53.7365 -59.9664 -66.1886 -72.378 -78.5046 -84.5343 -90.4301 -96.1534 -101.662 -106.904 -111.791 -116.298 -120.467 -124.279 -127.711 -130.785 -133.594 -135.879 -137.261 -138.043 -137.462 -136.044 -134.091 -131.639 -128.78 -125.305 -121.31 -117.011 -112.373 -107.421 -102.191 -96.7393 -91.1029 -85.2991 -79.3566 -73.3053 -67.1733 -60.9858 -54.765 -48.5291 -42.2909 -36.0543 -29.8112 -23.5449 -17.256 -11.0355 -5.21165 0 0 0 0 0 0 0 
0 0 0 0 0 0 0 0 -5.65219 -11.9249 -17.9958 -23.9061 -29.7511 -35.5948 -41.46 -47.3428 -53.2264 -59.0889 -64.9053 -70.6476 -76.2849 -81.7834 -87.107 -92.2163 -97.0672 -101.612 -105.827 -109.713 -113.255 -116.425 -119.218 -121.662 -123.652 -125.022 -125.801 -125.215 -123.915 -122.158 -119.921 -117.252 -114.057 -110.441 -106.49 -102.195 -97.608 -92.7568 -87.6795 -82.4086 -76.9702 -71.3915 -65.6993 -59.9192 -54.0751 -48.1891 -42.2816 -36.3685 -30.4537 -24.5141 -18.4849 -12.2695 -5.82626 0 0 0 0 0 0 0 0 
0 0 0 0 0 0 0 0 0 -7.31535 -13.2751 -18.859 -24.341 -29.8417 -35.3838 -40.9483 -46.5076 -52.0354 -57.5067 -62.8957 -68.1743 -73.3117 -78.2749 -83.0287 -87.5365 -91.764 -95.6863 -99.2881 -102.553 -105.459 -107.984 -110.116 -111.792 -112.93 -113.467 -113.074 -112.063 -110.537 -108.536 -106.095 -103.197 -99.9083 -96.2709 -92.3095 -88.0585 -83.549 -78.8133 -73.8817 -68.7818 -63.5398 -58.1811 -52.7291 -47.2062 -41.6348 -36.0397 -30.4478 -24.8778 -19.3065 -13.6111 -7.51098 0 0 0 0 0 0 0 0 0 
0 0 0 0 0 0 0 0 0 -4.0614 -8.93025 -13.9137 -18.9123 -24.0474 -29.285 -34.559 -39.8203 -45.0384 -50.1904 -55.2542 -60.2048 -65.0143 -69.6523 -74.0869 -78.2863 -82.2208 -85.8656 -89.2006 -92.2061 -94.861 -97.1425 -99.0247 -100.463 -101.403 -101.782 -101.519 -100.692 -99.3636 -97.5761 -95.3588 -92.7295 -89.7238 -86.3756 -82.7135 -78.7676 -74.5675 -70.1431 -65.5232 -60.7352 -55.805 -50.7562 -45.61 -40.3859 -35.1043 -29.7945 -24.5053 -19.3033 -14.2231 -9.14205 -4.16326 0 0 0 0 0 0 0 0 0 
0 0 0 0 0 0 0 0 0 0 -4.47085 -8.95317 -13.3469 -18.1507 -23.1497 -28.1825 -33.1762 -38.1074 -42.9625 -47.7259 -52.3764 -56.8884 -61.233 -65.3804 -69.3009 -72.9672 -76.3549 -79.4426 -82.21 -84.6365 -86.7006 -88.3771 -89.6339 -90.4341 -90.7415 -90.5293 -89.8209 -88.65 -87.0463 -85.0349 -82.638 -79.8819 -76.7941 -73.4012 -69.7307 -65.8104 -61.6683 -57.3327 -52.831 -48.1888 -43.4286 -38.569 -33.6229 -28.6021 -23.5286 -18.4756 -13.6068 -9.14068 -4.57068 0 0 0 0 0 0 0 0 0 0 
0 0 0 0 0 0 0 0 0 0 0 -4.08122 -7.3717 -12.0586 -16.9805 -21.8453 -26.5944 -31.2525 -35.8262 -40.3104 -44.6866 -48.9298 -53.0111 -56.9006 -60.5697 -63.9921 -67.1442 -70.0049 -72.5546 -74.7747 -76.6463 -78.1493 -79.2611 -79.9583 -80.2201 -80.0355 -79.4127 -78.369 -76.9241 -75.0967 -72.9057 -70.3718 -67.5176 -64.3667 -60.9438 -57.2749 -53.3871 -49.3084 -45.0673 -40.6904 -36.2006 -31.6144 -26.9345 -22.1526 -17.2421 -12.2618 -7.50768 -4.16209 0 0 0 0 0 0 0 0 0 0 0 
0 0 0 0 0 0 0 0 0 0 0 0 0 -5.73171 -10.8682 -15.624 -20.1036 -24.4821 -28.7793 -33.0028 -37.1299 -41.1332 -44.9808 -48.6413 -52.0853 -55.2873 -58.225 -60.8782 -63.2289 -65.2612 -66.9605 -68.3126 -69.303 -69.9177 -70.1453 -69.9801 -69.4252 -68.4894 -67.1843 -65.522 -63.5161 -61.1821 -58.5379 -55.604 -52.4029 -48.9583 -45.2966 -41.4467 -37.4392 -33.3048 -29.0691 -24.7534 -20.3481 -15.8317 -11.0255 -5.82184 0 0 0 0 0 0 0 0 0 0 0 0 0 
0 0 0 0 0 0 0 0 0 0 0 0 0 0 -5.13671 -9.67864 -13.714 -17.793 -21.8061 -25.7917 -29.6968 -33.4924 -37.1378 -40.5983 -43.8429 -46.8469 -49.5903 -52.054 -54.2217 -56.0808 -57.622 -58.8376 -59.7207 -60.2643 -60.4631 -60.3143 -59.8185 -58.9792 -57.8015 -56.291 -54.4548 -52.3025 -49.8479 -47.1087 -44.1053 -40.8588 -37.3943 -33.7427 -29.9381 -26.0205 -22.0178 -17.9819 -13.873 -9.80044 -5.20649 0 0 0 0 0 0 0 0 0 0 0 0 0 0 
0 0 0 0 0 0 0 0 0 0 0 0 0 0 0 -4.23988 -7.28086 -11.1696 -14.8606 -18.661 -22.3732 -26.0018 -29.4795 -32.7714 -35.8411 -38.6671 -41.2352 -43.5259 -45.523 -47.2182 -48.6089 -49.6952 -50.4777 -50.9558 -51.1287 -50.9954 -50.5552 -49.8076 -48.7516 -47.3858 -45.7095 -43.7253 -41.4423 -38.8775 -36.0509 -32.9775 -29.6789 -26.1917 -22.5501 -18.8213 -14.9996 -11.2832 -7.36171 -4.29054 0 0 0 0 0 0 0 0 0 0 0 0 0 0 0 
0 0 0 0 0 0 0 0 0 0 0 0 0 0 0 0 0 -4.74383 -7.80575 -11.6185 -15.1331 -18.6622 -22.0071 -25.1666 -28.0829 -30.7453 -33.1574 -35.2912 -37.1264 -38.6602 -39.9002 -40.8568 -41.539 -41.9526 -42.1005 -41.9833 -41.5993 -40.9443 -40.0114 -38.791 -37.2721 -35.447 -33.3187 -30.908 -28.2433 -25.3212 -22.1524 -18.7949 -15.2492 -11.7149 -7.87608 -4.78983 0 0 0 0 0 0 0 0 0 0 0 0 0 0 0 0 0 
0 0 0 0 0 0 0 0 0 0 0 0 0 0 0 0 0 0 0 -4.87428 -7.87858 -11.5069 -14.7199 -17.8051 -20.5785 -23.074 -25.3578 -27.3551 -29.0312 -30.3959 -31.4748 -32.2928 -32.8688 -33.2149 -33.3375 -33.2382 -32.9144 -32.3589 -31.5588 -30.4946 -29.1409 -27.4717 -25.4774 -23.1927 -20.693 -17.9117 -14.8145 -11.5863 -7.93713 -4.91301 0 0 0 0 0 0 0 0 0 0 0 0 0 0 0 0 0 0 0 
0 0 0 0 0 0 0 0 0 0 0 0 0 0 0 0 0 0 0 0 0 -4.76686 -7.56056 -10.7554 -13.3521 -15.6142 -17.8449 -19.7401 -21.2475 -22.4176 -23.3102 -23.9708 -24.4286 -24.7008 -24.7963 -24.7175 -24.4612 -24.0181 -23.3703 -22.4879 -21.3252 -19.8216 -17.9266 -15.6923 -13.4245 -10.818 -7.60776 -4.79851 0 0 0 0 0 0 0 0 0 0 0 0 0 0 0 0 0 0 0 0 0 
0 0 0 0 0 0 0 0 0 0 0 0 0 0 0 0 0 0 0 0 0 0 0 -4.30397 -6.46042 -8.18556 -10.6677 -12.5128 -13.8012 -14.7165 -15.3778 -15.8517 -16.1739 -16.3635 -16.4294 -16.3742 -16.1949 -15.8821 -15.4164 -14.7614 -13.8503 -12.5629 -10.715 -8.22545 -6.49451 -4.32813 0 0 0 0 0 0 0 0 0 0 0 0 0 0 0 0 0 0 0 0 0 0 0 
0 0 0 0 0 0 0 0 0 0 0 0 0 0 0 0 0 0 0 0 0 0 0 0 0 0 -4.12745 -5.8421 -6.72818 -7.26937 -7.63282 -7.8841 -8.05193 -8.14973 -8.18352 -8.15498 -8.06223 -7.89899 -7.65163 -7.29116 -6.75157 -5.86486 -4.14496 0 0 0 0 0 0 0 0 0 0 0 0 0 0 0 0 0 0 0 0 0 0 0 0 0 0 
0 0 0 0 0 0 0 0 0 0 0 0 0 0 0 0 0 0 0 0 0 0 0 0 0 0 0 0 0 0 0 0 0 0 0 0 0 0 0 0 0 0 0 0 0 0 0 0 0 0 0 0 0 0 0 0 0 0 0 0 0 0 0 0 0 0 0 0 0 
