0 0 0 0 0 0 0 0 0 0 0 0 0 0 0 0 0 0 0 0 0 0 0 0 0 0 0 0 0 0 0 0 0 0 0 0 0 0 0 0 0 0 0 0 0 0 0 0 0 0 0 0 0 0 0 0 0 0 0 0 0 0 0 0 0 0 0 0 0 
0 0 0 0 0 0 0 0 0 0 0 0 0 0 0 0 0 0 0 0 0 0 0 0 0 0 -7.27228 -10.2387 -11.7205 -12.583 -13.1287 -13.4794 -13.6904 -13.7898 -13.7912 -13.7001 -13.5147 -13.2248 -12.8065 -12.2094 -11.3195 -9.8496 -6.97447 0 0 0 0 0 0 0 0 0 0 0 0 0 0 0 0 0 0 0 0 0 0 0 0 0 0 
0 0 0 0 0 0 0 0 0 0 0 0 0 0 0 0 0 0 0 0 0 0 0 -7.7542 -11.5761 -14.5692 -18.8503 -21.9619 -24.0602 -25.4828 -26.4527 -27.0983 -27.4926 -27.6774 -27.6749 -27.4946 -27.1341 -26.5779 -25.7919 -24.7117 -23.219 -21.1045 -18.0484 -13.9035 -11.0201 -7.37077 0 0 0 0 0 0 0 0 0 0 0 0 0 0 0 0 0 0 0 0 0 0 0 
0 0 0 0 0 0 0 0 0 0 0 0 0 0 0 0 0 0 0 0 0 -8.71252 -13.7501 -19.4406 -23.9811 -27.8503 -31.598 -34.6985 -37.0757 -38.8354 -40.101 -40.9686 -41.5046 -41.7521 -41.7366 -41.4693 -40.949 -40.1607 -39.0717 -37.6265 -35.7403 -33.3008 -30.2109 -26.5456 -22.8062 -18.4629 -13.0513 -8.27217 0 0 0 0 0 0 0 0 0 0 0 0 0 0 0 0 0 0 0 0 0 
0 0 0 0 0 0 0 0 0 0 0 0 0 0 0 0 0 0 0 -9.01437 -14.5177 -21.1 -26.8472 -32.2769 -37.0573 -41.253 -44.9926 -48.1584 -50.7086 -52.6822 -54.1472 -55.1704 -55.8051 -56.09 -56.0498 -55.6969 -55.0321 -54.0441 -52.7076 -50.9824 -48.8147 -46.1475 -42.9491 -39.2617 -35.1961 -30.6232 -25.4702 -20.0375 -13.8154 -8.60197 0 0 0 0 0 0 0 0 0 0 0 0 0 0 0 0 0 0 0 
0 0 0 0 0 0 0 0 0 0 0 0 0 0 0 0 0 -8.83423 -14.5117 -21.5395 -27.9565 -34.3226 -40.2616 -45.7627 -50.7181 -55.112 -58.9611 -62.2339 -64.9182 -67.0374 -68.6353 -69.7605 -70.4554 -70.7531 -70.6759 -70.2365 -69.4385 -68.276 -66.7322 -64.7808 -62.3888 -59.5253 -56.1761 -52.3561 -48.0934 -43.3638 -38.1687 -32.5921 -26.6222 -20.5925 -13.9462 -8.5363 0 0 0 0 0 0 0 0 0 0 0 0 0 0 0 0 0 
0 0 0 0 0 0 0 0 0 0 0 0 0 0 0 -7.90718 -13.5814 -20.8252 -27.6732 -34.6757 -41.4461 -47.9726 -54.1141 -59.7942 -64.9404 -69.5158 -73.5059 -76.8978 -79.693 -81.9138 -83.5963 -84.7808 -85.5031 -85.791 -85.664 -85.1345 -84.2094 -82.8889 -81.1645 -79.0199 -76.4343 -73.3888 -69.8739 -65.8933 -61.4574 -56.5699 -51.2489 -45.5399 -39.4887 -33.1998 -26.6558 -20.1989 -13.2788 -7.78895 0 0 0 0 0 0 0 0 0 0 0 0 0 0 0 
0 0 0 0 0 0 0 0 0 0 0 0 0 0 -9.56622 -18.0474 -25.5933 -33.2123 -40.6802 -48.0438 -55.1795 -62.0073 -68.4281 -74.3594 -79.7335 -84.5047 -88.6491 -92.1583 -95.0424 -97.3285 -99.0553 -100.263 -100.985 -101.244 -101.055 -100.428 -99.3759 -97.9058 -96.0171 -93.6999 -90.9397 -87.7218 -84.0374 -79.8857 -75.2729 -70.2096 -64.7169 -58.8301 -52.5929 -46.0623 -39.2782 -32.3248 -25.1275 -17.8769 -9.56119 0 0 0 0 0 0 0 0 0 0 0 0 0 0 
0 0 0 0 0 0 0 0 0 0 0 0 0 -10.6365 -20.2174 -29.1231 -37.532 -45.7504 -53.7913 -61.6399 -69.221 -76.449 -83.2314 -89.4821 -95.1293 -100.121 -104.427 -108.044 -110.99 -113.302 -115.033 -116.232 -116.93 -117.145 -116.883 -116.147 -114.96 -113.341 -111.298 -108.823 -105.903 -102.521 -98.6682 -94.3394 -89.5389 -84.2786 -78.5792 -72.4708 -65.9903 -59.1783 -52.0699 -44.6945 -37.0295 -29.0301 -20.3679 -10.8352 0 0 0 0 0 0 0 0 0 0 0 0 0 
0 0 0 0 0 0 0 0 0 0 0 -7.50356 -13.5988 -22.3286 -31.544 -40.6958 -49.661 -58.4658 -67.0948 -75.5036 -83.6154 -91.3365 -98.5663 -105.208 -111.181 -116.421 -120.895 -124.601 -127.57 -129.858 -131.543 -132.701 -133.359 -133.523 -133.183 -132.319 -130.976 -129.202 -127.01 -124.392 -121.327 -117.793 -113.775 -109.265 -104.265 -98.7867 -92.8504 -86.4836 -79.7191 -72.5908 -65.1287 -57.3538 -49.2658 -40.8459 -32.0451 -22.973 -14.1859 -7.91904 0 0 0 0 0 0 0 0 0 0 0 
0 0 0 0 0 0 0 0 0 0 -8.16862 -16.4156 -24.563 -33.535 -42.934 -52.455 -61.9504 -71.357 -80.6187 -89.6643 -98.4003 -106.715 -114.489 -121.605 -127.964 -133.489 -138.131 -141.897 -144.829 -147.019 -148.578 -149.671 -150.281 -150.405 -150.009 -148.968 -147.423 -145.48 -143.149 -140.408 -137.219 -133.549 -129.373 -124.68 -119.469 -113.753 -107.552 -100.894 -93.8118 -86.3371 -78.5001 -70.3263 -61.834 -53.0427 -43.9936 -34.8259 -25.8514 -17.4903 -8.80257 0 0 0 0 0 0 0 0 0 0 
0 0 0 0 0 0 0 0 0 -7.36907 -16.2588 -25.4272 -34.7025 -44.3144 -54.2018 -64.2401 -74.3289 -84.3931 -94.3584 -104.134 -113.606 -122.636 -131.069 -138.758 -145.58 -151.441 -156.241 -160.026 -162.83 -164.818 -166.099 -167.124 -167.69 -167.807 -167.478 -166.121 -164.269 -162.144 -159.699 -156.871 -153.592 -149.81 -145.489 -140.612 -135.179 -129.204 -122.71 -115.73 -108.297 -100.445 -92.2086 -83.6171 -74.7013 -65.4974 -56.0605 -46.4858 -36.9036 -27.388 -17.72 -8.11762 0 0 0 0 0 0 0 0 0 
0 0 0 0 0 0 0 0 0 -13.2175 -24.0704 -34.3318 -44.5053 -54.8185 -65.3189 -75.9746 -86.7317 -97.528 -108.288 -118.909 -129.255 -139.152 -148.394 -156.778 -164.156 -170.455 -175.368 -179.145 -181.725 -183.408 -184.225 -185.073 -185.547 -185.656 -185.503 -183.675 -181.388 -179.129 -176.632 -173.785 -170.47 -166.609 -162.16 -157.101 -151.432 -145.173 -138.355 -131.018 -123.2 -114.939 -106.272 -97.2322 -87.8566 -78.1849 -68.2653 -58.153 -47.8894 -37.4381 -26.5719 -14.7505 0 0 0 0 0 0 0 0 0 
0 0 0 0 0 0 0 0 -10.1128 -21.4307 -32.4732 -43.3244 -54.1685 -65.1353 -76.2803 -87.608 -99.0953 -110.7 -122.355 -133.958 -145.354 -156.322 -166.576 -175.806 -183.812 -190.418 -195.323 -199.067 -201.442 -203.01 -203.569 -203.828 -203.781 -203.381 -202.868 -200.793 -198.521 -196.427 -193.916 -191.169 -187.892 -183.998 -179.44 -174.2 -168.275 -161.7 -154.52 -146.786 -138.546 -129.84 -120.707 -111.183 -101.308 -91.1205 -80.6627 -69.9714 -59.0628 -47.9032 -36.3788 -24.3124 -11.6313 0 0 0 0 0 0 0 0 
0 0 0 0 0 0 0 -8.93068 -19.0208 -29.9191 -41.0674 -52.3241 -63.7088 -75.274 -87.059 -99.0817 -111.342 -123.821 -136.474 -149.214 -161.881 -174.207 -185.783 -196.055 -204.434 -210.154 -214.344 -217.558 -219.726 -221.889 -223.301 -223.471 -222.576 -221.348 -220.013 -217.862 -216.06 -214.423 -211.694 -209.081 -205.932 -202.049 -197.405 -191.982 -185.769 -178.833 -171.239 -163.061 -154.357 -145.169 -135.533 -125.487 -115.071 -104.326 -93.2937 -82.0071 -70.4873 -58.7331 -46.7278 -34.4892 -22.2126 -10.5633 0 0 0 0 0 0 0 
0 0 0 0 0 0 -7.2776 -16.7021 -27.1204 -38.1577 -49.5532 -61.196 -73.0686 -85.1929 -97.5999 -110.318 -123.369 -136.768 -150.507 -164.543 -178.748 -192.841 -206.293 -218.268 -227.385 -231.747 -234.565 -236.723 -238.437 -240.438 -242.118 -242.98 -241.754 -240.041 -238.089 -235.678 -233.863 -232.661 -230.125 -227.707 -224.705 -220.863 -216.148 -210.554 -203.985 -196.624 -188.54 -179.863 -170.653 -160.944 -150.768 -140.16 -129.163 -117.821 -106.178 -94.2762 -82.1462 -69.814 -57.3101 -44.7039 -32.1665 -20.0408 -8.82539 0 0 0 0 0 0 
0 0 0 0 0 0 -12.4083 -23.4796 -34.6012 -46.038 -57.7916 -69.8381 -82.1767 -94.8291 -107.83 -121.221 -135.05 -149.373 -164.245 -179.703 -195.726 -212.118 -228.488 -243.346 -253.085 -255.338 -255.905 -256.543 -257.673 -259.566 -261.204 -262.197 -260.974 -259.134 -257.046 -254.527 -252.185 -250.87 -249.133 -247.133 -244.319 -240.549 -235.77 -230.1 -222.994 -215.137 -206.435 -197.198 -187.448 -177.188 -166.435 -155.223 -143.599 -131.615 -119.323 -106.773 -94.0073 -81.0667 -67.9947 -54.8499 -41.7088 -28.6078 -15.2608 0 0 0 0 0 0 
0 0 0 0 0 -7.97744 -18.8758 -30.2069 -41.7668 -53.6013 -65.7373 -78.1879 -90.9712 -104.117 -117.669 -131.684 -146.238 -161.43 -177.394 -194.3 -212.333 -231.763 -253.085 -274.342 -285.062 -281.947 -278.428 -276.589 -276.826 -278.407 -279.566 -280.4 -280.185 -278.661 -276.525 -274.031 -271.526 -270.195 -269.107 -267.465 -264.89 -261.242 -256.155 -250.442 -242.647 -234.264 -224.872 -215.045 -204.753 -193.925 -182.56 -170.698 -158.395 -145.717 -132.727 -119.485 -106.043 -92.4506 -78.752 -64.9924 -51.2108 -37.4207 -23.6102 -10.0815 0 0 0 0 0 
0 0 0 0 0 -13.034 -24.9109 -36.7052 -48.6579 -60.8631 -73.3684 -86.205 -99.4027 -113 -127.046 -141.61 -156.787 -172.716 -189.602 -207.77 -227.754 -250.623 -279.009 -312.016 -324.979 -311.077 -301.062 -296.158 -295.368 -296.056 -296.759 -298.473 -300.147 -299.347 -296.588 -293.952 -291.813 -290.882 -290.002 -288.73 -286.443 -282.469 -276.16 -269.695 -261.626 -253.126 -243.544 -233.362 -222.596 -211.197 -199.183 -186.613 -173.568 -160.131 -146.383 -132.396 -118.231 -103.941 -89.5704 -75.1568 -60.7214 -46.2541 -31.6778 -16.7157 0 0 0 0 0 
0 0 0 0 -8.04135 -19.248 -31.0285 -43.045 -55.2965 -67.8248 -80.6685 -93.8608 -107.435 -121.433 -135.904 -150.921 -166.584 -183.043 -200.529 -219.425 -240.414 -264.893 -296.309 -333.992 -348.149 -331.218 -319.912 -313.98 -312.418 -312.498 -313.115 -315.305 -318.418 -319.337 -316.565 -313.923 -312.204 -311.967 -311.26 -310.348 -307.837 -302.659 -295.648 -288.623 -280.592 -272.029 -262.598 -252.268 -241.073 -229.083 -216.362 -203.005 -189.131 -174.855 -160.278 -145.485 -130.543 -115.51 -100.432 -85.3431 -70.2638 -55.1967 -40.131 -25.1037 -10.5867 0 0 0 0 
0 0 0 0 -12.9173 -24.8879 -36.9101 -49.1498 -61.6583 -74.4712 -87.6199 -101.134 -115.046 -129.391 -144.217 -159.587 -175.586 -192.343 -210.046 -228.988 -249.624 -272.666 -298.793 -325.599 -338.039 -333.556 -330.275 -327.23 -326.274 -326.883 -328.704 -331.62 -335.332 -337.208 -335.949 -333.944 -332.004 -331.854 -331.24 -329.999 -327.231 -321.734 -315.092 -308.344 -300.756 -292.242 -282.701 -272.041 -260.344 -247.7 -234.176 -219.914 -205.096 -189.88 -174.391 -158.722 -142.947 -127.126 -111.305 -95.5195 -79.7939 -64.1378 -48.5458 -32.9813 -17.2431 0 0 0 0 
0 0 0 -7.73805 -18.7401 -30.4761 -42.5744 -54.9857 -67.7155 -80.7817 -94.2056 -108.01 -122.222 -136.869 -151.987 -167.622 -183.832 -200.696 -218.324 -236.855 -256.443 -277.137 -298.422 -317.606 -329.22 -333.024 -335.015 -336.456 -338.726 -341.08 -344.197 -347.582 -351.309 -353.503 -353.739 -352.35 -350.33 -349.91 -349.706 -347.918 -344.701 -340.191 -334.845 -328.99 -321.962 -313.627 -303.924 -292.85 -280.564 -267.198 -252.728 -237.379 -221.459 -205.18 -188.682 -172.064 -155.398 -138.741 -122.141 -105.637 -89.2545 -73.015 -56.9332 -41.0327 -25.4044 -10.5737 0 0 0 
0 0 0 -12.2124 -23.8289 -35.702 -47.9258 -60.5032 -73.4365 -86.7345 -100.41 -114.48 -128.962 -143.875 -159.241 -175.082 -191.423 -208.286 -225.697 -243.666 -262.157 -280.926 -299.238 -315.404 -327.403 -334.971 -339.867 -344.778 -349.996 -353.999 -358.385 -362.242 -365.742 -368.244 -368.59 -367.779 -367.011 -367.264 -368.17 -367.239 -364.026 -360.347 -355.97 -350.91 -344.474 -336.38 -326.518 -314.872 -301.862 -287.799 -272.158 -255.416 -238.18 -220.697 -203.095 -185.455 -167.838 -150.299 -132.883 -115.631 -98.5726 -81.7343 -65.1392 -48.8119 -32.768 -16.8903 0 0 0 
0 0 -6.90074 -17.2825 -28.6609 -40.5776 -52.9233 -65.6647 -78.7929 -92.3094 -106.221 -120.538 -135.271 -150.429 -166.02 -182.043 -198.49 -215.33 -232.512 -249.955 -267.593 -285.174 -302.095 -317.193 -329.884 -339.319 -345.582 -352.2 -358.515 -363.797 -369.372 -374.384 -378.439 -381.357 -382.798 -382.957 -382.709 -383.233 -384.57 -385.338 -383.77 -381.804 -378.678 -374.409 -368.646 -360.902 -350.897 -338.259 -324.22 -309.666 -292.543 -273.946 -255.15 -236.332 -217.547 -198.822 -180.201 -161.732 -143.462 -125.431 -107.671 -90.2105 -73.0774 -56.3076 -39.9655 -24.2194 -9.72816 0 0 
0 0 -10.3204 -21.3561 -32.9545 -45.0242 -57.5251 -70.4396 -83.7608 -97.4888 -111.627 -126.181 -141.155 -156.551 -172.365 -188.582 -205.163 -222.032 -239.067 -256.048 -273.086 -290.081 -306.537 -321.065 -333.728 -343.485 -351.236 -359.665 -367.008 -373.649 -380.337 -385.81 -389.67 -392.603 -395.609 -397.547 -397.961 -399.021 -400.917 -402.971 -403.523 -403.917 -402.297 -399.346 -394.798 -387.641 -377.441 -363.097 -347.244 -331.649 -312.941 -292.528 -272.141 -251.937 -231.936 -212.087 -192.413 -172.967 -153.802 -134.959 -116.47 -98.3594 -80.6524 -63.3755 -46.5672 -30.2936 -14.6932 0 0 
0 0 -13.025 -24.8669 -36.7769 -49.0395 -61.7135 -74.8076 -88.3221 -102.258 -116.617 -131.403 -146.616 -162.254 -178.308 -194.756 -211.55 -228.576 -245.68 -262.183 -278.691 -295.29 -311.435 -325.719 -338.629 -348.372 -356.825 -365.729 -374.059 -381.71 -388.866 -394.926 -399.026 -402.752 -406.741 -409.945 -412.162 -414.566 -417.034 -419.887 -422.602 -425.357 -425.984 -425.69 -423.517 -416.994 -405.808 -389.488 -370.867 -352.206 -331.825 -310.533 -288.949 -267.342 -246.175 -225.175 -204.395 -183.922 -163.821 -144.134 -124.889 -106.105 -87.7971 -69.975 -52.634 -35.6947 -18.7512 0 0 
0 -6.53586 -16.9125 -28.3096 -40.2469 -52.6434 -65.4816 -78.7553 -92.4623 -106.603 -121.181 -136.198 -151.652 -167.541 -183.855 -200.586 -217.713 -235.242 -252.701 -268.736 -284.62 -300.634 -316.308 -330.541 -343.696 -353.449 -362.392 -371.702 -380.974 -389.679 -397.798 -404.871 -409.368 -413.552 -418.262 -422.354 -426.139 -429.923 -433.226 -436.689 -440.709 -444.855 -449.245 -453.874 -456.815 -451.479 -436.932 -417.325 -395.777 -374.355 -352.158 -329.184 -305.89 -282.658 -260.253 -238.042 -216.072 -194.506 -173.424 -152.866 -132.847 -113.376 -94.4558 -76.0933 -58.2991 -41.1001 -24.6167 -9.55137 0 
0 -9.23097 -19.7794 -31.2122 -43.2576 -55.8055 -68.8143 -82.2696 -96.1683 -110.512 -125.306 -140.554 -156.255 -172.402 -188.986 -206.02 -223.628 -241.795 -259.266 -274.972 -290.589 -306.351 -321.943 -335.691 -348.248 -358.648 -368.405 -378.337 -388.476 -398.045 -406.572 -413.843 -419.757 -424.214 -428.892 -433.577 -438.191 -443.389 -448.407 -453.03 -458.316 -464.177 -472.696 -484.036 -496.957 -495.458 -470.932 -445.276 -420.959 -397.692 -373.915 -348.877 -323.648 -298.655 -274.468 -250.669 -227.343 -204.605 -182.505 -161.058 -140.258 -120.095 -100.557 -81.6433 -63.3689 -45.7897 -29.0643 -13.5888 0 
0 -10.6085 -21.7621 -33.502 -45.766 -58.5066 -71.7006 -85.3407 -99.4287 -113.972 -128.978 -144.457 -160.41 -176.826 -193.667 -210.882 -228.5 -246.633 -263.945 -280.327 -296.335 -311.896 -327.396 -340.985 -353.062 -364.379 -374.906 -385.496 -396.496 -406.605 -415.251 -422.747 -429.808 -434.762 -439.608 -444.96 -449.757 -455.108 -460.742 -466.536 -473.247 -481.764 -493.628 -511.419 -537.148 -543.115 -505.998 -472.057 -445.633 -421.484 -396.584 -369.223 -341.6 -314.552 -288.379 -262.822 -238.027 -214.065 -190.934 -168.603 -147.033 -126.187 -106.034 -86.5541 -67.7436 -49.6256 -32.262 -15.7394 0 
0 -11.441 -23.1586 -35.2676 -47.7978 -60.7544 -74.1407 -87.9637 -102.234 -116.967 -132.178 -147.886 -164.104 -180.824 -197.975 -215.34 -233.036 -251.509 -269.142 -286.341 -302.171 -317.023 -332.159 -346.869 -359.565 -371.481 -382.314 -393.62 -405.398 -415.575 -423.917 -431.748 -439.091 -444.762 -450.369 -456.116 -460.92 -466.332 -472.256 -479.011 -486.73 -496.192 -507.424 -522.606 -542.459 -547.499 -519.481 -491.881 -468.374 -445.294 -419.323 -389.411 -359.02 -329.658 -301.673 -274.211 -247.88 -222.694 -198.563 -175.387 -153.085 -131.587 -110.838 -90.7953 -71.4257 -52.7071 -34.6186 -17.107 0 
0 -11.9967 -24.1636 -36.6119 -49.4032 -62.5725 -76.1442 -90.1391 -104.578 -119.483 -134.882 -150.805 -167.294 -184.392 -202.049 -219.559 -236.771 -254.89 -272.944 -290.418 -306.29 -321.97 -338.015 -354.299 -367.694 -379.48 -390.299 -402.176 -414.446 -424.423 -432.754 -441.292 -449.033 -454.742 -460.503 -466.26 -471.643 -477.321 -483.498 -490.565 -497.993 -506.671 -516.266 -527.083 -537.775 -539.041 -524.303 -507.289 -491.151 -472.628 -444.224 -409.794 -375.496 -343.544 -313.914 -284.472 -256.586 -230.27 -205.235 -181.298 -158.332 -136.238 -114.937 -94.3632 -74.4568 -55.1586 -36.3981 -18.07 0 
0 -12.3823 -24.8873 -37.6134 -50.6304 -63.9883 -77.7246 -91.8705 -106.455 -121.507 -137.06 -153.159 -169.877 -187.379 -205.651 -223.362 -240.211 -258.067 -276.485 -293.718 -310.102 -327.124 -344.094 -360.817 -374.503 -385.64 -396.658 -408.718 -421.096 -431.388 -440.46 -449.791 -458.501 -464.702 -470.819 -476.771 -482.628 -488.544 -495.142 -502.156 -508.853 -516.253 -523.881 -531.216 -536.656 -536.744 -530.099 -522.271 -516.843 -510.866 -473.186 -429.975 -390.358 -355.317 -323.551 -292.648 -263.724 -236.563 -210.808 -186.239 -162.706 -140.095 -118.309 -97.2637 -76.8796 -57.0725 -37.7453 -18.7748 0 
0 -12.645 -25.3901 -38.3237 -51.5169 -65.0258 -78.8954 -93.1635 -107.864 -123.029 -138.692 -154.893 -171.676 -189.087 -207.092 -225.069 -242.783 -260.47 -278.979 -296.837 -313.616 -330.694 -347.432 -363.37 -377.683 -390.183 -402.68 -415.062 -427.215 -437.915 -447.836 -458.271 -468.266 -475.497 -482.032 -488.307 -494.376 -500.282 -506.462 -512.967 -519.641 -526.197 -532.027 -537.246 -540.1 -539.75 -537.004 -535.592 -543.132 -552.303 -502.089 -446.73 -401.904 -363.887 -330.011 -298.415 -269.097 -241.452 -215.195 -190.144 -166.16 -143.126 -120.939 -99.5034 -78.7255 -58.5066 -38.7358 -19.284 0 
0 -12.8073 -25.7046 -38.7745 -52.0875 -65.7024 -79.6678 -94.0245 -108.808 -124.052 -139.788 -156.045 -172.847 -190.199 -208.054 -226.29 -244.625 -262.145 -280.595 -299.12 -316.144 -332.818 -349.369 -365.089 -380.007 -394.444 -408.806 -421.267 -432.676 -443.769 -454.446 -466.101 -477.541 -486.777 -493.685 -500.378 -506.921 -512.539 -517.574 -522.771 -528.597 -534.693 -540.451 -545.124 -546.335 -545.084 -542.796 -540.418 -539.954 -536.923 -496.411 -449.983 -407.09 -368.616 -334.01 -302.225 -272.828 -244.954 -218.375 -192.982 -168.664 -145.31 -122.818 -101.085 -80.0126 -59.4924 -39.4072 -19.6253 0 
0 -12.8796 -25.8467 -38.982 -52.3562 -66.0287 -80.0488 -94.4582 -109.293 -124.584 -140.362 -156.651 -173.468 -190.809 -208.633 -226.807 -245.184 -263.172 -281.549 -300.162 -318.181 -335.417 -352.043 -367.9 -383.276 -399.243 -415.068 -426.934 -437.877 -449.519 -460.498 -472.791 -485.915 -497.891 -505.49 -512.927 -520.247 -525.193 -528.739 -532.424 -537.275 -543.197 -548.964 -552.655 -552.784 -551.74 -549.485 -543.181 -533.493 -516.207 -484.083 -445.823 -407.525 -370.662 -336.36 -304.686 -275.213 -247.162 -220.367 -194.747 -170.203 -146.634 -123.936 -102.008 -80.7472 -60.0432 -39.7754 -19.81 0 
0 -12.8646 -25.8204 -38.9507 -52.3267 -66.0073 -80.0406 -94.4667 -109.32 -124.63 -140.426 -156.731 -173.563 -190.937 -208.861 -227.388 -246.469 -264.819 -282.461 -300.738 -319.738 -338.258 -355.039 -370.974 -386.551 -403.322 -419.659 -430.687 -441.106 -452.928 -465.109 -478.374 -492.344 -505.701 -516 -525.946 -534.498 -538.623 -540.295 -541.961 -544.606 -548.071 -552.603 -556.386 -558.41 -560.719 -561.667 -548.601 -528.602 -503.875 -474.284 -439.927 -404.722 -370.276 -337.119 -305.87 -276.315 -248.116 -221.184 -195.435 -170.769 -147.085 -124.283 -102.264 -80.9251 -60.1578 -39.8412 -19.8393 0 
0 -12.7584 -25.6196 -38.6736 -51.9926 -65.6333 -79.6397 -94.0481 -108.889 -124.191 -139.98 -156.281 -173.119 -190.513 -208.488 -227.314 -247.135 -266.092 -283.074 -300.713 -319.886 -339.006 -355.623 -372.101 -388.797 -405.9 -421.896 -432.752 -443.718 -455.851 -468.886 -483.033 -497.769 -512.151 -526.467 -540.975 -553.058 -555.398 -553.482 -552.043 -551.393 -551.309 -553.699 -558.061 -562.941 -571.876 -583.096 -560.205 -527.432 -496.208 -465.798 -433.516 -401.027 -368.722 -336.725 -305.85 -276.114 -247.801 -220.817 -195.039 -170.353 -146.655 -123.848 -101.839 -80.5314 -59.8215 -39.5924 -19.7059 0 
0 -12.5493 -25.226 -38.1313 -51.337 -64.8934 -78.8369 -93.1968 -107.998 -123.265 -139.022 -155.296 -172.118 -189.509 -207.536 -226.475 -246.096 -265.325 -282.618 -300.124 -318.637 -336.59 -353.151 -370.976 -390.228 -409.295 -425.841 -435.848 -446.751 -458.713 -471.699 -486.2 -501.854 -518.466 -537.43 -559.247 -581.635 -576.728 -566.209 -559.198 -554.458 -551.763 -552.352 -555.953 -561.307 -575.204 -593.903 -565.214 -523.584 -488.477 -457.736 -426.95 -396.211 -365.289 -334.595 -304.31 -274.496 -246.157 -219.246 -193.552 -168.948 -145.333 -122.616 -100.713 -79.5399 -59.0046 -39.0008 -19.3921 0 
0 -12.213 -24.6038 -37.2885 -50.3308 -63.7663 -77.6178 -91.9039 -106.642 -121.849 -137.546 -153.764 -170.547 -187.973 -206.214 -225.593 -245.419 -264.278 -281.596 -298.684 -316.17 -332.964 -349.893 -368.12 -387.647 -407.157 -424.909 -436.678 -448.999 -460.996 -473.993 -488.797 -505.177 -523.713 -546.226 -578.079 -614.127 -598.673 -574.425 -560.841 -553.497 -549.079 -547.662 -548.739 -550.133 -554.433 -559.544 -538.848 -507.701 -476.402 -447.276 -418.973 -389.935 -359.887 -329.601 -299.965 -270.935 -243.086 -216.456 -190.975 -166.554 -143.112 -120.57 -98.8583 -77.9101 -57.6563 -38.0141 -18.8615 0 
0 -11.6988 -23.6879 -36.0882 -48.9315 -62.223 -75.9642 -90.1595 -104.816 -119.942 -135.551 -151.665 -168.335 -185.702 -204.199 -224.311 -244.549 -262.319 -278.522 -294.935 -311.934 -329.19 -347.359 -365.34 -383.808 -402.182 -419.754 -434.609 -449.579 -462.349 -475.478 -490.64 -507.26 -525.471 -545.821 -569.461 -593.44 -583.933 -567.44 -555.614 -547.85 -542.345 -538.751 -536.719 -535.136 -533.72 -529.609 -514.8 -491.556 -464.455 -436.904 -410.059 -382.498 -353.733 -323.965 -294.676 -266.2 -238.795 -212.519 -187.337 -163.183 -139.99 -117.693 -96.24 -75.5858 -55.6964 -36.5379 -18.04 0 
0 -10.8945 -22.3606 -34.4447 -47.0841 -60.2299 -73.8567 -87.9541 -102.519 -117.552 -133.051 -149.012 -165.425 -182.386 -200.716 -220.755 -240.585 -258.292 -274.501 -291.097 -308.601 -326.871 -345.687 -362.766 -380.191 -397.833 -414.585 -430.294 -445.844 -460.131 -474.718 -491.125 -508.118 -524.967 -541.325 -556.49 -567.605 -564.396 -555.391 -546.78 -539.71 -534.071 -529.011 -524.709 -520.917 -515.907 -508.286 -495.24 -476.58 -453.375 -427.067 -400.617 -373.606 -345.487 -317.168 -288.595 -260.421 -233.376 -207.488 -182.67 -158.852 -135.971 -113.974 -92.8227 -72.4966 -53.0055 -34.4011 -16.7605 0 
0 -9.5184 -20.4154 -32.2458 -44.7305 -57.7558 -71.2785 -85.281 -99.7556 -114.696 -130.089 -145.905 -162.069 -178.658 -196.634 -215.698 -234.712 -253.016 -270.372 -287.847 -305.839 -324.511 -343.49 -360.212 -377.049 -394.405 -410.5 -425.901 -441.39 -456.907 -473.156 -491.271 -509.192 -525.016 -537.653 -546.617 -551.196 -548.69 -543.096 -536.909 -530.594 -525.405 -519.528 -514.198 -509.015 -501.907 -492.636 -479.529 -462.259 -441.225 -415.657 -389.359 -362.969 -335.664 -308.62 -280.883 -253.323 -226.802 -201.385 -177.003 -153.583 -131.067 -109.41 -88.5799 -68.5725 -49.4281 -31.3004 -14.601 0 
0 -6.76378 -17.5366 -29.3928 -41.8362 -54.7845 -68.2203 -82.1359 -96.5263 -111.386 -126.704 -142.456 -158.582 -175.191 -193.18 -211.639 -230.315 -248.959 -267.091 -285.125 -303.167 -321.89 -341.17 -357.437 -372.989 -389.474 -405.764 -421.412 -437.284 -453.897 -471.777 -492.075 -512.398 -528.88 -537.736 -540.69 -540.116 -535.648 -530.807 -526.03 -520.868 -516.55 -510.282 -504.767 -499.435 -491.66 -481.56 -467.517 -449.498 -428.74 -403.542 -377.341 -351.781 -325.722 -299.586 -272.303 -245.126 -219.123 -194.249 -170.372 -147.411 -125.306 -104.017 -83.515 -63.7853 -44.8339 -26.7714 -10.3431 0 
0 0 -13.5747 -25.9524 -38.4369 -51.3258 -64.6822 -78.516 -92.8279 -107.618 -122.886 -138.636 -154.892 -171.88 -190.001 -207.775 -226.328 -245.563 -264.165 -282.82 -301.04 -319.885 -338.944 -353.699 -368.142 -383.583 -399.105 -415.495 -432.666 -450.773 -470.388 -493.179 -518.339 -541.314 -544.046 -537.226 -530.184 -523.613 -518.458 -513.971 -508.887 -504.708 -499.412 -495.417 -491.63 -484.992 -475.491 -459.631 -438.973 -416.508 -390.802 -364.613 -339.532 -314.023 -288.384 -261.906 -235.571 -210.315 -186.114 -162.828 -140.382 -118.729 -97.8366 -77.6781 -58.2197 -39.351 -20.608 0 0 
0 0 -10.8097 -22.4053 -34.633 -47.3998 -60.6666 -74.4182 -88.6515 -103.371 -118.586 -134.311 -150.614 -167.819 -185.937 -203.481 -222.416 -242.653 -261.692 -280.792 -298.543 -315.791 -333.191 -347.622 -362.309 -377.439 -392.402 -409.083 -427.185 -446.612 -467.073 -491.525 -523.738 -558.718 -554.159 -534.217 -520.496 -512.313 -506.65 -502.036 -496.069 -491.233 -486.735 -484.643 -483.699 -481.324 -477.158 -456.855 -430.131 -403.869 -377.059 -351.234 -326.568 -300.695 -274.92 -249.445 -224.591 -200.453 -177.065 -154.442 -132.56 -111.393 -90.9219 -71.1411 -52.0643 -33.7424 -16.3098 0 0 
0 0 -7.25893 -18.2261 -30.2902 -42.9737 -56.1662 -69.8386 -83.9888 -98.6284 -113.777 -129.463 -145.738 -162.793 -180.66 -198.647 -217.865 -238.264 -257.394 -276.072 -293.665 -309.67 -325.188 -339.94 -355.34 -370.234 -385.236 -402.089 -420.591 -440.494 -460.049 -482.396 -511.07 -541.993 -538.315 -520.226 -507.673 -499.696 -492.925 -487.637 -482.112 -477.592 -473.174 -472.182 -473.988 -480.014 -488.085 -459.135 -421.714 -390.61 -363.149 -338.267 -313.853 -287.457 -261.681 -236.972 -213.084 -189.841 -167.251 -145.315 -124.024 -103.36 -83.317 -63.9 -45.1541 -27.2447 -10.8886 0 0 
0 0 0 -12.9499 -25.3278 -38.0386 -51.186 -64.7812 -78.8368 -93.3761 -108.433 -124.05 -140.286 -157.236 -174.933 -193.314 -212.965 -232.921 -251.701 -269.707 -287.172 -302.397 -317.044 -332.171 -347.976 -363.107 -378.838 -395.696 -412.806 -431.169 -449.55 -467.758 -487.34 -505.534 -506.969 -497.953 -489.955 -483.612 -477.73 -472.618 -466.56 -461.322 -456.25 -454.842 -457.364 -468.136 -481.584 -448.94 -406.847 -373.956 -346.476 -321.606 -296.923 -271.791 -247.446 -223.866 -200.932 -178.575 -156.781 -135.545 -114.858 -94.7082 -75.0857 -55.9877 -37.4074 -19.1935 0 0 0 
0 0 0 -8.24563 -20.0327 -32.6667 -45.7582 -59.2634 -73.201 -87.6069 -102.527 -118.017 -134.145 -150.982 -168.599 -187.408 -208.02 -226.887 -243.939 -261.352 -279.161 -294.23 -308.742 -323.851 -339.197 -355.089 -372.267 -389.563 -405.198 -421.538 -438.134 -452.034 -465.111 -475.62 -478.643 -474.846 -470.475 -466.093 -462.121 -457.329 -449.512 -442.628 -436.429 -433.166 -433.013 -436.113 -436.602 -410.957 -379.691 -352.241 -326.967 -302.464 -278.34 -255.126 -232.446 -210.115 -188.204 -166.747 -145.754 -125.226 -105.156 -85.5286 -66.3297 -47.5579 -29.2942 -12.1219 0 0 0 
0 0 0 0 -13.8905 -26.8375 -39.9164 -53.3134 -67.0969 -81.3233 -96.0514 -111.348 -127.294 -144 -161.648 -180.892 -202.086 -219.884 -234.965 -250.706 -267.779 -283.581 -299.382 -314.981 -329.847 -345.851 -363.534 -381.163 -396.233 -410.789 -425.257 -436.646 -446.14 -453.005 -455.608 -453.492 -450.994 -447.956 -444.799 -438.832 -430.451 -423.249 -415.854 -410.299 -406.433 -402.653 -394.431 -374.708 -351.377 -329.287 -307.164 -283.674 -260.596 -238.656 -217.176 -195.943 -175.021 -154.454 -134.262 -114.45 -95.0099 -75.9207 -57.1465 -38.6201 -20.0896 0 0 0 0 
0 0 0 0 -8.69173 -20.8764 -33.7567 -46.9769 -60.5498 -74.5381 -89.0076 -104.028 -119.685 -136.113 -153.556 -172.445 -192.3 -208.862 -223.777 -239.431 -256.286 -272.204 -288.398 -304.362 -319.616 -335.286 -352.304 -369.506 -385.045 -399.773 -413.516 -422.817 -429.899 -434.707 -436.751 -434.298 -431.844 -429.784 -426.796 -419.647 -411.052 -403.63 -395.233 -387.803 -380.719 -371.801 -359.967 -343.71 -325.176 -306.215 -286.353 -264.591 -243.046 -222.191 -201.7 -181.462 -161.483 -141.787 -122.391 -103.302 -84.5131 -65.9977 -47.7157 -29.6863 -12.444 0 0 0 0 
0 0 0 0 0 -14.2197 -27.2569 -40.2879 -53.587 -67.2719 -81.4134 -96.0696 -111.306 -127.211 -143.898 -161.444 -179.284 -195.414 -210.992 -227.064 -243.95 -259.937 -276.46 -292.685 -308.844 -324.55 -341.273 -357.786 -373.451 -389.261 -403.546 -411.171 -416.074 -418.536 -418.886 -415.911 -412.708 -409.961 -405.628 -399.62 -391.383 -383.154 -374.14 -365.275 -355.847 -344.242 -330.882 -316.608 -300.243 -282.567 -264.298 -244.778 -225.02 -205.405 -185.973 -166.72 -147.662 -128.819 -110.212 -91.8538 -73.7429 -55.8413 -38.0322 -19.9654 0 0 0 0 0 
0 0 0 0 0 -8.74571 -20.7631 -33.3308 -46.2386 -59.549 -73.3043 -87.5312 -102.26 -117.525 -133.34 -149.63 -166.043 -181.925 -197.634 -213.563 -230.008 -246.373 -263.886 -280.59 -297.501 -313.063 -329.251 -345.492 -361.534 -377.581 -391.966 -400.932 -405.732 -405.959 -403.713 -399.156 -394.373 -390.226 -384.698 -379.417 -370.747 -361.447 -352.317 -342.41 -331.307 -319.281 -306.684 -293.749 -277.735 -260.642 -243.244 -225.202 -206.851 -188.437 -170.065 -151.784 -133.625 -115.616 -97.784 -80.1584 -62.7633 -45.5924 -28.6066 -12.143 0 0 0 0 0 
0 0 0 0 0 0 -13.719 -26.0338 -38.4874 -51.3814 -64.7237 -78.4908 -92.6782 -107.289 -122.307 -137.651 -153.148 -168.609 -184.176 -200.048 -215.905 -231.332 -248.599 -266.734 -285 -300.533 -316.332 -332.738 -349.545 -366.999 -382.897 -394.939 -400.507 -396.911 -390.665 -382.773 -375.107 -368.523 -362.01 -356.137 -347.472 -337.666 -327.987 -317.759 -306.686 -295.197 -283.784 -271.716 -255.935 -239.464 -222.867 -205.934 -188.745 -171.426 -154.067 -136.725 -119.438 -102.236 -85.1498 -68.2326 -51.5595 -35.1584 -18.6589 0 0 0 0 0 0 
0 0 0 0 0 0 -8.0792 -18.5978 -30.2957 -42.7653 -55.7184 -69.03 -82.6724 -96.648 -110.946 -125.519 -140.288 -155.187 -170.247 -185.505 -200.815 -216.287 -233.57 -252.246 -270.719 -286.503 -302.379 -318.758 -335.736 -354.914 -374.744 -394.923 -405.22 -391.051 -377.4 -365.151 -354.84 -346.28 -338.586 -331.309 -322.725 -313.246 -303.527 -293.359 -282.588 -271.483 -260.493 -248.494 -233.768 -218.433 -202.826 -186.921 -170.77 -154.456 -138.052 -121.611 -105.167 -88.7384 -72.3469 -56.0627 -40.0839 -24.8227 -10.8704 0 0 0 0 0 0 
0 0 0 0 0 0 0 -9.98256 -21.3324 -33.6657 -46.3545 -59.2383 -72.3333 -85.6843 -99.3096 -113.193 -127.298 -141.603 -156.12 -170.886 -185.938 -201.611 -218.569 -235.928 -253.908 -270.18 -285.432 -300.963 -317.888 -338.154 -363.681 -396.78 -413.459 -383.915 -359.335 -343.887 -332.595 -323.238 -314.797 -306.672 -298.095 -288.991 -279.512 -269.601 -259.196 -248.374 -237.278 -225.272 -211.818 -197.673 -183.084 -168.153 -152.958 -137.576 -122.074 -106.501 -90.8809 -75.204 -59.4367 -43.5874 -27.8905 -13.1783 0 0 0 0 0 0 0 
0 0 0 0 0 0 0 0 -11.3858 -24.2106 -36.7955 -49.2355 -61.7381 -74.4463 -87.4153 -100.643 -114.11 -127.805 -141.745 -155.981 -170.634 -186.023 -202.277 -218.134 -235.216 -250.962 -265.577 -280.335 -296.222 -314.271 -336.072 -360.866 -372.136 -351.632 -333.279 -319.493 -308.637 -299.282 -290.703 -282.391 -273.917 -265.109 -255.931 -246.339 -236.294 -225.793 -214.81 -203.112 -190.557 -177.358 -163.685 -149.648 -135.334 -120.817 -106.167 -91.4375 -76.6514 -61.7601 -46.6085 -30.9595 -14.7125 0 0 0 0 0 0 0 0 
0 0 0 0 0 0 0 0 0 -14.9956 -27.3815 -39.1702 -50.9372 -62.9476 -75.2617 -87.8555 -100.694 -113.763 -127.072 -140.66 -154.593 -168.964 -183.753 -198.279 -213.624 -228.274 -242.725 -257.557 -272.196 -286.625 -302.52 -317.511 -324.073 -315.011 -303.781 -292.836 -283.223 -274.548 -266.342 -258.271 -250.074 -241.597 -232.765 -223.529 -213.852 -203.707 -193.056 -181.812 -169.939 -157.518 -144.649 -131.421 -117.911 -104.191 -90.3379 -76.431 -62.5271 -48.5765 -34.2777 -18.9297 0 0 0 0 0 0 0 0 0 
0 0 0 0 0 0 0 0 0 -8.39006 -18.5647 -29.1265 -39.893 -51.1453 -62.8286 -74.8224 -87.0484 -99.4804 -112.122 -124.993 -138.114 -151.492 -165.053 -178.595 -192.345 -205.843 -219.494 -233.7 -246.866 -258.437 -269.862 -278.355 -282.64 -278.808 -272.272 -264.608 -256.913 -249.347 -241.847 -234.279 -226.509 -218.439 -210.004 -201.16 -191.877 -182.129 -171.893 -161.14 -149.869 -138.125 -125.972 -113.477 -100.698 -87.6989 -74.5629 -61.4216 -48.4495 -35.7411 -22.9962 -10.4815 0 0 0 0 0 0 0 0 0 
0 0 0 0 0 0 0 0 0 0 -9.36068 -18.8781 -28.3631 -38.9118 -50.085 -61.5571 -73.1965 -84.9879 -96.9429 -109.074 -121.38 -133.835 -146.376 -158.907 -171.4 -183.699 -195.872 -207.953 -219.075 -229.297 -238.498 -243.865 -246.636 -245.396 -241.721 -236.476 -230.472 -224.081 -217.418 -210.487 -203.246 -195.647 -187.652 -179.231 -170.365 -161.041 -151.248 -140.987 -130.272 -119.14 -107.639 -95.8152 -83.7049 -71.3437 -58.7931 -46.2428 -34.1081 -22.9422 -11.4846 0 0 0 0 0 0 0 0 0 0 
0 0 0 0 0 0 0 0 0 0 0 -8.66194 -15.7697 -26.0536 -37.0427 -48.1243 -59.1926 -70.332 -81.5877 -92.9804 -104.496 -116.094 -127.708 -139.256 -150.659 -161.81 -172.628 -182.961 -192.389 -200.988 -208.286 -212.843 -215.179 -215.018 -212.805 -209.101 -204.42 -199.085 -193.258 -187.006 -180.34 -173.251 -165.724 -157.747 -149.313 -140.419 -131.072 -121.287 -111.091 -100.524 -89.6293 -78.4401 -66.9627 -55.178 -43.0231 -30.6486 -18.7979 -10.435 0 0 0 0 0 0 0 0 0 0 0 
0 0 0 0 0 0 0 0 0 0 0 0 0 -12.4904 -23.908 -34.7046 -45.1178 -55.5597 -66.0954 -76.764 -87.5295 -98.3369 -109.107 -119.75 -130.171 -140.264 -149.91 -158.948 -167.136 -174.348 -180.237 -184.27 -186.439 -186.735 -185.381 -182.704 -179.023 -174.579 -169.525 -163.939 -157.858 -151.293 -144.247 -136.721 -128.72 -120.252 -111.334 -101.997 -92.2808 -82.2372 -71.9136 -61.3531 -50.5279 -39.3822 -27.4729 -14.5304 0 0 0 0 0 0 0 0 0 0 0 0 0 
0 0 0 0 0 0 0 0 0 0 0 0 0 0 -11.3941 -21.6685 -31.0141 -40.6937 -50.4702 -60.4507 -70.5213 -80.6169 -90.6324 -100.466 -110.013 -119.163 -127.802 -135.783 -142.934 -149.094 -154.046 -157.559 -159.571 -160.101 -159.282 -157.309 -154.387 -150.685 -146.322 -141.367 -135.86 -129.816 -123.249 -116.169 -108.593 -100.533 -92.0167 -83.0862 -73.7983 -64.23 -54.4348 -44.5308 -34.4137 -24.3502 -12.9558 0 0 0 0 0 0 0 0 0 0 0 0 0 0 
0 0 0 0 0 0 0 0 0 0 0 0 0 0 0 -9.56126 -16.5765 -25.7307 -34.641 -44.0474 -53.4881 -62.9769 -72.3394 -81.4707 -90.2489 -98.5751 -106.351 -113.447 -119.722 -125.047 -129.293 -132.351 -134.184 -134.817 -134.336 -132.864 -130.532 -127.453 -123.709 -119.349 -114.397 -108.864 -102.762 -96.1156 -88.9491 -81.2727 -73.1126 -64.5329 -55.5962 -46.4496 -37.0649 -27.9214 -18.2461 -10.6491 0 0 0 0 0 0 0 0 0 0 0 0 0 0 0 
0 0 0 0 0 0 0 0 0 0 0 0 0 0 0 0 0 -11.0116 -18.3156 -27.6098 -36.4069 -45.4631 -54.2777 -62.8282 -70.9373 -78.5368 -85.5812 -91.9322 -97.4612 -102.08 -105.727 -108.367 -109.997 -110.647 -110.381 -109.278 -107.424 -104.886 -101.713 -97.9233 -93.5154 -88.4794 -82.821 -76.5814 -69.8154 -62.4956 -54.6281 -46.3366 -37.6041 -28.9072 -19.454 -11.8438 0 0 0 0 0 0 0 0 0 0 0 0 0 0 0 0 0 
0 0 0 0 0 0 0 0 0 0 0 0 0 0 0 0 0 0 0 -11.6691 -19.0667 -28.1909 -36.48 -44.6269 -52.1354 -59.0536 -65.5045 -71.2394 -76.1105 -80.0833 -83.1698 -85.3944 -86.7889 -87.3944 -87.2615 -86.4455 -84.9979 -82.9556 -80.333 -77.1156 -73.2617 -68.7175 -63.4609 -57.5737 -51.2352 -44.2664 -36.5676 -28.5812 -19.5766 -12.1209 0 0 0 0 0 0 0 0 0 0 0 0 0 0 0 0 0 0 0 
0 0 0 0 0 0 0 0 0 0 0 0 0 0 0 0 0 0 0 0 0 -11.7538 -18.8244 -27.064 -33.9239 -40.0377 -46.1436 -51.4105 -55.6581 -58.9732 -61.474 -63.2515 -64.37 -64.88 -64.8253 -64.2443 -63.1666 -61.6052 -59.5478 -56.9445 -53.6984 -49.6681 -44.7313 -39.0175 -33.2854 -26.7672 -18.7947 -11.844 0 0 0 0 0 0 0 0 0 0 0 0 0 0 0 0 0 0 0 0 0 
0 0 0 0 0 0 0 0 0 0 0 0 0 0 0 0 0 0 0 0 0 0 0 -10.8806 -16.4585 -21.0295 -27.6219 -32.6008 -36.1382 -38.6772 -40.5018 -41.7674 -42.5597 -42.9304 -42.9153 -42.5398 -41.8188 -40.751 -39.3083 -37.4162 -34.9191 -31.5252 -26.7786 -20.4795 -16.1218 -10.7222 0 0 0 0 0 0 0 0 0 0 0 0 0 0 0 0 0 0 0 0 0 0 0 
0 0 0 0 0 0 0 0 0 0 0 0 0 0 0 0 0 0 0 0 0 0 0 0 0 0 -10.7137 -15.2328 -17.6166 -19.0956 -20.0885 -20.7567 -21.1708 -21.3667 -21.3657 -21.1809 -20.8179 -20.2718 -19.5182 -18.4928 -17.0368 -14.7351 -10.3784 0 0 0 0 0 0 0 0 0 0 0 0 0 0 0 0 0 0 0 0 0 0 0 0 0 0 
0 0 0 0 0 0 0 0 0 0 0 0 0 0 0 0 0 0 0 0 0 0 0 0 0 0 0 0 0 0 0 0 0 0 0 0 0 0 0 0 0 0 0 0 0 0 0 0 0 0 0 0 0 0 0 0 0 0 0 0 0 0 0 0 0 0 0 0 0 
