0 0 0 0 0 0 0 0 0 0 0 0 0 0 0 0 0 0 0 0 0 0 0 0 0 0 0 0 0 0 0 0 0 0 0 0 0 0 0 0 0 0 0 0 0 0 0 0 0 0 0 0 0 0 0 0 0 0 0 0 0 0 0 0 0 0 0 0 0 
0 0 0 0 0 0 0 0 0 0 0 0 0 0 0 0 0 0 0 0 0 0 0 0 0 0 -1.28472 -1.81825 -2.09353 -2.2611 -2.37295 -2.44957 -2.49996 -2.52842 -2.53697 -2.52627 -2.49585 -2.44383 -2.36607 -2.25366 -2.08622 -1.81183 -1.28033 0 0 0 0 0 0 0 0 0 0 0 0 0 0 0 0 0 0 0 0 0 0 0 0 0 0 
0 0 0 0 0 0 0 0 0 0 0 0 0 0 0 0 0 0 0 0 0 0 0 -1.3392 -2.01061 -2.54794 -3.32069 -3.8947 -4.29478 -4.57789 -4.78115 -4.92535 -5.02184 -5.07675 -5.0932 -5.07227 -5.01326 -4.9134 -4.76681 -4.56237 -4.27939 -3.88077 -3.30949 -2.54042 -2.00589 -1.3369 0 0 0 0 0 0 0 0 0 0 0 0 0 0 0 0 0 0 0 0 0 0 0 
0 0 0 0 0 0 0 0 0 0 0 0 0 0 0 0 0 0 0 0 0 -1.48183 -2.35125 -3.34615 -4.15535 -4.86042 -5.55541 -6.14511 -6.613 -6.97453 -7.2484 -7.44883 -7.58528 -7.66356 -7.68685 -7.65637 -7.57152 -7.42966 -7.2254 -6.94963 -6.5882 -6.12239 -5.53643 -4.84631 -4.14621 -3.34172 -2.35062 -1.48305 0 0 0 0 0 0 0 0 0 0 0 0 0 0 0 0 0 0 0 0 0 
0 0 0 0 0 0 0 0 0 0 0 0 0 0 0 0 0 0 0 -1.51333 -2.44716 -3.57608 -4.57694 -5.53885 -6.40423 -7.18305 -7.8954 -8.51731 -9.03754 -9.45883 -9.78908 -10.0363 -10.2069 -10.3053 -10.3342 -10.2948 -10.1868 -10.0083 -9.75552 -9.42251 -9.00141 -8.48413 -7.86754 -7.16214 -6.39096 -5.53312 -4.57774 -3.58156 -2.45472 -1.5202 0 0 0 0 0 0 0 0 0 0 0 0 0 0 0 0 0 0 0 
0 0 0 0 0 0 0 0 0 0 0 0 0 0 0 0 0 -1.47125 -2.42163 -3.60609 -4.69927 -5.79836 -6.84155 -7.82815 -8.73968 -9.57215 -10.3258 -10.9912 -11.5611 -12.0342 -12.4128 -12.7004 -12.9008 -13.0166 -13.05 -13.0019 -12.8726 -12.6612 -12.3658 -11.9835 -11.5108 -10.9452 -10.2875 -9.54373 -8.72237 -7.82206 -6.84566 -5.81075 -4.71712 -3.62606 -2.4396 -1.48465 0 0 0 0 0 0 0 0 0 0 0 0 0 0 0 0 0 
0 0 0 0 0 0 0 0 0 0 0 0 0 0 0 -1.31439 -2.2572 -3.46336 -4.60914 -5.79015 -6.94546 -8.07662 -9.16272 -10.1925 -11.1541 -12.0401 -12.8446 -13.5604 -14.1814 -14.704 -15.1274 -15.4519 -15.6791 -15.8103 -15.847 -15.7902 -15.6405 -15.3982 -15.0631 -14.6348 -14.1131 -13.4984 -12.7934 -12.0029 -11.1328 -10.1871 -9.17211 -8.09867 -6.97696 -5.82733 -4.64767 -3.49901 -2.28496 -1.33278 0 0 0 0 0 0 0 0 0 0 0 0 0 0 0 
0 0 0 0 0 0 0 0 0 0 0 0 0 0 -1.59255 -3.00031 -4.25101 -5.51583 -6.76137 -7.99999 -9.21577 -10.4 -11.5401 -12.625 -13.6444 -14.5893 -15.452 -16.2246 -16.9001 -17.4732 -17.9407 -18.3008 -18.5533 -18.6986 -18.7377 -18.6714 -18.5011 -18.2279 -17.8536 -17.3796 -16.8082 -16.142 -15.3849 -14.5418 -13.6187 -12.6213 -11.557 -10.4348 -9.26473 -8.05863 -6.82475 -5.57876 -4.30805 -3.04618 -1.61976 0 0 0 0 0 0 0 0 0 0 0 0 0 0 
0 0 0 0 0 0 0 0 0 0 0 0 0 -1.77792 -3.3699 -4.84316 -6.23075 -7.58758 -8.92051 -10.2327 -11.5176 -12.7675 -13.9727 -15.1231 -16.209 -17.2209 -18.1496 -18.9859 -19.7212 -20.3481 -20.8613 -21.2573 -21.5347 -21.6933 -21.7336 -21.6567 -21.4643 -21.1589 -20.7436 -20.222 -19.5981 -18.8765 -18.0622 -17.1609 -16.1787 -15.1226 -13.9998 -12.8189 -11.5885 -10.3177 -9.01392 -7.68322 -6.32232 -4.92411 -3.43287 -1.81463 0 0 0 0 0 0 0 0 0 0 0 0 0 
0 0 0 0 0 0 0 0 0 0 0 -1.26813 -2.28906 -3.74174 -5.26598 -6.77169 -8.24127 -9.6832 -11.1004 -12.4925 -13.8546 -15.1798 -16.4599 -17.6857 -18.8476 -19.9357 -20.9395 -21.8481 -22.6506 -23.3369 -23.899 -24.3323 -24.6348 -24.8062 -24.8467 -24.7575 -24.5406 -24.1998 -23.7398 -23.1665 -22.4858 -21.7038 -20.8266 -19.8607 -18.8129 -17.6904 -16.5009 -15.2523 -13.9527 -12.6098 -11.23 -9.81788 -8.37388 -6.89508 -5.37296 -3.82568 -2.3455 -1.30174 0 0 0 0 0 0 0 0 0 0 0 
0 0 0 0 0 0 0 0 0 0 -1.39119 -2.78368 -4.14635 -5.6341 -7.18062 -8.73638 -10.2794 -11.8035 -13.3056 -14.7822 -16.2283 -17.6373 -19.0015 -20.3123 -21.5602 -22.7348 -23.8245 -24.8164 -25.6962 -26.4498 -27.0657 -27.5382 -27.8661 -28.0498 -28.0897 -27.986 -27.741 -27.3598 -26.8495 -26.2184 -25.4748 -24.6262 -23.6797 -22.6423 -21.5216 -20.3252 -19.061 -17.7368 -16.3603 -14.9387 -13.4784 -11.9844 -10.4603 -8.90935 -7.33822 -5.76962 -4.25458 -2.86147 -1.43239 0 0 0 0 0 0 0 0 0 0 
0 0 0 0 0 0 0 0 0 -1.26599 -2.7811 -4.32894 -5.87855 -7.46766 -9.08603 -10.7138 -12.3365 -13.9458 -15.5362 -17.1026 -18.6392 -20.1396 -21.5964 -23.0016 -24.3459 -25.6188 -26.8075 -27.8968 -28.8681 -29.7002 -30.3757 -30.8888 -31.2415 -31.4374 -31.4761 -31.3558 -31.0774 -30.6487 -30.0801 -29.3829 -28.5688 -27.6465 -26.6236 -25.5074 -24.3061 -23.0279 -21.6811 -20.2736 -18.813 -17.3064 -15.7605 -14.181 -12.5735 -10.9438 -9.30096 -7.66 -6.04174 -4.45714 -2.86811 -1.30748 0 0 0 0 0 0 0 0 0 
0 0 0 0 0 0 0 0 0 -2.28267 -4.13822 -5.87258 -7.57127 -9.27197 -10.982 -12.6962 -14.4069 -16.1071 -17.791 -19.4526 -21.0862 -22.6853 -24.2431 -25.7519 -27.2032 -28.5868 -29.8899 -31.0953 -32.1791 -33.1074 -33.8483 -34.3995 -34.7739 -34.9821 -35.0216 -34.8838 -34.5642 -34.0775 -33.4393 -32.6643 -31.7709 -30.7674 -29.6608 -28.4577 -27.1674 -25.7992 -24.3619 -22.8634 -21.3116 -19.7135 -18.0761 -16.4058 -14.7087 -12.9916 -11.2618 -9.5277 -7.79523 -6.05725 -4.27544 -2.36181 0 0 0 0 0 0 0 0 0 
0 0 0 0 0 0 0 0 -1.76874 -3.7265 -5.61662 -7.45188 -9.26198 -11.0669 -12.8739 -14.6823 -16.4877 -18.2848 -20.0678 -21.8308 -23.5678 -25.2725 -26.9386 -28.5596 -30.1281 -31.6353 -33.0701 -34.4154 -35.6456 -36.7018 -37.5105 -38.0872 -38.4724 -38.6954 -38.7444 -38.5934 -38.2182 -37.6579 -36.9351 -36.0642 -35.0831 -33.9915 -32.7946 -31.495 -30.1064 -28.6398 -27.1038 -25.5067 -23.8563 -22.1599 -20.4246 -18.6572 -16.8641 -15.0519 -13.2268 -11.3938 -9.55425 -7.7012 -5.81458 -3.86433 -1.83753 0 0 0 0 0 0 0 0 
0 0 0 0 0 0 0 -1.58073 -3.34844 -5.23798 -7.14976 -9.05638 -10.9579 -12.8596 -14.7644 -16.6713 -18.577 -20.4766 -22.3646 -24.235 -26.0816 -27.8982 -29.6793 -31.4198 -33.1145 -34.7562 -36.3398 -37.8506 -39.2834 -40.5441 -41.4047 -41.9664 -42.3342 -42.5752 -42.6547 -42.5179 -42.0575 -41.3985 -40.564 -39.5812 -38.5059 -37.3173 -36.0295 -34.6214 -33.1236 -31.5497 -29.9068 -28.2034 -26.4471 -24.6453 -22.8053 -20.9341 -19.0386 -17.1253 -15.1998 -13.2664 -11.3268 -9.3787 -7.41735 -5.44338 -3.48581 -1.64842 0 0 0 0 0 0 0 
0 0 0 0 0 0 -1.30193 -2.97459 -4.80638 -6.72716 -8.68808 -10.666 -12.6536 -14.6494 -16.6527 -18.6615 -20.6722 -22.68 -24.679 -26.663 -28.6253 -30.5596 -32.4605 -34.3259 -36.1537 -37.9353 -39.6696 -41.3627 -43.0696 -44.6374 -45.5404 -46.0516 -46.3267 -46.57 -46.7222 -46.6335 -46.0653 -45.2599 -44.2912 -43.2008 -42.0297 -40.733 -39.3571 -37.8361 -36.2169 -34.5284 -32.7704 -30.9528 -29.0833 -27.1689 -25.2172 -23.2355 -21.231 -19.2107 -17.1806 -15.1453 -13.1077 -11.0695 -9.03275 -7.00603 -5.0139 -3.10788 -1.36225 0 0 0 0 0 0 
0 0 0 0 0 0 -2.23313 -4.20924 -6.17534 -8.17631 -10.2093 -12.266 -14.3411 -16.4317 -18.5355 -20.6498 -22.7703 -24.8921 -27.0085 -29.1127 -31.1971 -33.2542 -35.2772 -37.2696 -39.2391 -41.1381 -42.9947 -44.8483 -46.7443 -48.5135 -49.6026 -50.1855 -50.3898 -50.645 -50.8999 -50.7591 -50.0861 -49.1641 -48.1083 -46.9054 -45.6181 -44.2135 -42.7394 -41.1275 -39.3844 -37.5737 -35.6934 -33.7544 -31.7642 -29.7299 -27.6591 -25.5595 -23.4392 -21.306 -19.1667 -17.0265 -14.8894 -12.7587 -10.6382 -8.5341 -6.45587 -4.40697 -2.34111 0 0 0 0 0 0 
0 0 0 0 0 -1.45209 -3.42144 -5.45388 -7.50953 -9.59334 -11.7068 -13.8476 -16.013 -18.2007 -20.408 -22.6317 -24.8674 -27.1093 -29.3503 -31.5822 -33.7962 -35.983 -38.1246 -40.2445 -42.3447 -44.3407 -46.3213 -48.2614 -50.1436 -51.8989 -53.2206 -53.8849 -54.2449 -54.6416 -54.9642 -54.735 -54.0944 -53.1982 -52.0927 -50.7658 -49.3257 -47.7655 -46.1569 -44.4806 -42.6224 -40.6778 -38.6691 -36.6048 -34.4891 -32.3274 -30.1299 -27.9042 -25.6603 -23.4075 -21.1536 -18.9045 -16.6646 -14.4377 -12.2271 -10.0363 -7.86852 -5.723 -3.59521 -1.52808 0 0 0 0 0 
0 0 0 0 0 -2.38683 -4.54659 -6.67539 -8.8154 -10.9809 -13.177 -15.4045 -17.6627 -19.95 -22.2641 -24.6017 -26.9583 -29.3275 -31.7013 -34.0695 -36.4224 -38.7442 -40.9972 -43.2284 -45.4072 -47.5313 -49.6624 -51.6976 -53.6607 -55.4243 -56.8455 -57.5746 -58.0739 -58.5302 -58.8778 -58.7413 -58.2714 -57.3988 -56.2317 -54.7675 -53.1675 -51.4689 -49.6864 -47.8571 -45.8715 -43.8004 -41.6682 -39.4891 -37.2447 -34.9608 -32.6288 -30.2671 -27.8902 -25.5101 -23.1357 -20.7732 -18.427 -16.1005 -13.7961 -11.5156 -9.25887 -7.02132 -4.78864 -2.5171 0 0 0 0 0 
0 0 0 0 -1.48789 -3.54871 -5.70266 -7.88572 -10.0958 -12.3378 -14.6156 -16.9307 -19.2833 -21.6725 -24.0967 -26.5528 -29.0365 -31.5412 -34.0577 -36.5723 -39.066 -41.5091 -43.869 -46.2372 -48.5282 -50.7884 -53.0586 -55.2621 -57.4038 -59.1335 -60.4483 -61.3207 -61.9854 -62.5288 -62.9701 -62.9414 -62.545 -61.5911 -60.3285 -58.7874 -57.0905 -55.3003 -53.3981 -51.3537 -49.1765 -46.9212 -44.648 -42.368 -40.008 -37.6268 -35.1573 -32.6453 -30.1232 -27.607 -25.1059 -22.6256 -20.1697 -17.7411 -15.3413 -12.9712 -10.63 -8.31475 -6.02094 -3.75167 -1.57529 0 0 0 0 
0 0 0 0 -2.40294 -4.61747 -6.82954 -9.06907 -11.3441 -13.6591 -16.0169 -18.4194 -20.8672 -23.3602 -25.8973 -28.4763 -31.0936 -33.7433 -36.4159 -39.0951 -41.736 -44.3046 -46.7739 -49.2777 -51.7219 -54.1043 -56.5191 -58.9343 -61.2907 -63.0852 -64.3058 -65.2747 -66.02 -66.5765 -66.9914 -66.8882 -66.3701 -65.4567 -64.2833 -62.8464 -61.1774 -59.274 -57.2325 -54.9863 -52.5919 -50.1505 -47.6963 -45.2809 -42.8508 -40.3809 -37.7256 -35.0337 -32.3504 -29.6889 -27.0554 -24.4534 -21.8853 -19.3528 -16.8568 -14.3979 -11.9752 -9.58673 -7.22869 -4.89336 -2.54949 0 0 0 0 
0 0 0 -1.45187 -3.50629 -5.68875 -7.92899 -10.2169 -12.5525 -14.9374 -17.3737 -19.8628 -22.406 -25.0037 -27.6559 -30.3615 -33.1183 -35.9223 -38.7675 -41.6291 -44.4353 -47.1366 -49.7385 -52.3568 -54.9445 -57.4465 -59.9786 -62.4746 -64.8934 -66.914 -68.3322 -69.413 -70.1762 -70.7325 -71.0511 -70.9349 -70.411 -69.5769 -68.4698 -67.1136 -65.4419 -63.2925 -61.0735 -58.6927 -56.0566 -53.4096 -50.7817 -48.2133 -45.7165 -43.1914 -40.3155 -37.4131 -34.5557 -31.7427 -28.9734 -26.2474 -23.5653 -20.9278 -18.3354 -15.7883 -13.2862 -10.8283 -8.41373 -6.04359 -3.7293 -1.54626 0 0 0 
0 0 0 -2.30116 -4.4816 -6.70225 -8.98071 -11.3172 -13.7115 -16.1645 -18.6775 -21.2522 -23.8902 -26.5928 -29.3611 -32.1956 -35.0958 -38.0603 -41.0866 -44.1669 -47.2355 -50.0578 -52.7857 -55.5113 -58.1847 -60.7612 -63.3998 -65.9798 -68.4254 -70.6436 -72.4671 -73.7671 -74.585 -75.1489 -75.425 -75.318 -74.8151 -73.9919 -72.8607 -71.562 -69.9297 -67.4225 -64.868 -62.2356 -59.4067 -56.6016 -53.8316 -51.1279 -48.5489 -45.9385 -42.8629 -39.7506 -36.7165 -33.753 -30.848 -27.9975 -25.2007 -22.4577 -19.7686 -17.1338 -14.553 -12.0264 -9.55435 -7.13799 -4.77786 -2.45574 0 0 0 
0 0 -1.30862 -3.2712 -5.41666 -7.65797 -9.9744 -12.3596 -14.8119 -17.3315 -19.9197 -22.5784 -25.3098 -28.1162 -31.0002 -33.9638 -37.0089 -40.1366 -43.3485 -46.6526 -49.9892 -52.9682 -55.8483 -58.7139 -61.4535 -64.1306 -66.8791 -69.5722 -72.1357 -74.514 -76.5568 -78.0637 -79.124 -79.8257 -80.1593 -80.0903 -79.5773 -78.7108 -77.4807 -75.9564 -74.0453 -71.2917 -68.481 -65.6257 -62.6708 -59.7528 -56.8479 -54.0017 -51.2519 -48.3489 -45.1655 -41.9699 -38.8068 -35.7048 -32.6681 -29.694 -26.7824 -23.9335 -21.1477 -18.4251 -15.7658 -13.1701 -10.6392 -8.17615 -5.7884 -3.49885 -1.40117 0 0 
0 0 -1.96331 -4.05834 -6.25586 -8.53859 -10.8993 -13.335 -15.845 -18.4299 -21.0913 -23.8318 -26.6543 -29.5622 -32.5595 -35.6506 -38.8396 -42.1285 -45.5088 -48.9492 -52.3651 -55.5828 -58.7767 -61.911 -64.7565 -67.5654 -70.4497 -73.321 -76.1057 -78.6901 -80.8755 -82.6008 -83.9452 -84.8115 -85.2604 -85.2836 -84.7618 -83.767 -82.3278 -80.4144 -78.0109 -75.0944 -72.1022 -69.0498 -65.891 -62.8081 -59.7628 -56.8147 -53.9587 -50.7901 -47.4603 -44.117 -40.8226 -37.5914 -34.4255 -31.3281 -28.3013 -25.3463 -22.4636 -19.6531 -16.9148 -14.249 -11.6564 -9.13896 -6.70074 -4.35007 -2.10583 0 0 
0 0 -2.48623 -4.74304 -7.0098 -9.34121 -11.7492 -14.2361 -16.8031 -19.4516 -22.184 -25.0033 -27.9133 -30.9187 -34.025 -37.2394 -40.5705 -44.0193 -47.5856 -51.259 -54.7317 -58.1215 -61.5521 -64.9089 -67.9499 -70.9485 -74.0254 -77.1198 -80.1958 -83.1255 -85.6325 -87.587 -89.2017 -90.3129 -90.9406 -91.0395 -90.38 -89.2134 -87.5322 -85.2009 -82.2812 -79.0635 -75.7961 -72.4916 -69.0895 -65.7774 -62.5391 -59.3767 -56.302 -53.0518 -49.7548 -46.2549 -42.7832 -39.4123 -36.1144 -32.8914 -29.7484 -26.687 -23.7072 -20.8089 -17.9914 -15.2546 -12.5983 -10.0226 -7.52552 -5.09487 -2.67209 0 0 
0 -1.25291 -3.23859 -5.41785 -7.69907 -10.0673 -12.5201 -15.0572 -17.6797 -20.3896 -23.1897 -26.084 -29.077 -32.1742 -35.3825 -38.7117 -42.1824 -45.7871 -49.5733 -53.5224 -57.1366 -60.618 -64.2096 -67.7867 -71.0895 -74.2881 -77.6021 -80.9993 -84.4329 -87.7895 -90.7186 -93.0052 -94.9271 -96.3303 -97.1403 -97.3336 -96.4851 -95.012 -92.8259 -89.9417 -86.6333 -83.1104 -79.533 -75.9599 -72.2998 -68.6985 -65.2224 -61.7986 -58.4834 -55.2354 -52.0199 -48.3488 -44.6586 -41.1423 -37.7284 -34.3748 -31.1139 -27.9459 -24.8695 -21.8837 -18.9874 -16.1797 -13.4597 -10.8276 -8.28388 -5.8318 -3.48765 -1.35021 0 
0 -1.77297 -3.79742 -5.9907 -8.3013 -10.7089 -13.2066 -15.793 -18.4689 -21.2372 -24.1014 -27.066 -30.1365 -33.3188 -36.619 -40.04 -43.6238 -47.3227 -51.1859 -55.2217 -59.2041 -62.9586 -66.8657 -70.7289 -74.2371 -77.5934 -81.1526 -84.8565 -88.6127 -92.295 -95.6916 -98.6045 -101.072 -102.909 -103.803 -103.864 -102.849 -101.043 -98.3542 -94.9338 -91.1459 -87.2156 -83.2799 -79.3973 -75.4634 -71.5362 -67.7685 -64.105 -60.6014 -57.2535 -53.9706 -50.2057 -46.3837 -42.7338 -39.2343 -35.7654 -32.3867 -29.1131 -25.9411 -22.869 -19.8949 -17.0169 -14.2334 -11.544 -8.95063 -6.46081 -4.09651 -1.91318 0 
0 -2.04152 -4.18744 -6.44618 -8.80654 -11.2604 -13.8045 -16.439 -19.1659 -21.9889 -24.9125 -27.9422 -31.0842 -34.3453 -37.7236 -41.2099 -44.8724 -48.6536 -52.5943 -56.7241 -61.0064 -65.0533 -69.2424 -73.2359 -76.9342 -80.5836 -84.5095 -88.6137 -92.8125 -97.0182 -101.1 -104.768 -107.955 -110.288 -111.3 -111.188 -109.899 -107.535 -104.226 -100.222 -95.8409 -91.3768 -86.9502 -82.7035 -78.5566 -74.3113 -70.247 -66.3225 -62.6142 -59.0728 -55.6232 -51.8045 -47.9571 -44.223 -40.6074 -37.0356 -33.5543 -30.1788 -26.9129 -23.7563 -20.7063 -17.7595 -14.913 -12.1645 -9.51382 -6.96428 -4.5244 -2.206 0 
0 -2.20559 -4.46468 -6.80004 -9.21833 -11.7217 -14.3121 -16.9925 -19.7668 -22.6399 -25.6175 -28.7061 -31.9127 -35.2448 -38.7082 -42.2909 -45.9866 -49.8201 -53.8243 -57.9811 -62.3297 -66.6139 -70.9767 -75.0334 -79.0173 -83.1464 -87.5785 -92.2428 -96.9918 -101.89 -106.825 -111.312 -115.233 -118.145 -119.7 -119.709 -118.057 -114.924 -110.684 -105.834 -100.7 -95.5968 -90.6411 -86.0226 -81.6034 -76.9416 -72.5057 -68.3233 -64.3761 -60.5648 -56.8931 -53.0864 -49.3162 -45.598 -41.8885 -38.2121 -34.616 -31.1348 -27.7756 -24.537 -21.4144 -18.402 -15.4946 -12.6871 -9.97589 -7.35809 -4.83082 -2.38642 0 
0 -2.31609 -4.66564 -7.07099 -9.54505 -12.0959 -14.7297 -17.4521 -20.269 -23.1865 -26.2117 -29.3519 -32.6156 -36.0126 -39.5551 -43.2287 -46.9841 -50.8716 -54.9017 -59.0828 -63.4536 -67.8332 -72.2869 -76.5056 -80.8168 -85.4428 -90.4631 -95.6931 -100.987 -106.621 -112.513 -118.152 -123.225 -127.232 -129.679 -129.905 -127.677 -123.387 -117.766 -111.68 -105.552 -99.669 -94.0767 -88.9251 -84.0219 -79.1024 -74.474 -70.128 -65.9638 -61.9514 -58.1505 -54.3513 -50.6082 -46.9577 -43.1308 -39.297 -35.5629 -31.9687 -28.5176 -25.2018 -22.0121 -18.9397 -15.9761 -13.1135 -10.3445 -7.66137 -5.05439 -2.50884 0 
0 -2.3931 -4.81082 -7.2732 -9.79497 -12.3872 -15.0587 -17.8173 -20.6704 -23.6256 -26.6906 -29.8742 -33.1855 -36.6347 -40.2252 -43.9387 -47.8079 -51.7774 -55.8334 -60.0253 -64.3285 -68.6574 -73.1215 -77.6287 -82.2924 -87.2814 -92.7498 -98.5364 -104.544 -110.912 -117.745 -124.803 -131.631 -137.716 -141.839 -142.458 -139.094 -132.838 -125.238 -117.467 -110.147 -103.416 -97.18 -91.4853 -86.1068 -80.9697 -76.1818 -71.6681 -67.3411 -63.2138 -59.3287 -55.5468 -51.8137 -48.1929 -44.2544 -40.2382 -36.3597 -32.6594 -29.1245 -25.7403 -22.4926 -19.3685 -16.3566 -13.4463 -10.6273 -7.88847 -5.21653 -2.59454 0 
0 -2.44541 -4.91134 -7.41598 -9.97447 -12.5992 -15.3006 -18.088 -20.9698 -23.9546 -27.0512 -30.2687 -33.6173 -37.1082 -40.7431 -44.5059 -48.4826 -52.5879 -56.7262 -60.8221 -65.0236 -69.3612 -73.852 -78.5696 -83.4598 -88.7368 -94.5365 -100.821 -107.562 -114.749 -122.726 -131.56 -140.825 -150.134 -157.433 -158.698 -152.661 -142.931 -132.706 -122.92 -114.266 -106.667 -99.8615 -93.658 -87.8856 -82.5094 -77.5542 -72.9286 -68.5406 -64.3494 -60.4005 -56.6086 -52.733 -49.0032 -45.0787 -40.9947 -36.9836 -33.1847 -29.5806 -26.1425 -22.8495 -19.6851 -16.6354 -13.6879 -10.83 -8.04862 -5.32873 -2.65279 0 
0 -2.47725 -4.97312 -7.5049 -10.0877 -12.7346 -15.4567 -18.2641 -21.1662 -24.172 -27.2907 -30.5322 -33.9069 -37.4266 -41.1021 -44.9326 -49.0021 -53.287 -57.5588 -61.5109 -65.5587 -69.8739 -74.4166 -79.2602 -84.3062 -89.8271 -95.8718 -102.546 -109.961 -117.89 -126.908 -137.524 -149.961 -164.586 -177.616 -179.478 -168.656 -152.573 -138.684 -127.058 -117.338 -109.081 -101.904 -95.3464 -89.2545 -83.6864 -78.6336 -73.9599 -69.5405 -65.2799 -61.336 -57.5051 -53.449 -49.6008 -45.6217 -41.4693 -37.3752 -33.5154 -29.8707 -26.3996 -23.0777 -19.8869 -16.8122 -13.8398 -10.9563 -8.14722 -5.397 -2.68787 0 
0 -2.49042 -4.99898 -7.54276 -10.1369 -12.7946 -15.5274 -18.3457 -21.2589 -24.2764 -27.4076 -30.6624 -34.0517 -37.5891 -41.2853 -45.1365 -49.2269 -53.5798 -57.9802 -61.9668 -65.8934 -70.132 -74.6829 -79.5543 -84.6574 -90.3405 -96.5827 -103.567 -111.46 -119.789 -129.303 -141 -156.42 -176.472 -193.941 -194.934 -180.516 -159.127 -142.111 -129.266 -118.857 -110.211 -102.816 -96.1475 -89.97 -84.3698 -79.3541 -74.7161 -70.3185 -65.9254 -61.816 -57.735 -53.597 -49.631 -45.5496 -41.438 -37.4518 -33.631 -29.9871 -26.5076 -23.1748 -19.9726 -16.8866 -13.903 -11.008 -8.18701 -5.42418 -2.70171 0 
0 -2.48537 -4.98964 -7.53026 -10.1225 -12.7796 -15.5128 -18.3322 -21.2473 -24.2671 -27.4008 -30.6579 -34.0485 -37.583 -41.266 -45.0906 -49.1447 -53.4176 -57.8214 -61.9804 -65.8875 -70.0675 -74.6007 -79.4196 -84.5218 -90.2553 -96.5038 -103.436 -111.22 -119.648 -129.252 -140.836 -156.145 -176.029 -193.615 -193.945 -178.924 -158.027 -141.477 -128.884 -118.605 -110.038 -102.652 -96.1353 -90.1272 -84.6002 -79.6261 -75.0017 -70.5764 -66.2062 -62.0935 -57.7741 -53.4924 -49.3884 -45.3201 -41.2793 -37.3554 -33.5661 -29.939 -26.4689 -23.1412 -19.9422 -16.8587 -13.8775 -10.9856 -8.16866 -5.411 -2.69478 0 
0 -2.46149 -4.94398 -7.46611 -10.0433 -12.6884 -15.4118 -18.2231 -21.1309 -24.1439 -27.2706 -30.5201 -33.9014 -37.424 -41.0915 -44.8996 -48.8852 -53.0355 -57.2928 -61.497 -65.5019 -69.6659 -74.1487 -78.9082 -84.0201 -89.6505 -95.7669 -102.46 -109.796 -117.813 -126.744 -136.941 -149.314 -163.928 -176.535 -176.18 -164.964 -150.225 -137.107 -126.061 -116.645 -108.623 -101.638 -95.5411 -89.7982 -84.3386 -79.39 -74.7158 -70.1755 -65.9371 -61.8684 -57.424 -53.0937 -48.9887 -44.95 -40.9626 -37.078 -33.3286 -29.734 -26.2876 -22.979 -19.7964 -16.7283 -13.7629 -10.8882 -8.09103 -5.35639 -2.66641 0 
0 -2.41661 -4.85867 -7.34685 -9.89641 -12.5188 -15.2231 -18.0174 -20.9095 -23.9069 -27.0178 -30.2503 -33.6131 -37.1143 -40.7647 -44.5629 -48.4739 -52.5163 -56.5989 -60.7298 -64.8703 -68.9814 -73.3902 -78.0744 -83.1031 -88.5288 -94.4299 -100.779 -107.512 -114.74 -122.476 -130.892 -140.065 -149.25 -156.277 -156.21 -149.694 -140.362 -130.636 -121.563 -113.381 -106.179 -99.8161 -94.2361 -88.8726 -83.4807 -78.5334 -73.8514 -69.2842 -65.0078 -60.8983 -56.6248 -52.5099 -48.5357 -44.5017 -40.5062 -36.644 -32.9363 -29.3806 -25.9687 -22.6907 -19.5362 -16.4952 -13.5576 -10.7133 -7.95089 -5.25711 -2.61449 0 
0 -2.34624 -4.72725 -7.16619 -9.67667 -12.2672 -14.9443 -17.714 -20.5826 -23.5566 -26.6432 -29.8503 -33.1862 -36.66 -40.2809 -44.0607 -47.9622 -51.922 -55.8381 -59.9165 -64.0962 -68.0598 -72.3097 -76.8695 -81.7505 -86.9704 -92.6157 -98.5581 -104.649 -111.08 -117.406 -123.993 -130.605 -136.52 -140.403 -140.383 -136.479 -130.297 -123.187 -116.034 -109.186 -102.926 -97.2217 -92.1158 -87.2406 -82.0438 -77.1467 -72.5032 -68.041 -63.7849 -59.6932 -55.6119 -51.7292 -47.9438 -43.929 -39.8989 -36.0554 -32.392 -28.8835 -25.516 -22.2788 -19.1625 -16.1586 -13.2591 -10.4563 -7.74217 -5.10665 -2.53443 0 
0 -2.24115 -4.53788 -6.91402 -9.37687 -11.929 -14.5729 -17.3118 -20.1503 -23.0937 -26.1483 -29.3214 -32.6216 -36.0588 -39.6489 -43.4177 -47.3403 -51.1934 -54.8657 -58.7478 -62.7876 -66.7541 -70.9314 -75.3521 -80.0455 -84.934 -90.1319 -95.5677 -101.218 -106.992 -112.015 -117.03 -121.793 -125.799 -128.233 -127.969 -125.321 -121.003 -115.725 -110.13 -104.509 -99.1247 -94.0892 -89.4594 -84.9627 -80.1155 -75.3801 -70.8724 -66.5861 -62.4532 -58.4483 -54.5345 -50.7517 -46.9361 -42.9753 -39.0449 -35.2869 -31.6927 -28.2454 -24.933 -21.746 -18.6764 -15.7176 -12.8639 -10.1107 -7.45485 -4.89291 -2.41658 0 
0 -2.08047 -4.2691 -6.57514 -8.98779 -11.4991 -14.1064 -16.8101 -19.6131 -22.5195 -25.5347 -28.6655 -31.9199 -35.3097 -38.8463 -42.5229 -46.2964 -50.0189 -53.6388 -57.3603 -61.2265 -65.1841 -69.2895 -73.5763 -78.1041 -82.5865 -87.2301 -92.0731 -97.0859 -102.021 -106.269 -110.35 -113.858 -116.613 -118.158 -117.785 -115.818 -112.629 -108.595 -104.147 -99.5229 -94.9518 -90.619 -86.5833 -82.4728 -77.948 -73.3322 -69.0136 -64.9639 -61.0556 -57.1021 -53.2871 -49.6063 -45.7136 -41.8159 -38.0076 -34.3546 -30.8465 -27.4724 -24.2245 -21.0957 -18.0797 -15.1716 -12.368 -9.66779 -7.07361 -4.59354 -2.23899 0 
0 -1.81163 -3.88289 -6.12969 -8.49995 -10.9734 -13.5434 -16.2092 -18.9725 -21.8365 -24.8057 -27.8858 -31.0829 -34.4041 -37.8547 -41.4181 -45.038 -48.6405 -52.2469 -55.8935 -59.6357 -63.4596 -67.4082 -71.5492 -75.8951 -80.0004 -84.1264 -88.428 -92.8463 -97.0667 -100.676 -104.084 -106.693 -108.547 -109.446 -109.074 -107.557 -105.081 -101.898 -98.3052 -94.4825 -90.625 -86.8795 -83.2143 -79.2295 -75.0421 -70.8417 -66.8697 -63.1513 -59.5533 -55.6668 -51.9214 -48.3132 -44.3966 -40.5356 -36.8287 -33.2815 -29.8661 -26.5731 -23.397 -20.3325 -17.3751 -14.5211 -11.7687 -9.11885 -6.57827 -4.16866 -1.94584 0 
0 -1.28318 -3.3211 -5.5608 -7.90897 -10.3509 -12.8847 -15.5108 -18.231 -21.0482 -23.966 -26.9889 -30.1219 -33.369 -36.7313 -40.1998 -43.7359 -47.2581 -50.8151 -54.391 -57.9707 -61.6207 -65.3816 -69.2609 -73.1937 -76.9916 -80.7643 -84.5753 -88.3476 -91.9431 -95.1754 -98.1751 -100.267 -101.509 -101.941 -101.518 -100.244 -98.2365 -95.6664 -92.7031 -89.5005 -86.2481 -83.0341 -79.6939 -75.8266 -71.9406 -68.1488 -64.5224 -61.1214 -57.7291 -53.9295 -50.1396 -46.4942 -42.7489 -39.0766 -35.5169 -32.0819 -28.7635 -25.557 -22.4579 -19.4624 -16.5669 -13.769 -11.067 -8.4606 -5.95197 -3.55699 -1.37571 0 
0 0 -2.55753 -4.88346 -7.22422 -9.63667 -12.1336 -14.7184 -17.3927 -20.1592 -23.021 -25.9821 -29.0467 -32.2189 -35.5016 -38.8977 -42.3849 -45.8584 -49.3639 -52.8379 -56.2482 -59.7059 -63.2219 -66.8054 -70.3756 -73.8913 -77.3529 -80.7546 -84.0044 -87.0652 -89.8485 -92.3338 -94.1647 -95.0817 -95.264 -94.8285 -93.7201 -92.0381 -89.8987 -87.3883 -84.66 -81.8044 -78.8619 -75.7599 -72.3048 -68.8013 -65.3429 -62.0481 -58.9183 -55.6551 -52.0307 -48.2628 -44.6162 -41.0256 -37.5101 -34.0865 -30.7658 -27.5491 -24.4333 -21.4153 -18.4921 -15.6613 -12.9209 -10.2697 -7.70455 -5.21203 -2.73161 0 0 
0 0 -2.02557 -4.19127 -6.46778 -8.8379 -11.2948 -13.8362 -16.4623 -19.1748 -21.9767 -24.8716 -27.8639 -30.9581 -34.1588 -37.4697 -40.8842 -44.356 -47.9097 -51.3151 -54.5423 -57.7566 -61.0229 -64.3218 -67.6025 -70.8447 -74.0053 -77.0345 -79.8554 -82.4451 -84.724 -86.6855 -88.1692 -88.9655 -89.1483 -88.7743 -87.8232 -86.3618 -84.5303 -82.3457 -79.94 -77.3599 -74.6752 -71.8561 -68.8184 -65.6116 -62.4338 -59.4121 -56.5261 -53.4283 -49.9645 -46.2598 -42.6845 -39.24 -35.8539 -32.5514 -29.3458 -26.2336 -23.2118 -20.2779 -17.4295 -14.6651 -11.9838 -9.38637 -6.87586 -4.45999 -2.15741 0 0 
0 0 -1.35346 -3.3883 -5.61769 -7.95234 -10.3715 -12.8695 -15.4455 -18.1012 -20.8394 -23.6639 -26.5793 -29.591 -32.7056 -35.9308 -39.284 -42.81 -46.4908 -49.7846 -52.8305 -55.7675 -58.7572 -61.8057 -64.8773 -67.9313 -70.8628 -73.5664 -75.9122 -78.0433 -79.8887 -81.4871 -82.7242 -83.4527 -83.6788 -83.3364 -82.4578 -81.1223 -79.4624 -77.5345 -75.4185 -73.0901 -70.6411 -68.1188 -65.4396 -62.4566 -59.4608 -56.5241 -53.6596 -50.6544 -47.4295 -44.0275 -40.6512 -37.3381 -34.0871 -30.9183 -27.8324 -24.8277 -21.9025 -19.0549 -16.283 -13.5857 -10.9628 -8.41611 -5.95253 -3.59468 -1.43802 0 0 
0 0 0 -2.39076 -4.66237 -6.98228 -9.36929 -11.8246 -14.349 -16.945 -19.6157 -22.3652 -25.1983 -28.121 -31.1416 -34.2737 -37.5449 -41.0286 -44.6767 -47.8728 -50.9285 -53.7181 -56.4453 -59.2481 -62.1477 -65.0959 -67.9664 -70.4336 -72.2122 -73.8772 -75.3872 -76.7249 -77.7968 -78.4576 -78.7735 -78.4556 -77.5256 -76.2539 -74.7246 -72.9821 -71.037 -68.9212 -66.7264 -64.4959 -62.0535 -59.1856 -56.3389 -53.5333 -50.7549 -47.9168 -44.9381 -41.7233 -38.5081 -35.3404 -32.2368 -29.2023 -26.2376 -23.3425 -20.5157 -17.756 -15.0619 -12.432 -9.86551 -7.36277 -4.92345 -2.52819 0 0 0 
0 0 0 -1.51238 -3.65876 -5.9451 -8.29885 -10.7105 -13.1811 -15.7141 -18.3133 -20.983 -23.7277 -26.5531 -29.4661 -32.4775 -35.6031 -38.8636 -42.2318 -45.4014 -48.5571 -51.485 -54.1161 -56.6664 -59.3935 -62.2473 -65.0004 -67.1805 -68.5098 -69.8226 -71.1166 -72.2665 -73.2018 -73.8934 -74.3533 -73.9938 -72.9666 -71.6447 -70.1652 -68.5476 -66.761 -64.8325 -62.7756 -60.6377 -58.3511 -55.7774 -53.1685 -50.5405 -47.9008 -45.2688 -42.5436 -39.4139 -36.3035 -33.2785 -30.3176 -27.4162 -24.5734 -21.7888 -19.0619 -16.3916 -13.7765 -11.2148 -8.70453 -6.24602 -3.85032 -1.59463 0 0 0 
0 0 0 0 -2.5152 -4.84046 -7.17051 -9.53748 -11.9509 -14.4169 -16.9404 -19.5257 -22.1766 -24.8973 -27.6924 -30.5671 -33.5264 -36.5703 -39.6786 -42.765 -45.8458 -48.8026 -51.3511 -53.787 -56.4768 -59.1186 -61.2719 -63.0806 -64.4518 -65.7469 -66.9608 -68.0198 -68.9204 -69.5771 -69.9365 -69.3819 -68.3606 -67.1337 -65.7799 -64.2743 -62.6094 -60.821 -58.9026 -56.89 -54.7501 -52.4437 -49.9892 -47.5236 -44.9856 -42.4449 -39.8491 -36.9292 -34.0137 -31.1525 -28.339 -25.5717 -22.851 -20.1775 -17.5513 -14.972 -12.4379 -9.94607 -7.4918 -5.06645 -2.63719 0 0 0 0 
0 0 0 0 -1.56157 -3.73105 -6.00528 -8.318 -10.6681 -13.0621 -15.5057 -18.0027 -20.5558 -23.1672 -25.839 -28.5721 -31.3652 -34.2114 -37.0934 -39.9783 -42.8199 -45.564 -48.0941 -50.5568 -53.1144 -55.5696 -57.43 -59.1335 -60.5616 -61.8203 -62.9643 -63.9166 -64.7252 -65.2668 -65.3643 -64.8068 -63.9022 -62.7835 -61.5069 -60.0722 -58.5234 -56.8816 -55.1202 -53.2861 -51.3546 -49.333 -46.9303 -44.51 -42.0445 -39.5793 -37.0546 -34.3737 -31.6693 -28.9788 -26.3141 -23.6805 -21.0813 -18.5187 -15.994 -13.5072 -11.057 -8.63978 -6.25015 -3.89079 -1.632 0 0 0 0 
0 0 0 0 0 -2.51688 -4.80155 -7.06122 -9.34122 -11.6578 -14.0178 -16.4236 -18.8765 -21.3768 -23.9242 -26.5171 -29.151 -31.8168 -34.4991 -37.1751 -39.8102 -42.356 -44.7913 -47.213 -49.67 -52.0281 -53.7473 -55.3476 -56.8156 -58.0593 -59.1165 -59.9751 -60.7403 -61.3027 -61.1396 -60.4977 -59.6244 -58.5879 -57.3941 -56.0409 -54.585 -53.0742 -51.443 -49.7536 -48.0193 -46.2372 -43.9095 -41.5156 -39.1515 -36.7805 -34.3425 -31.8397 -29.3111 -26.7794 -24.258 -21.7549 -19.2751 -16.8222 -14.3986 -12.0058 -9.64327 -7.30585 -4.97823 -2.61456 0 0 0 0 0 
0 0 0 0 0 -1.53492 -3.62279 -5.78412 -7.97775 -10.2102 -12.4838 -14.7976 -17.1498 -19.5392 -21.964 -24.4211 -26.9047 -29.4059 -31.911 -34.4029 -36.8621 -39.256 -41.5536 -43.8482 -46.0863 -48.2432 -50.0528 -51.7022 -53.2935 -54.5459 -55.4756 -56.1204 -56.7563 -57.2281 -57.0411 -56.3692 -55.5169 -54.5287 -53.3907 -52.1268 -50.7912 -49.3888 -47.8322 -46.2159 -44.5129 -42.7381 -40.6565 -38.4803 -36.2515 -33.9891 -31.6804 -29.3313 -26.9561 -24.5698 -22.1837 -19.8059 -17.442 -15.0964 -12.7725 -10.4742 -8.20436 -5.96212 -3.74235 -1.58923 0 0 0 0 0 
0 0 0 0 0 0 -2.37059 -4.47473 -6.5755 -8.72128 -10.9098 -13.133 -15.386 -17.6662 -19.9715 -22.2984 -24.641 -26.9908 -29.3363 -31.6634 -33.9567 -36.2004 -38.3745 -40.5179 -42.5707 -44.5442 -46.381 -48.1114 -49.8712 -51.1122 -51.9247 -52.3535 -52.8633 -53.2172 -53.034 -52.3901 -51.6106 -50.6277 -49.5152 -48.3219 -47.0655 -45.7238 -44.2588 -42.7303 -41.0916 -39.3463 -37.4446 -35.4398 -33.3594 -31.2312 -29.0586 -26.8489 -24.6123 -22.3599 -20.101 -17.8429 -15.5908 -13.3487 -11.1209 -8.91402 -6.73786 -4.59594 -2.43981 0 0 0 0 0 0 
0 0 0 0 0 0 -1.38482 -3.1687 -5.12826 -7.18963 -9.30117 -11.4388 -13.5949 -15.7681 -17.9575 -20.16 -22.3702 -24.5802 -26.7798 -28.9576 -31.1011 -33.1982 -35.2398 -37.2307 -39.145 -40.9716 -42.6857 -44.3584 -46.0461 -47.1015 -47.7614 -48.2453 -48.7331 -48.978 -48.8338 -48.4543 -47.9005 -46.8996 -45.7883 -44.6596 -43.4537 -42.1845 -40.8137 -39.3431 -37.7809 -36.1118 -34.3288 -32.4577 -30.5153 -28.5176 -26.4741 -24.3932 -22.2843 -20.1565 -18.0176 -15.8739 -13.7295 -11.5868 -9.44829 -7.32316 -5.23712 -3.24397 -1.42094 0 0 0 0 0 0 
0 0 0 0 0 0 0 -1.68698 -3.57921 -5.60783 -7.66646 -9.72598 -11.7866 -13.8538 -15.9303 -18.014 -20.0996 -22.1798 -24.2453 -26.2861 -28.2917 -30.2518 -32.1575 -34.0025 -35.7742 -37.4587 -39.036 -40.5208 -41.9163 -42.9091 -43.6023 -44.1526 -44.5483 -44.7322 -44.6705 -44.4917 -44.1288 -43.1776 -42.1299 -41.1341 -39.9982 -38.766 -37.4449 -36.0375 -34.5524 -32.9715 -31.2992 -29.5469 -27.7266 -25.85 -23.9267 -21.9657 -19.9754 -17.964 -15.9389 -13.9056 -11.8667 -9.8205 -7.76236 -5.6932 -3.6435 -1.72187 0 0 0 0 0 0 0 
0 0 0 0 0 0 0 0 -1.8938 -3.99598 -6.03084 -8.01217 -9.97163 -11.9304 -13.8958 -15.8659 -17.8346 -19.794 -21.7355 -23.6499 -25.5278 -27.3596 -29.1359 -30.8475 -32.4829 -34.029 -35.4706 -36.7963 -37.9792 -38.931 -39.661 -40.2256 -40.5883 -40.7461 -40.6817 -40.4667 -40.1007 -39.3639 -38.508 -37.613 -36.5457 -35.3827 -34.1396 -32.8158 -31.4106 -29.9208 -28.3494 -26.7042 -24.9942 -23.2289 -21.4172 -19.5674 -17.6875 -15.7853 -13.8684 -11.943 -10.0112 -8.06618 -6.08746 -4.04378 -1.92182 0 0 0 0 0 0 0 0 
0 0 0 0 0 0 0 0 0 -2.45143 -4.44877 -6.3202 -8.15737 -10.0004 -11.8566 -13.7193 -15.5788 -17.4261 -19.2528 -21.0503 -22.8101 -24.5228 -26.1791 -27.7689 -29.2807 -30.702 -32.0185 -33.2145 -34.267 -35.1436 -35.8391 -36.3639 -36.705 -36.862 -36.8314 -36.6364 -36.2614 -35.6665 -34.9338 -34.1042 -33.1362 -32.0701 -30.915 -29.6753 -28.3535 -26.9515 -25.4736 -23.9262 -22.317 -20.6542 -18.9458 -17.1992 -15.4218 -13.6214 -11.8065 -9.98674 -8.16876 -6.3456 -4.47751 -2.47263 0 0 0 0 0 0 0 0 0 
0 0 0 0 0 0 0 0 0 -1.36101 -2.99261 -4.6625 -6.33723 -8.05725 -9.81089 -11.5758 -13.3353 -15.0789 -16.7991 -18.4885 -20.1392 -21.7425 -23.2889 -24.7681 -26.1691 -27.4797 -28.6869 -29.7762 -30.7309 -31.5341 -32.1782 -32.6618 -32.9804 -33.1329 -33.1197 -32.9475 -32.6076 -32.1018 -31.4598 -30.7009 -29.825 -28.8466 -27.7752 -26.6169 -25.3765 -24.0582 -22.6673 -21.21 -19.6935 -18.1253 -16.5125 -14.8617 -13.1792 -11.4719 -9.74954 -8.02869 -6.33153 -4.66996 -3.00435 -1.36925 0 0 0 0 0 0 0 0 0 
0 0 0 0 0 0 0 0 0 0 -1.49814 -2.99995 -4.4718 -6.08048 -7.7539 -9.43782 -11.1075 -12.7552 -14.3762 -15.9654 -17.5158 -19.0192 -20.4659 -21.8457 -23.1478 -24.3608 -25.4731 -26.4724 -27.3463 -28.0838 -28.6778 -29.1248 -29.422 -29.5685 -29.5649 -29.4136 -29.1147 -28.6732 -28.1026 -27.4146 -26.6162 -25.7161 -24.7221 -23.6407 -22.4774 -21.2376 -19.9273 -18.5529 -17.1217 -15.6409 -14.1172 -12.556 -10.9614 -9.33732 -7.6911 -6.04694 -4.45871 -2.99836 -1.50068 0 0 0 0 0 0 0 0 0 0 
0 0 0 0 0 0 0 0 0 0 0 -1.36737 -2.46954 -4.03897 -5.68642 -7.314 -8.90186 -10.4582 -11.9851 -13.481 -14.9396 -16.3524 -17.7097 -19.0009 -20.2155 -21.3428 -22.3724 -23.294 -24.0982 -24.7769 -25.3244 -25.7375 -26.0142 -26.1541 -26.158 -26.0274 -25.7645 -25.3737 -24.8627 -24.2389 -23.509 -22.6794 -21.7565 -20.7464 -19.6549 -18.4877 -17.2512 -15.9526 -14.5996 -13.1996 -11.7593 -10.2836 -8.77309 -7.22495 -5.63057 -4.00927 -2.45802 -1.3641 0 0 0 0 0 0 0 0 0 0 0 
0 0 0 0 0 0 0 0 0 0 0 0 0 -1.91945 -3.63881 -5.2299 -6.72768 -8.19058 -9.62517 -11.0339 -12.409 -13.7413 -15.0196 -16.2329 -17.3705 -18.4224 -19.3795 -20.2331 -20.9757 -21.6011 -22.1055 -22.4865 -22.7432 -22.8759 -22.8855 -22.7734 -22.542 -22.1945 -21.7354 -21.1695 -20.5014 -19.7359 -18.8782 -17.9337 -16.9079 -15.8069 -14.6373 -13.4069 -12.1243 -10.7984 -9.43691 -8.04603 -6.62243 -5.1588 -3.59697 -1.90156 0 0 0 0 0 0 0 0 0 0 0 0 0 
0 0 0 0 0 0 0 0 0 0 0 0 0 0 -1.71948 -3.23911 -4.58839 -5.95127 -7.29106 -8.62036 -9.92133 -11.184 -12.3945 -13.5405 -14.6111 -15.5969 -16.4901 -17.2833 -17.9702 -18.5465 -19.0099 -19.3597 -19.5964 -19.7208 -19.7345 -19.6389 -19.4357 -19.127 -18.715 -18.2023 -17.5911 -16.8846 -16.0867 -15.2021 -14.2363 -13.1947 -12.0841 -10.9134 -9.6923 -8.43301 -7.14386 -5.84119 -4.51179 -3.19086 -1.69696 0 0 0 0 0 0 0 0 0 0 0 0 0 0 
0 0 0 0 0 0 0 0 0 0 0 0 0 0 0 -1.41866 -2.43552 -3.73504 -4.96745 -6.23515 -7.47194 -8.67907 -9.83369 -10.9237 -11.9364 -12.8639 -13.7008 -14.4398 -15.0754 -15.6048 -16.0279 -16.3461 -16.5617 -16.6766 -16.6928 -16.6119 -16.4349 -16.1627 -15.7955 -15.3334 -14.7763 -14.1249 -13.3818 -12.5517 -11.6404 -10.6515 -9.59119 -8.4701 -7.29854 -6.09742 -4.86434 -3.66306 -2.39268 -1.39589 0 0 0 0 0 0 0 0 0 0 0 0 0 0 0 
0 0 0 0 0 0 0 0 0 0 0 0 0 0 0 0 0 -1.5859 -2.60855 -3.88086 -5.05219 -6.22661 -7.33754 -8.38423 -9.34694 -10.2217 -11.0092 -11.6998 -12.2868 -12.7693 -13.1506 -13.4353 -13.6276 -13.731 -13.7483 -13.6809 -13.5294 -13.2933 -12.9709 -12.5595 -12.0557 -11.4569 -10.7638 -9.98265 -9.12194 -8.17984 -7.15899 -6.07734 -4.93433 -3.79379 -2.55304 -1.55402 0 0 0 0 0 0 0 0 0 0 0 0 0 0 0 0 0 
0 0 0 0 0 0 0 0 0 0 0 0 0 0 0 0 0 0 0 -1.62755 -2.62935 -3.83765 -4.90561 -5.92871 -6.84543 -7.66672 -8.4144 -9.06346 -9.60253 -10.0351 -10.3701 -10.6168 -10.7823 -10.8717 -10.8885 -10.834 -10.7085 -10.5101 -10.2353 -9.87796 -9.43005 -8.88314 -8.23389 -7.49316 -6.68489 -5.78693 -4.78759 -3.74592 -2.56765 -1.59036 0 0 0 0 0 0 0 0 0 0 0 0 0 0 0 0 0 0 0 
0 0 0 0 0 0 0 0 0 0 0 0 0 0 0 0 0 0 0 0 0 -1.58906 -2.51856 -3.57957 -4.43935 -5.18537 -5.91826 -6.53712 -7.02483 -7.39834 -7.67801 -7.87941 -8.01296 -8.08517 -8.09976 -8.05828 -7.96037 -7.80347 -7.58217 -7.28705 -6.90344 -6.41174 -5.79545 -5.07122 -4.33755 -3.49538 -2.45852 -1.55111 0 0 0 0 0 0 0 0 0 0 0 0 0 0 0 0 0 0 0 0 0 
0 0 0 0 0 0 0 0 0 0 0 0 0 0 0 0 0 0 0 0 0 0 0 -1.43165 -2.14704 -2.71714 -3.53616 -4.14192 -4.56132 -4.85544 -5.06416 -5.2099 -5.30501 -5.35624 -5.36712 -5.33897 -5.27125 -5.16121 -5.00287 -4.78463 -4.48492 -4.06493 -3.46497 -2.65872 -2.0987 -1.39852 0 0 0 0 0 0 0 0 0 0 0 0 0 0 0 0 0 0 0 0 0 0 0 
0 0 0 0 0 0 0 0 0 0 0 0 0 0 0 0 0 0 0 0 0 0 0 0 0 0 -1.36731 -1.93308 -2.22309 -2.39795 -2.51329 -2.59103 -2.64093 -2.66767 -2.6735 -2.65923 -2.62444 -2.56728 -2.48346 -2.36369 -2.18668 -1.89809 -1.34077 0 0 0 0 0 0 0 0 0 0 0 0 0 0 0 0 0 0 0 0 0 0 0 0 0 0 
0 0 0 0 0 0 0 0 0 0 0 0 0 0 0 0 0 0 0 0 0 0 0 0 0 0 0 0 0 0 0 0 0 0 0 0 0 0 0 0 0 0 0 0 0 0 0 0 0 0 0 0 0 0 0 0 0 0 0 0 0 0 0 0 0 0 0 0 0 
