0 0 0 0 0 0 0 0 0 0 0 0 0 0 0 0 0 0 0 0 0 0 0 0 0 0 0 0 0 0 0 0 0 0 0 0 0 0 0 0 0 0 0 0 0 0 0 0 0 0 0 0 0 0 0 0 0 0 0 0 0 0 0 0 0 0 0 0 0 
0 0 0 0 0 0 0 0 0 0 0 0 0 0 0 0 0 0 0 0 0 0 0 0 0 0 -6.3207 -8.90677 -10.2009 -10.9511 -11.4184 -11.708 -11.8686 -11.9258 -11.8931 -11.777 -11.5781 -11.2896 -10.8932 -10.3485 -9.5616 -8.29408 -5.8574 0 0 0 0 0 0 0 0 0 0 0 0 0 0 0 0 0 0 0 0 0 0 0 0 0 0 
0 0 0 0 0 0 0 0 0 0 0 0 0 0 0 0 0 0 0 0 0 0 0 -6.68593 -10.0083 -12.6297 -16.3762 -19.1055 -20.9457 -22.185 -23.0144 -23.5447 -23.8408 -23.9413 -23.8694 -23.637 -23.2459 -22.6869 -21.9349 -20.9391 -19.6039 -17.7573 -15.1355 -11.6191 -9.1803 -6.1246 0 0 0 0 0 0 0 0 0 0 0 0 0 0 0 0 0 0 0 0 0 0 0 
0 0 0 0 0 0 0 0 0 0 0 0 0 0 0 0 0 0 0 0 0 -7.4385 -11.7871 -16.7353 -20.7177 -24.1343 -27.4489 -30.1932 -32.2915 -33.829 -34.9094 -35.6158 -36.0085 -36.1294 -36.0063 -35.6555 -35.0816 -34.2773 -33.2204 -31.8692 -30.1574 -27.9959 -25.308 -22.1607 -18.9775 -15.3182 -10.7975 -6.82766 0 0 0 0 0 0 0 0 0 0 0 0 0 0 0 0 0 0 0 0 0 
0 0 0 0 0 0 0 0 0 0 0 0 0 0 0 0 0 0 0 -7.59588 -12.2942 -17.9667 -22.9749 -27.7506 -31.9925 -35.7413 -39.0917 -41.9269 -44.198 -45.9302 -47.1784 -48.0006 -48.4479 -48.5613 -48.3711 -47.897 -47.1477 -46.1203 -44.8002 -43.1598 -41.1606 -38.7609 -35.9401 -32.738 -29.251 -25.373 -21.044 -16.5132 -11.3579 -7.05823 0 0 0 0 0 0 0 0 0 0 0 0 0 0 0 0 0 0 0 
0 0 0 0 0 0 0 0 0 0 0 0 0 0 0 0 0 -7.33875 -12.1154 -18.0894 -23.6139 -29.1593 -34.3953 -39.2992 -43.7608 -47.7464 -51.2499 -54.2245 -56.6434 -58.5155 -59.8733 -60.7603 -61.2213 -61.2968 -61.0198 -60.4139 -59.4918 -58.2562 -56.7002 -54.8093 -52.5642 -49.9471 -46.9533 -43.6004 -39.9153 -35.879 -31.4923 -26.8233 -21.8601 -16.875 -11.4071 -6.97207 0 0 0 0 0 0 0 0 0 0 0 0 0 0 0 0 0 
0 0 0 0 0 0 0 0 0 0 0 0 0 0 0 -6.48471 -11.1839 -17.2393 -23.0333 -29.0324 -34.9129 -40.6613 -46.1477 -51.2903 -56.0049 -60.2337 -63.937 -67.0778 -69.6358 -71.6148 -73.039 -73.9461 -74.3801 -74.3846 -73.9975 -73.2468 -72.1494 -70.7123 -68.9352 -66.8131 -64.3397 -61.5101 -58.3255 -54.7951 -50.9307 -46.7355 -42.2228 -37.4276 -32.384 -27.1747 -21.7813 -16.4812 -10.8205 -6.3407 0 0 0 0 0 0 0 0 0 0 0 0 0 0 0 
0 0 0 0 0 0 0 0 0 0 0 0 0 0 -7.79304 -14.755 -21.0117 -27.4011 -33.7463 -40.094 -46.3437 -52.4254 -58.244 -63.7094 -68.7348 -73.2464 -77.1867 -80.5138 -83.2073 -85.2691 -86.7218 -87.605 -87.9684 -87.8642 -87.3388 -86.4264 -85.1467 -83.5086 -81.5151 -79.1682 -76.4713 -73.4281 -70.0434 -66.3239 -62.2767 -57.9095 -53.236 -48.2804 -43.0738 -37.6583 -32.0623 -26.351 -20.46 -14.5423 -7.77141 0 0 0 0 0 0 0 0 0 0 0 0 0 0 
0 0 0 0 0 0 0 0 0 0 0 0 0 -8.61058 -16.417 -23.731 -30.7065 -37.6073 -44.4567 -51.2536 -57.9428 -64.4524 -70.6935 -76.5686 -81.9784 -86.8305 -91.0495 -94.5836 -97.4103 -99.5324 -100.974 -101.784 -102.024 -101.765 -101.067 -99.9732 -98.5023 -96.6602 -94.4483 -91.8735 -88.9492 -85.6875 -82.0963 -78.1802 -73.9429 -69.3898 -64.5311 -59.3842 -53.9723 -48.3225 -42.4586 -36.4005 -30.1263 -23.5972 -16.5433 -8.79461 0 0 0 0 0 0 0 0 0 0 0 0 0 
0 0 0 0 0 0 0 0 0 0 0 -6.03364 -10.9517 -18.0253 -25.5335 -33.0452 -40.4759 -47.8651 -55.2195 -62.521 -69.7212 -76.7482 -83.509 -89.8932 -95.7795 -101.048 -105.597 -109.361 -112.318 -114.476 -115.858 -116.531 -116.58 -116.104 -115.192 -113.897 -112.229 -110.182 -107.744 -104.928 -101.764 -98.2765 -94.4742 -90.3578 -85.925 -81.1756 -76.1145 -70.7531 -65.1086 -59.2009 -53.0491 -46.6659 -40.0477 -33.1766 -26.0101 -18.6351 -11.5008 -6.41773 0 0 0 0 0 0 0 0 0 0 0 
0 0 0 0 0 0 0 0 0 0 -6.55489 -13.1829 -19.7479 -27.0052 -34.6465 -42.4406 -50.2869 -58.1579 -66.035 -73.8897 -81.6726 -89.3102 -96.7012 -103.716 -110.199 -115.985 -120.929 -124.945 -128.025 -130.196 -131.453 -131.902 -131.662 -130.88 -129.699 -128.193 -126.335 -124.093 -121.42 -118.331 -114.904 -111.18 -107.166 -102.852 -98.2236 -93.273 -87.9981 -82.4053 -76.5079 -70.3236 -63.8709 -57.1663 -50.2221 -43.0514 -35.6855 -28.2349 -20.9503 -14.1701 -7.13008 0 0 0 0 0 0 0 0 0 0 
0 0 0 0 0 0 0 0 0 -5.90773 -13.0366 -20.3949 -27.8517 -35.6013 -43.6066 -51.7836 -60.0734 -68.4443 -76.8731 -85.3303 -93.7695 -102.119 -110.27 -118.07 -125.314 -131.763 -137.19 -141.467 -144.639 -146.83 -147.855 -147.961 -147.286 -146.053 -144.533 -142.841 -140.827 -138.436 -135.51 -132.072 -128.339 -124.374 -120.158 -115.659 -110.845 -105.695 -100.199 -94.362 -88.1943 -81.7146 -74.9445 -67.9063 -60.6228 -53.1216 -45.4454 -37.6688 -29.8954 -22.1824 -14.3502 -6.57344 0 0 0 0 0 0 0 0 0 
0 0 0 0 0 0 0 0 0 -10.5944 -19.2889 -27.5087 -35.6626 -43.9416 -52.3951 -61.014 -69.7785 -78.6728 -87.6828 -96.7887 -105.956 -115.125 -124.19 -132.979 -141.226 -148.565 -154.599 -159.094 -162.233 -164.331 -165.002 -164.83 -163.527 -161.651 -159.677 -157.812 -155.694 -153.297 -150.096 -146.108 -142.006 -137.818 -133.434 -128.782 -123.802 -118.461 -112.743 -106.649 -100.193 -93.3962 -86.2864 -78.8916 -71.2412 -63.3668 -55.3056 -47.0997 -38.7799 -30.3138 -21.5149 -11.9436 0 0 0 0 0 0 0 0 0 
0 0 0 0 0 0 0 0 -8.11395 -17.1809 -26.0158 -34.6881 -43.3487 -52.1076 -61.0182 -70.0987 -79.3538 -88.7858 -98.3965 -108.185 -118.142 -128.235 -138.386 -148.43 -158.044 -166.671 -173.549 -178.076 -180.568 -181.819 -182.049 -181.962 -180.344 -177.999 -175.61 -173.179 -170.822 -168.404 -164.881 -160.253 -155.788 -151.459 -146.979 -142.23 -137.122 -131.605 -125.663 -119.298 -112.531 -105.391 -97.9131 -90.1325 -82.0835 -73.7989 -65.3104 -56.6445 -47.8107 -38.7782 -29.4519 -19.6859 -9.41973 0 0 0 0 0 0 0 0 
0 0 0 0 0 0 0 -7.18055 -15.2749 -23.9994 -32.9055 -41.8791 -50.9366 -60.1219 -69.4712 -79.0088 -88.7524 -98.7198 -108.932 -119.414 -130.192 -141.287 -152.69 -164.31 -175.851 -186.578 -195.014 -199.157 -200.175 -199.827 -198.398 -197.033 -195.436 -193.849 -191.964 -188.877 -185.641 -182.325 -178.372 -173.915 -169.702 -165.279 -160.794 -156.038 -150.85 -145.175 -139.004 -132.35 -125.242 -117.724 -109.843 -101.642 -93.1613 -84.435 -75.4926 -66.3572 -57.0402 -47.5364 -37.8286 -27.9286 -17.993 -8.55973 0 0 0 0 0 0 0 
0 0 0 0 0 0 -5.86699 -13.4473 -21.8055 -30.6364 -39.7274 -48.9865 -58.3964 -67.9719 -77.7362 -87.7129 -97.9272 -108.409 -119.198 -130.346 -141.926 -154.031 -166.776 -180.27 -194.524 -209.004 -220.958 -224.055 -221.833 -218.791 -215.122 -212.516 -210.58 -209.224 -207.762 -205.01 -201.284 -197.176 -192.636 -188.155 -184.188 -179.446 -174.937 -170.278 -165.063 -159.242 -152.83 -145.854 -138.363 -130.421 -122.091 -113.431 -104.485 -95.2871 -85.8679 -76.2514 -66.4567 -56.4985 -46.3974 -36.2068 -26.0639 -16.2459 -7.15737 0 0 0 0 0 0 
0 0 0 0 0 0 -10.0204 -18.9361 -27.8638 -37.0131 -46.3813 -55.943 -65.6908 -75.6335 -85.7886 -96.1794 -106.834 -117.792 -129.104 -140.847 -153.135 -166.136 -180.112 -195.469 -212.822 -232.722 -252.709 -254.547 -245.228 -237.501 -231.436 -227.926 -225.796 -224.967 -223.775 -221.466 -217.393 -212.763 -207.722 -202.709 -198.453 -193.879 -189.666 -185.131 -179.882 -173.901 -167.218 -159.873 -151.937 -143.504 -134.671 -125.507 -116.059 -106.361 -96.4403 -86.324 -76.0367 -65.6036 -55.0556 -44.4375 -33.81 -23.2026 -12.3835 0 0 0 0 0 0 
0 0 0 0 0 -6.46778 -15.2789 -24.413 -33.7 -43.1711 -52.8417 -62.7134 -72.7903 -83.0823 -93.6055 -104.382 -115.439 -126.819 -138.578 -150.804 -163.63 -177.267 -192.065 -208.674 -228.469 -254.899 -285.591 -286 -266.486 -253.169 -246.023 -242.601 -240.898 -240.245 -238.685 -237.012 -233.53 -228.892 -223.753 -218.373 -213.499 -209.261 -205.3 -200.769 -195.432 -189.262 -182.27 -174.483 -166.006 -156.988 -147.581 -137.867 -127.884 -117.657 -107.209 -96.5675 -85.7624 -74.8236 -63.7838 -52.6775 -41.536 -30.3711 -19.1741 -8.19258 0 0 0 0 0 
0 0 0 0 0 -10.5923 -20.2141 -29.737 -39.3523 -49.13 -59.1007 -69.2787 -79.6747 -90.3 -101.169 -112.302 -123.723 -135.467 -147.586 -160.161 -173.314 -187.235 -202.209 -218.693 -237.496 -260.147 -284.808 -287.153 -273.792 -263.756 -258.295 -256.258 -255.091 -254.046 -253.108 -253.125 -250.748 -245.758 -240.285 -234.771 -229.726 -225.781 -221.817 -217.227 -211.814 -205.447 -198.116 -189.784 -180.617 -170.86 -160.797 -150.497 -139.954 -129.173 -118.17 -106.975 -95.6216 -84.1448 -72.5786 -60.9525 -49.2856 -37.5714 -25.7494 -13.5962 0 0 0 0 0 
0 0 0 0 -6.56535 -15.6872 -25.2483 -34.9686 -44.8421 -54.8958 -65.1521 -75.6262 -86.3297 -97.2737 -108.47 -119.934 -131.683 -143.74 -156.139 -168.938 -182.232 -196.151 -210.841 -226.406 -242.831 -259.872 -275.677 -280.877 -276.939 -271.99 -269.298 -269.206 -268.793 -267.917 -267.555 -268.416 -267.938 -263.179 -257.091 -251.448 -246.904 -243.493 -239.151 -234.565 -229.036 -222.265 -214.342 -205.391 -195.581 -184.999 -174.25 -163.369 -152.264 -140.91 -129.324 -117.541 -105.604 -93.5555 -81.4331 -69.2685 -57.0822 -44.8798 -32.6557 -20.4428 -8.62802 0 0 0 0 
0 0 0 0 -10.5739 -20.3429 -30.1231 -40.0471 -50.1517 -60.4591 -70.9858 -81.7443 -92.7443 -103.995 -115.504 -127.281 -139.334 -151.67 -164.293 -177.22 -190.523 -204.298 -218.598 -233.31 -247.952 -261.927 -273.809 -280.492 -281.937 -280.547 -280.005 -280.593 -281.214 -281.553 -281.964 -283.299 -283.418 -279.133 -273.337 -267.743 -263.818 -261.28 -256.774 -252.297 -246.297 -237.833 -228.47 -219.073 -209.489 -198.865 -187.799 -176.464 -164.822 -152.878 -140.674 -128.261 -115.699 -103.04 -90.3298 -77.6062 -64.895 -52.2099 -39.5508 -26.8912 -14.0693 0 0 0 0 
0 0 0 -6.36468 -15.3877 -24.9871 -34.8543 -44.9449 -55.2585 -65.803 -76.5878 -87.6207 -98.9086 -110.457 -122.27 -134.352 -146.703 -159.313 -172.142 -185.127 -198.344 -211.918 -225.942 -240.169 -253.721 -266.043 -275.785 -281.969 -285.989 -288.434 -290.729 -292.206 -294.247 -295.71 -296.295 -297.536 -297.157 -293.991 -289.523 -283.92 -279.494 -276.674 -272.247 -267.833 -261.777 -252.364 -242.714 -233.129 -223.254 -212.691 -201.566 -189.866 -177.682 -165.108 -152.231 -139.132 -125.891 -112.575 -99.2401 -85.9316 -72.6818 -59.5141 -46.4463 -33.5018 -20.7581 -8.64734 0 0 0 
0 0 0 -10.0712 -19.6249 -29.3635 -39.3621 -49.6199 -60.1342 -70.9068 -81.9415 -93.2422 -104.812 -116.654 -128.767 -141.153 -153.814 -166.737 -179.839 -192.911 -205.998 -219.229 -232.969 -246.751 -259.416 -270.688 -279.284 -285.356 -290.989 -295.906 -299.508 -302.001 -304.986 -307.716 -308.722 -309.79 -309.825 -306.932 -303.006 -298.254 -294.333 -291.649 -287.183 -281.513 -274.882 -266.113 -257.272 -248.09 -238.178 -227.472 -215.977 -203.754 -190.932 -177.642 -164.009 -150.146 -136.157 -122.128 -108.124 -94.1981 -80.3864 -66.7183 -53.2186 -39.9117 -26.8139 -13.8313 0 0 0 
0 0 -5.71626 -14.2952 -23.6772 -33.4801 -43.6105 -54.0381 -64.7518 -75.7486 -87.029 -98.5944 -110.445 -122.579 -134.991 -147.681 -160.662 -173.984 -187.64 -201.233 -214.274 -226.841 -239.734 -252.529 -264.415 -275.409 -283.681 -290.167 -296.857 -303.187 -307.506 -311.415 -315.245 -318.527 -320.067 -320.91 -321.163 -318.536 -315.157 -311.299 -307.764 -305.102 -301.882 -296.197 -289.277 -281.262 -272.732 -263.869 -254.06 -243.109 -231.118 -218.239 -204.648 -190.521 -176.016 -161.286 -146.464 -131.655 -116.932 -102.35 -87.9474 -73.7541 -59.7981 -46.1127 -32.7543 -19.8639 -7.98525 0 0 
0 0 -8.57 -17.7163 -27.3086 -37.269 -47.5619 -58.1704 -69.0863 -80.3067 -91.8315 -103.661 -115.795 -128.225 -140.938 -153.916 -167.17 -180.848 -195.087 -209.092 -221.944 -234.24 -246.65 -259.045 -270.517 -281.024 -288.833 -295.401 -302.015 -308.927 -314.608 -319.679 -324.048 -327.603 -329.123 -330.003 -330.838 -329.886 -327.457 -324.212 -321.017 -318.296 -315.805 -310.838 -304.756 -297.968 -289.846 -281 -271.107 -259.786 -247.148 -233.435 -218.902 -203.778 -188.247 -172.517 -156.76 -141.094 -125.599 -110.323 -95.2989 -80.5527 -66.1068 -51.9867 -38.2268 -24.8848 -12.0771 0 0 
0 0 -10.8475 -20.6911 -30.572 -40.7253 -51.1978 -61.9953 -73.1162 -84.5603 -96.3291 -108.425 -120.847 -133.589 -146.621 -159.875 -173.255 -187.012 -201.509 -215.463 -228.61 -241.359 -253.587 -265.899 -276.917 -286.47 -294.198 -301.245 -307.947 -315.338 -322.239 -328.282 -333.393 -337.37 -338.653 -339.499 -340.497 -340.57 -338.921 -337.078 -334.527 -331.731 -328.922 -325.272 -320.909 -315.975 -308.749 -299.883 -289.679 -277.781 -264.252 -249.451 -233.746 -217.441 -200.678 -183.776 -166.963 -150.365 -134.047 -118.043 -102.373 -87.051 -72.0898 -57.5003 -43.2815 -29.3713 -15.4384 0 0 
0 -5.46704 -14.1288 -23.6288 -33.5632 -43.8621 -54.5088 -65.4967 -76.8231 -88.4893 -100.5 -112.861 -125.581 -138.663 -152.082 -165.706 -179.044 -192.659 -207.51 -221.977 -235.987 -248.694 -259.993 -271.525 -282.684 -292.336 -300.493 -308.257 -315.289 -323.064 -330.906 -337.737 -342.845 -346.503 -348.571 -349.66 -350.542 -350.952 -350.087 -349.83 -348.222 -345.936 -343.266 -340.799 -337.16 -333.27 -327.349 -319.73 -309.945 -297.407 -282.627 -266.372 -249.19 -231.563 -213.247 -194.946 -176.95 -159.355 -142.18 -125.429 -109.099 -93.1886 -77.7011 -62.6433 -48.0277 -33.8805 -20.3051 -7.88485 0 
0 -7.73942 -16.5719 -26.132 -36.1899 -46.651 -57.4787 -68.6595 -80.1903 -92.0742 -104.319 -116.939 -129.953 -143.398 -157.339 -171.632 -185.028 -198.167 -212.583 -227.449 -241.6 -254.292 -266.334 -278.343 -290.261 -300.726 -308.896 -316.755 -324.066 -332.322 -340.41 -346.762 -351.48 -355.524 -358.971 -360.236 -360.765 -361.505 -360.991 -360.929 -360.403 -359.43 -357.806 -356.442 -353.605 -351.069 -347.545 -341.955 -332.961 -319.277 -302.478 -284.222 -265.104 -246.254 -225.8 -205.81 -186.539 -167.923 -149.891 -132.395 -115.405 -98.9035 -82.8826 -67.344 -52.3054 -37.8178 -24.0169 -11.2342 0 
0 -8.91856 -18.2874 -28.1374 -38.4135 -49.0734 -60.0955 -71.4722 -83.2042 -95.298 -107.764 -120.621 -133.895 -147.639 -161.975 -176.764 -190.504 -203.679 -217.87 -232.958 -246.981 -260.089 -273.497 -286.528 -299.208 -310.505 -318.276 -325.863 -333.51 -342.457 -350.944 -356.518 -360.649 -364.799 -368.527 -370.159 -371.23 -372.633 -372.159 -371.876 -371.705 -371.491 -370.918 -370.599 -370.083 -369.732 -369.217 -367.352 -360.742 -344.534 -323.806 -302.478 -280.827 -260.475 -237.762 -215.953 -195.473 -175.907 -157.065 -138.854 -121.222 -104.138 -87.5817 -71.545 -56.032 -41.0683 -26.7105 -13.0352 0 
0 -9.64731 -19.522 -29.7166 -40.2532 -51.1335 -62.3577 -73.9297 -85.8566 -98.1488 -110.82 -123.886 -137.367 -151.287 -165.661 -180.423 -194.86 -208.728 -222.804 -237.811 -252.517 -265.901 -279.413 -292.517 -304.944 -316.442 -324.91 -333.171 -341.368 -350.283 -358.816 -364.385 -369.329 -374.513 -378.866 -380.71 -381.825 -383.014 -382.864 -382.91 -383.092 -383.663 -383.998 -384.528 -385.675 -387.574 -391.057 -396.098 -398.113 -374.759 -345.75 -319.032 -293.744 -270.594 -247.166 -224.76 -203.494 -183.166 -163.609 -144.735 -126.492 -108.844 -91.7614 -75.222 -59.2094 -43.7129 -28.7214 -14.1962 0 
0 -10.1487 -20.4366 -30.9538 -41.7492 -52.8495 -64.2723 -76.0323 -88.1436 -100.621 -113.48 -126.735 -140.401 -154.481 -168.957 -183.748 -198.547 -212.823 -227.183 -242.199 -257.499 -271.159 -284.493 -297.463 -309.62 -320.883 -330.649 -340.374 -349.408 -357.868 -365.971 -371.831 -377.54 -383.496 -388.827 -391.367 -392.605 -393.593 -393.965 -394.381 -395.216 -396.764 -397.641 -398.941 -400.471 -403.54 -409.612 -423.092 -437.85 -404.823 -365.234 -333.281 -305.317 -279.846 -255.612 -232.449 -210.584 -189.654 -169.47 -149.985 -131.168 -112.984 -95.3979 -78.3723 -61.8707 -45.8527 -30.2659 -15.0283 0 
0 -10.5108 -21.1219 -31.9129 -42.9403 -54.243 -65.8498 -77.7836 -90.0646 -102.712 -115.743 -129.175 -143.02 -157.28 -171.94 -186.949 -202.186 -217.047 -231.481 -246.267 -262.189 -276.831 -290.527 -303.105 -315.067 -326.45 -337.557 -348.705 -357.704 -365.153 -372.716 -378.999 -385.691 -392.94 -399.513 -403.11 -404.552 -405.485 -405.896 -406.38 -407.626 -409.573 -411.306 -413.621 -414.541 -416.638 -420.782 -429.135 -437.985 -409.443 -374.85 -343.796 -315.312 -288.678 -263.362 -239.31 -216.87 -195.404 -174.631 -154.567 -135.21 -116.527 -98.4734 -80.9986 -64.0484 -47.5611 -31.4614 -15.6511 0 
0 -10.7725 -21.6272 -32.6358 -43.8559 -55.3324 -67.1002 -79.1877 -91.6194 -104.418 -117.605 -131.201 -145.223 -159.68 -174.572 -190.015 -206.171 -222.081 -235.963 -249.651 -265.561 -281.557 -296.414 -309.035 -321.128 -333.069 -345.407 -357.51 -365.24 -371.915 -379.59 -386.085 -393.269 -401.361 -409.329 -415.431 -417.528 -418.43 -418.807 -419.416 -420.356 -421.771 -423.62 -426.031 -426.815 -427.723 -428.13 -428.517 -426.211 -406.009 -379.424 -351.483 -323.675 -296.795 -270.817 -246.123 -222.832 -200.536 -179.082 -158.442 -138.579 -119.441 -100.97 -83.1004 -65.7633 -48.8819 -32.3674 -16.1147 0 
0 -10.9521 -21.9785 -33.147 -44.5153 -56.1306 -68.0308 -80.2474 -92.8075 -105.736 -119.059 -132.802 -146.992 -161.644 -176.755 -192.426 -208.719 -225.197 -239.582 -253.194 -268.564 -284.048 -298.636 -312.352 -326.104 -339.506 -352.121 -362.778 -369.776 -376.646 -384.55 -392.177 -400.554 -409.83 -418.858 -426.931 -430.337 -431.855 -432.504 -433.255 -433.177 -433.677 -435.87 -439.156 -440.498 -439.55 -435.901 -430.574 -422.124 -405.638 -383.518 -357.992 -331.097 -304.345 -277.727 -252.226 -227.969 -204.836 -182.72 -161.54 -141.222 -121.689 -102.865 -84.6696 -67.0226 -49.8357 -33.0116 -16.4404 0 
0 -11.0574 -22.1878 -33.4586 -44.9279 -56.6438 -68.6451 -80.9637 -93.6269 -106.66 -120.091 -133.955 -148.3 -163.175 -178.658 -194.837 -211.294 -227.153 -241.716 -255.969 -270.904 -285.154 -299.072 -313.837 -329.492 -345.338 -359.312 -367.414 -373.902 -381.195 -389.284 -397.702 -407.054 -417.461 -427.113 -436.343 -442.977 -446.208 -446.31 -445.772 -444.831 -445.009 -446.977 -450.469 -453.18 -451.241 -444.455 -435.868 -425.499 -410.985 -391.508 -366.38 -339.021 -311.512 -283.682 -257.14 -231.989 -208.12 -185.42 -163.777 -143.08 -123.229 -104.13 -85.6908 -67.8216 -50.4268 -33.4028 -16.6355 0 
0 -11.0895 -22.2566 -33.5716 -45.0939 -56.8715 -68.9421 -81.3356 -94.0763 -107.186 -120.691 -134.628 -149.078 -164.219 -180.378 -197.349 -214.308 -228.937 -242.943 -256.913 -271.018 -285.095 -299.827 -315.056 -331.102 -347.745 -362.682 -370.911 -378.548 -386.135 -394.296 -402.979 -412.838 -424.323 -436.281 -448.262 -458.997 -463.787 -461.567 -458.465 -456.14 -455.949 -457.358 -459.798 -461.856 -459.998 -452.653 -443.6 -434.107 -422.51 -405.26 -377.141 -346.4 -316.713 -287.839 -260.662 -234.728 -210.233 -187.065 -165.066 -144.092 -124.017 -104.734 -86.1424 -68.1465 -50.647 -33.5373 -16.6987 0 
0 -11.0442 -22.1775 -33.4772 -45.0046 -56.8062 -68.9162 -81.3601 -94.1564 -107.318 -120.857 -134.789 -149.164 -164.23 -180.795 -198.575 -216.124 -229.649 -242.747 -256.515 -270.94 -285.945 -301.667 -316.395 -331.598 -346.913 -361.228 -372.314 -382.843 -390.98 -399.504 -408.961 -419.741 -432.172 -446.194 -461.956 -479.289 -487.941 -478.822 -471.211 -467.036 -466.541 -467.668 -470.059 -472.535 -471.561 -462.875 -453.221 -445.71 -438.678 -427.01 -390.001 -353 -320.068 -290.158 -262.681 -236.029 -211.02 -187.541 -165.332 -144.203 -124.014 -104.646 -85.9986 -67.9748 -50.4775 -33.4006 -16.6219 0 
0 -10.9098 -21.9319 -33.1551 -44.6413 -56.4325 -68.5565 -81.0322 -93.8707 -107.074 -120.63 -134.506 -148.626 -163.202 -179.293 -196.248 -213.247 -227.957 -241.98 -256.494 -271.918 -287.977 -304.233 -318.224 -332.648 -346.995 -360.533 -372.971 -384.959 -394.597 -404.067 -414.459 -426.208 -439.314 -454.663 -474.737 -501.441 -515.402 -495.508 -480.795 -473.85 -472.431 -474.648 -478.987 -484.184 -487.116 -473.656 -461.103 -454.478 -454.654 -452.325 -402.972 -356.872 -320.828 -289.979 -262.309 -235.426 -210.277 -186.748 -164.515 -143.377 -123.189 -103.839 -85.2309 -67.2765 -49.8877 -32.9656 -16.3886 0 
0 -10.6632 -21.4853 -32.5698 -43.9732 -55.7258 -67.8451 -80.3418 -93.2203 -106.476 -120.084 -133.978 -148.084 -162.747 -178.914 -195.474 -211.997 -227.621 -242.666 -257.791 -273.188 -289.17 -305.123 -319.168 -333.554 -347.649 -360.887 -373.247 -385.326 -396.511 -407.222 -419.033 -431.569 -444.309 -458.457 -475.701 -496.956 -508.348 -493.517 -482.298 -475.347 -473.253 -476.366 -483.866 -496.128 -508.845 -484.248 -462.5 -450.181 -444.581 -436.936 -393.317 -351.719 -316.872 -286.277 -258.706 -232.537 -207.912 -184.66 -162.605 -141.599 -121.526 -102.29 -83.8094 -66.0128 -48.831 -32.1856 -15.9667 0 
0 -10.2577 -20.7762 -31.6656 -42.9559 -54.6523 -66.7563 -79.2696 -92.193 -105.524 -119.253 -133.359 -147.818 -162.936 -178.97 -195.196 -211.933 -228.284 -243.905 -259.482 -274.882 -291.341 -307.068 -320.395 -333.811 -347.424 -361.146 -374.113 -387.069 -399.763 -411.872 -424.663 -436.968 -448.024 -459.086 -470.359 -481.381 -487.313 -482.238 -477.16 -472.019 -469.687 -472.241 -480.06 -494.497 -509.421 -480.93 -455.343 -437.952 -424.11 -406.56 -374.008 -340.347 -308.902 -279.83 -253.219 -228.103 -204.173 -181.376 -159.644 -138.888 -119.026 -99.9853 -81.7041 -64.1342 -47.2379 -30.9792 -15.2924 0 
0 -9.59122 -19.6963 -30.3606 -41.5324 -53.1713 -65.2583 -77.7871 -90.7582 -104.175 -118.045 -132.395 -147.396 -163.338 -179.164 -195.057 -212.471 -229.807 -245.573 -261.517 -276.45 -292.636 -307.191 -319.95 -333.05 -345.832 -359.986 -374.581 -389.607 -404.322 -418.483 -432.39 -443.977 -452.072 -458.592 -464.297 -469.287 -471.891 -470.408 -467.687 -464.148 -462.224 -463.52 -467.625 -473.294 -476.632 -458.464 -440.179 -422.235 -404.425 -383.084 -356.173 -327.519 -299.252 -272.136 -246.772 -222.554 -199.302 -177.028 -155.706 -135.284 -115.706 -96.9206 -78.8873 -61.5822 -45.0073 -29.201 -14.2239 0 
0 -8.41103 -18.057 -28.5482 -39.6417 -51.2424 -63.3184 -75.8623 -88.8777 -102.373 -116.356 -130.82 -145.854 -161.86 -177.958 -194.44 -212.301 -230.123 -246.452 -263.114 -277.154 -291.681 -305.057 -318.3 -331.694 -344.323 -358.714 -374.702 -391.968 -409.021 -426.124 -443.257 -454.79 -457.437 -458.134 -458.617 -460.23 -461.022 -460.033 -458.255 -455.42 -453.447 -453.067 -453.553 -453.496 -449.234 -436.877 -421.979 -404.789 -386.278 -365.215 -341.139 -315.397 -289.502 -263.961 -239.554 -216.063 -193.453 -171.729 -150.868 -130.836 -111.593 -93.1039 -75.3423 -58.2999 -42.0081 -26.5934 -12.4021 0 
0 -5.99589 -15.5725 -26.1334 -37.2438 -48.8383 -60.9104 -73.4661 -86.5175 -100.083 -114.185 -128.851 -144.116 -160.137 -176.598 -193.833 -211.693 -229.356 -245.43 -261.289 -274.859 -288.363 -301.781 -315.984 -329.425 -342.688 -357.501 -373.825 -392.177 -411.399 -433.439 -458.343 -471.019 -462.934 -456.612 -453.072 -452.493 -452.072 -450.993 -449.863 -446.803 -444.302 -442.706 -440.696 -437.534 -430.091 -418.057 -403.995 -387.902 -370.309 -350.294 -327.768 -303.756 -279.797 -255.248 -231.51 -208.689 -186.719 -165.566 -145.202 -125.598 -106.726 -88.5598 -71.0779 -54.2672 -38.1316 -22.7625 -8.79115 0 
0 0 -12.1038 -23.1689 -34.362 -45.9564 -58.019 -70.5741 -83.6433 -97.2559 -111.452 -126.282 -141.797 -158.015 -175.014 -193.157 -210.217 -226.797 -242.97 -258.351 -271.28 -284.575 -298.45 -313.096 -327.192 -341.934 -357.116 -373.08 -391.573 -411.05 -435.665 -465.951 -478.906 -462.366 -450.576 -444.978 -443.051 -442.091 -441.601 -441.19 -438.097 -435.559 -433.563 -429.299 -423.59 -414.595 -401.899 -387.583 -372.242 -355.615 -335.782 -313.896 -291.386 -269.056 -245.513 -222.548 -200.465 -179.167 -158.613 -138.775 -119.629 -101.154 -83.3311 -66.1422 -49.5595 -33.4887 -17.5338 0 0 
0 0 -9.67368 -20.0765 -31.079 -42.6063 -54.6351 -67.168 -80.2257 -93.8455 -108.085 -123.027 -138.787 -155.539 -173.601 -192.104 -207.601 -222.331 -238.395 -253.905 -267.192 -281.056 -294.668 -308.941 -324.168 -340.54 -355.726 -369.866 -386.17 -402.619 -421.004 -440.373 -449.707 -443.016 -436.998 -433.591 -432.592 -431.456 -430.625 -430.093 -428.494 -427.157 -425.315 -419.613 -411.374 -401.21 -388.628 -373.722 -357.559 -340.842 -321.59 -300.639 -278.884 -256.893 -234.577 -212.704 -191.457 -170.872 -150.944 -131.655 -112.989 -94.9305 -77.4682 -60.6003 -44.3398 -28.7298 -13.8841 0 0 
0 0 -6.5145 -16.3843 -27.2711 -38.7547 -50.747 -63.2373 -76.2459 -89.8156 -104.015 -118.955 -134.827 -152.01 -170.591 -188.217 -202.868 -216.592 -232.207 -247.418 -262.214 -277.336 -290.548 -304.125 -319.277 -335.531 -350.592 -363.747 -377.937 -391.314 -404.483 -416.344 -423.132 -423.564 -422.057 -420.876 -421.046 -420.358 -419.677 -419.115 -419.597 -419.733 -418.511 -412.161 -400.889 -388.399 -375.266 -359.548 -342.771 -325.93 -306.91 -286.922 -266.561 -244.839 -223.258 -202.234 -181.786 -161.922 -142.635 -123.913 -105.742 -88.1103 -71.0109 -54.4511 -38.4694 -23.2067 -9.27268 0 0 
0 0 0 -11.6752 -22.8665 -34.3943 -46.3608 -58.7883 -71.7049 -85.1557 -99.2059 -113.95 -129.53 -146.153 -163.609 -179.862 -194.888 -209.725 -225.78 -240.633 -256.044 -271.452 -285.327 -299.022 -313.839 -329.369 -343.81 -356.783 -369.424 -380.265 -389.944 -398.216 -404.077 -407.111 -407.886 -407.58 -407.842 -407.939 -408.165 -407.971 -410.269 -413.316 -415.066 -406.739 -391.271 -375.689 -360.887 -344.078 -326.748 -309.812 -291.418 -272.484 -253.171 -232.15 -211.383 -191.187 -171.53 -152.394 -133.761 -115.62 -97.9564 -80.7574 -64.0141 -47.7237 -31.8803 -16.3547 0 0 0 
0 0 0 -7.45012 -18.1254 -29.5951 -41.5139 -53.85 -66.6298 -79.8965 -93.7031 -108.108 -123.166 -138.882 -155.035 -170.715 -186.055 -201.465 -217.593 -233.164 -249.492 -265.13 -280.146 -294.472 -309.325 -323.98 -337.382 -350.367 -362.35 -370.49 -377.377 -383.204 -387.933 -391.391 -393.546 -394.676 -394.647 -393.749 -393.714 -395.298 -400.871 -409.19 -418.993 -403.497 -381.232 -362.043 -345.478 -327.618 -310.333 -293.893 -276.351 -258.275 -239.284 -218.883 -198.937 -179.601 -160.756 -142.361 -124.397 -106.85 -89.7058 -72.949 -56.5642 -40.5495 -24.9731 -10.332 0 0 0 
0 0 0 0 -12.5896 -24.3471 -36.2494 -48.4683 -61.0677 -74.0975 -87.6016 -101.614 -116.145 -131.151 -146.473 -161.824 -177.199 -192.715 -208.338 -224.426 -241.824 -258.692 -274.708 -288.945 -303.536 -317.714 -331.279 -344.835 -356.227 -361.692 -366.121 -370.269 -373.454 -376.716 -379.912 -381.522 -380.772 -378.674 -377.833 -380.223 -387.926 -403.874 -424.573 -399.932 -368.416 -345.9 -328.333 -310.15 -293.128 -276.63 -259.279 -241.779 -223.594 -204.62 -185.882 -167.523 -149.531 -131.897 -114.615 -97.6762 -81.0681 -64.7684 -48.7443 -32.9369 -17.1309 0 0 0 0 
0 0 0 0 -7.88597 -18.9543 -30.6684 -42.706 -55.0751 -67.8241 -80.9921 -94.6008 -108.649 -123.102 -137.883 -152.907 -168.221 -183.729 -198.801 -214.87 -233.255 -251.938 -268.639 -282.747 -297.557 -311.532 -325.259 -338.314 -347.199 -351.661 -355.045 -357.839 -359.129 -362.247 -365.734 -365.693 -363.784 -362.116 -360.904 -361.823 -365.725 -373.632 -384.153 -366.022 -343.351 -324.411 -307.976 -291.989 -276.685 -260.28 -242.461 -224.976 -207.587 -189.995 -172.448 -155.078 -137.948 -121.081 -104.489 -88.1724 -72.122 -56.3124 -40.7076 -25.3229 -10.6134 0 0 0 0 
0 0 0 0 0 -12.9156 -24.7641 -36.612 -48.7028 -61.1317 -73.9417 -87.1482 -100.749 -114.725 -129.05 -143.702 -158.704 -174.077 -189.571 -206.149 -224.456 -243.364 -260.104 -275.144 -290.729 -305.083 -319.424 -332.75 -340.305 -343.336 -344.029 -344.291 -344.398 -346.797 -348.777 -348.39 -346.319 -344.611 -342.608 -341.537 -340.731 -340.889 -340.919 -330.353 -316.034 -301.429 -286.664 -272.484 -257.75 -241.711 -224.918 -208.372 -191.897 -175.367 -158.837 -142.395 -126.101 -109.99 -94.087 -78.4027 -62.9353 -47.6515 -32.4508 -17.0337 0 0 0 0 0 
0 0 0 0 0 -7.94395 -18.8602 -30.2752 -41.9923 -54.0583 -66.4949 -79.3015 -92.4721 -106.001 -119.888 -134.147 -148.826 -164.029 -180.022 -197.171 -214.897 -233.589 -250.472 -265.932 -281.463 -297.34 -314.062 -329.063 -336.745 -337.306 -334.542 -331.984 -330.992 -332.103 -332.295 -331.863 -329.164 -326.443 -323.499 -320.448 -316.172 -312.036 -308.237 -300.682 -290.628 -279.089 -265.035 -251.186 -236.774 -222.079 -207.063 -191.768 -176.305 -160.74 -145.138 -129.564 -114.069 -98.6933 -83.4661 -68.4161 -53.5649 -38.9075 -24.4104 -10.361 0 0 0 0 0 
0 0 0 0 0 0 -12.4577 -23.6363 -34.9328 -46.6144 -58.6782 -71.0906 -83.8368 -96.9199 -110.355 -124.172 -138.423 -153.199 -168.641 -184.912 -201.63 -219.432 -236.712 -253.89 -270.663 -289.045 -310.471 -332.136 -340.191 -332.734 -324.551 -318.885 -315.828 -315.097 -314.972 -314.51 -310.873 -307.379 -303.598 -298.484 -292.478 -286.711 -282.209 -275.83 -267.565 -258.107 -244.662 -230.971 -217.207 -203.544 -189.619 -175.334 -160.813 -146.149 -131.41 -116.653 -101.92 -87.2473 -72.6682 -58.2305 -44.0006 -30.0031 -15.9224 0 0 0 0 0 0 
0 0 0 0 0 0 -7.33424 -16.8793 -27.4885 -38.7882 -50.5128 -62.5459 -74.8647 -87.4863 -100.44 -113.762 -127.496 -141.703 -156.449 -171.778 -187.658 -204.4 -221.934 -240.371 -258.002 -277.454 -303.787 -336.219 -346.051 -327.105 -311.702 -303.345 -298.63 -296.243 -295.132 -293.702 -289.856 -286.188 -282.227 -276.784 -270.976 -265.372 -260.612 -253.72 -244.789 -235.403 -223.684 -211.331 -198.61 -185.73 -172.579 -159.135 -145.464 -131.633 -117.701 -103.716 -89.7112 -75.7077 -61.7288 -47.8373 -34.204 -21.182 -9.27609 0 0 0 0 0 0 
0 0 0 0 0 0 0 -9.0582 -19.3535 -30.5371 -42.0389 -53.7156 -65.5899 -77.7205 -90.1575 -102.938 -116.097 -129.668 -143.687 -158.177 -173.146 -188.735 -205.399 -223.351 -241.419 -259.517 -280.983 -305.792 -315.471 -303.84 -292.294 -284.336 -279.247 -276.037 -273.852 -271.483 -267.916 -264.172 -260.068 -255.102 -249.879 -245.099 -240.518 -233.105 -223.764 -214.086 -203.434 -192.112 -180.331 -168.229 -155.832 -143.165 -130.275 -117.218 -104.046 -90.7997 -77.5006 -64.1434 -50.7019 -37.1857 -23.7963 -11.2446 0 0 0 0 0 0 0 
0 0 0 0 0 0 0 0 -10.3303 -21.9678 -33.39 -44.6878 -56.0586 -67.6483 -79.531 -91.7378 -104.284 -117.185 -130.456 -144.109 -158.162 -172.67 -187.842 -203.918 -220.855 -236.429 -252.182 -267.385 -275.158 -273.185 -268.109 -262.414 -257.991 -254.752 -252.098 -249.351 -246.066 -242.426 -238.362 -233.739 -228.794 -224.114 -219.094 -211.796 -203.056 -193.779 -183.857 -173.35 -162.373 -151.023 -139.355 -127.416 -115.253 -102.919 -90.4654 -77.9357 -65.3483 -52.6633 -39.7499 -26.4073 -12.5509 0 0 0 0 0 0 0 0 
0 0 0 0 0 0 0 0 0 -13.6137 -24.8655 -35.587 -46.3086 -57.2829 -68.5805 -80.1973 -92.1175 -104.333 -116.842 -129.641 -142.722 -156.071 -169.625 -183.327 -197.602 -211.056 -223.901 -234.991 -240.822 -242.232 -241.088 -238.358 -235.515 -232.885 -230.348 -227.644 -224.57 -221.106 -217.213 -212.86 -208.107 -203.148 -197.583 -190.695 -182.752 -174.118 -164.863 -155.059 -144.79 -134.133 -123.15 -111.89 -100.403 -88.74 -76.9604 -65.1292 -53.2937 -41.4117 -29.227 -16.1427 0 0 0 0 0 0 0 0 0 
0 0 0 0 0 0 0 0 0 -7.62129 -16.8715 -26.4862 -36.3058 -46.5943 -57.3108 -68.3533 -79.655 -91.1879 -102.938 -114.89 -127.016 -139.266 -151.553 -163.738 -175.84 -187.227 -197.552 -206.223 -211.621 -214.5 -215.227 -214.392 -212.828 -210.923 -208.767 -206.306 -203.466 -200.214 -196.524 -192.38 -187.788 -182.743 -177.065 -170.516 -163.141 -155.079 -146.418 -137.232 -127.594 -117.571 -107.221 -96.5917 -85.728 -74.6774 -63.5071 -52.3272 -41.2855 -30.4627 -19.6037 -8.93661 0 0 0 0 0 0 0 0 0 
0 0 0 0 0 0 0 0 0 0 -8.51297 -17.1804 -25.8341 -35.4778 -45.715 -56.2502 -66.9614 -77.825 -88.8327 -99.9664 -111.186 -122.424 -133.582 -144.524 -155.088 -164.915 -173.653 -180.904 -186.084 -189.382 -190.937 -191.154 -190.481 -189.214 -187.491 -185.346 -182.773 -179.759 -176.289 -172.348 -167.921 -162.973 -157.416 -151.162 -144.216 -136.639 -128.497 -119.857 -110.783 -101.336 -91.5707 -81.5282 -71.2399 -60.7346 -50.0633 -39.3868 -29.0585 -19.55 -9.78844 0 0 0 0 0 0 0 0 0 0 
0 0 0 0 0 0 0 0 0 0 0 -7.88823 -14.3725 -23.7677 -33.8211 -43.9712 -54.1154 -64.318 -74.6012 -84.9565 -95.3365 -105.663 -115.828 -125.69 -135.07 -143.722 -151.377 -157.763 -162.637 -166.007 -167.986 -168.806 -168.727 -167.961 -166.636 -164.815 -162.521 -159.76 -156.525 -152.803 -148.575 -143.81 -138.464 -132.501 -125.922 -118.764 -111.075 -102.915 -94.3437 -85.421 -76.1976 -66.7106 -56.9688 -46.9577 -36.6247 -26.0982 -16.0118 -8.89046 0 0 0 0 0 0 0 0 0 0 0 
0 0 0 0 0 0 0 0 0 0 0 0 0 -11.3995 -21.8304 -31.6983 -41.2108 -50.7305 -60.2975 -69.9221 -79.5403 -89.0641 -98.3761 -107.337 -115.782 -123.525 -130.37 -136.136 -140.692 -144.022 -146.196 -147.354 -147.662 -147.267 -146.277 -144.755 -142.737 -140.236 -137.249 -133.765 -129.766 -125.229 -120.13 -114.455 -108.209 -101.418 -94.1251 -86.3841 -78.2565 -69.8062 -61.088 -52.1476 -42.9672 -33.5027 -23.3796 -12.3694 0 0 0 0 0 0 0 0 0 0 0 0 0 
0 0 0 0 0 0 0 0 0 0 0 0 0 0 -10.4028 -19.7807 -28.2991 -37.0955 -45.9361 -54.8942 -63.8385 -72.6768 -81.2757 -89.4983 -97.1975 -104.225 -110.441 -115.718 -119.975 -123.194 -125.422 -126.753 -127.3 -127.17 -126.448 -125.192 -123.438 -121.197 -118.468 -115.241 -111.494 -107.21 -102.373 -96.9793 -91.0395 -84.5749 -77.6231 -70.2401 -62.4919 -54.4594 -46.2007 -37.8246 -29.2496 -20.7064 -11.0215 0 0 0 0 0 0 0 0 0 0 0 0 0 0 
0 0 0 0 0 0 0 0 0 0 0 0 0 0 0 -8.72255 -15.1095 -23.4164 -31.4573 -39.88 -48.2429 -56.5289 -64.5515 -72.1836 -79.2841 -85.7385 -91.4495 -96.3221 -100.294 -103.356 -105.546 -106.937 -107.615 -107.664 -107.152 -106.129 -104.624 -102.645 -100.188 -97.2347 -93.7611 -89.7441 -85.1719 -80.0501 -74.3952 -68.2188 -61.5522 -54.4613 -47.0116 -39.3389 -31.4306 -23.7003 -15.5004 -9.0517 0 0 0 0 0 0 0 0 0 0 0 0 0 0 0 
0 0 0 0 0 0 0 0 0 0 0 0 0 0 0 0 0 -10.0032 -16.5966 -24.9257 -32.7241 -40.6444 -48.2178 -55.4003 -62.0169 -67.9949 -73.2967 -77.8266 -81.5238 -84.3888 -86.4682 -87.8325 -88.5588 -88.7181 -88.3681 -87.5489 -86.2824 -84.5719 -82.4037 -79.7494 -76.5712 -72.8334 -68.5206 -63.6539 -58.2723 -52.353 -45.9057 -39.0411 -31.7541 -24.4542 -16.4826 -10.0457 0 0 0 0 0 0 0 0 0 0 0 0 0 0 0 0 0 
0 0 0 0 0 0 0 0 0 0 0 0 0 0 0 0 0 0 0 -10.5023 -17.0833 -25.1068 -32.2749 -39.183 -45.3881 -50.9278 -55.9157 -60.1638 -63.5858 -66.2078 -68.1059 -69.3666 -70.0698 -70.2819 -70.0531 -69.416 -68.3852 -66.9565 -65.1056 -62.7878 -59.9408 -56.4977 -52.4231 -47.7727 -42.6869 -37.0153 -30.6766 -24.0434 -16.5096 -10.2409 0 0 0 0 0 0 0 0 0 0 0 0 0 0 0 0 0 0 0 
0 0 0 0 0 0 0 0 0 0 0 0 0 0 0 0 0 0 0 0 0 -10.4247 -16.5921 -23.6687 -29.4248 -34.4122 -39.2747 -43.327 -46.4477 -48.7507 -50.3809 -51.4581 -52.0719 -52.2867 -52.1463 -51.6766 -50.8859 -49.7632 -48.2743 -46.3555 -43.9065 -40.7934 -36.9015 -32.3267 -27.6875 -22.3447 -15.7419 -9.94633 0 0 0 0 0 0 0 0 0 0 0 0 0 0 0 0 0 0 0 0 0 
0 0 0 0 0 0 0 0 0 0 0 0 0 0 0 0 0 0 0 0 0 0 0 -9.47474 -14.2303 -18.0217 -23.444 -27.4217 -30.1273 -31.9664 -33.2088 -34.013 -34.4731 -34.6466 -34.5688 -34.2583 -33.7187 -32.9361 -31.873 -30.4535 -28.5361 -25.868 -22.0626 -16.9453 -13.3917 -8.93411 0 0 0 0 0 0 0 0 0 0 0 0 0 0 0 0 0 0 0 0 0 0 0 
0 0 0 0 0 0 0 0 0 0 0 0 0 0 0 0 0 0 0 0 0 0 0 0 0 0 -9.05809 -12.7883 -14.6736 -15.7787 -16.4749 -16.9122 -17.1608 -17.2578 -17.2239 -17.0692 -16.7944 -16.3896 -15.828 -15.0495 -13.9164 -12.08 -8.53566 0 0 0 0 0 0 0 0 0 0 0 0 0 0 0 0 0 0 0 0 0 0 0 0 0 0 
0 0 0 0 0 0 0 0 0 0 0 0 0 0 0 0 0 0 0 0 0 0 0 0 0 0 0 0 0 0 0 0 0 0 0 0 0 0 0 0 0 0 0 0 0 0 0 0 0 0 0 0 0 0 0 0 0 0 0 0 0 0 0 0 0 0 0 0 0 
