0 0 0 0 0 0 0 0 0 0 0 0 0 0 0 0 0 0 0 0 0 0 0 0 0 0 0 0 0 0 0 0 0 0 0 0 0 0 0 0 0 0 0 0 0 0 0 0 0 0 0 0 0 0 0 0 0 0 0 0 0 0 0 0 0 0 0 0 0 
0 0 0 0 0 0 0 0 0 0 0 0 0 0 0 0 0 0 0 0 0 0 0 0 0 0 -3.12204 -4.41604 -5.08192 -5.4863 -5.75605 -5.94129 -6.06414 -6.13511 -6.15905 -6.13738 -6.06875 -5.94826 -5.76538 -5.49788 -5.09538 -4.43023 -3.13377 0 0 0 0 0 0 0 0 0 0 0 0 0 0 0 0 0 0 0 0 0 0 0 0 0 0 
0 0 0 0 0 0 0 0 0 0 0 0 0 0 0 0 0 0 0 0 0 0 0 -3.26478 -4.89715 -6.19965 -8.07216 -9.46024 -10.4254 -11.1072 -11.5967 -11.945 -12.1802 -12.3173 -12.3637 -12.3218 -12.1893 -11.9588 -11.6154 -11.1308 -10.4535 -9.49177 -8.10485 -6.23015 -4.92588 -3.28677 0 0 0 0 0 0 0 0 0 0 0 0 0 0 0 0 0 0 0 0 0 0 0 
0 0 0 0 0 0 0 0 0 0 0 0 0 0 0 0 0 0 0 0 0 -3.62292 -5.74217 -8.162 -10.1243 -11.8292 -13.5068 -14.9273 -16.0522 -16.9203 -17.5784 -18.0619 -18.3943 -18.5901 -18.6567 -18.5967 -18.4078 -18.0825 -17.6065 -16.9563 -16.096 -14.9784 -13.5638 -11.8899 -10.1866 -8.22114 -5.79094 -3.65798 0 0 0 0 0 0 0 0 0 0 0 0 0 0 0 0 0 0 0 0 0 
0 0 0 0 0 0 0 0 0 0 0 0 0 0 0 0 0 0 0 -3.71202 -5.99564 -8.74962 -11.1838 -13.5168 -15.6089 -17.4859 -19.1985 -20.6901 -21.9357 -22.9435 -23.7346 -24.3298 -24.7452 -24.9921 -25.0764 -25.0006 -24.7627 -24.3567 -23.7719 -22.9918 -21.9958 -20.7622 -19.2819 -17.5792 -15.7094 -13.6204 -11.2846 -8.84097 -6.06773 -3.7621 0 0 0 0 0 0 0 0 0 0 0 0 0 0 0 0 0 0 0 
0 0 0 0 0 0 0 0 0 0 0 0 0 0 0 0 0 -3.62055 -5.95263 -8.85258 -11.521 -14.1961 -16.7268 -19.1123 -21.3085 -23.3072 -25.111 -26.6991 -28.0568 -29.1835 -30.0868 -30.7774 -31.2649 -31.5563 -31.6563 -31.5665 -31.2857 -30.8099 -30.1323 -29.2435 -28.133 -26.7926 -25.2223 -23.4355 -21.4516 -19.2663 -16.8861 -14.3535 -11.668 -8.9807 -6.04986 -3.68554 0 0 0 0 0 0 0 0 0 0 0 0 0 0 0 0 0 
0 0 0 0 0 0 0 0 0 0 0 0 0 0 0 -3.24375 -5.5654 -8.52948 -11.3377 -14.2245 -17.0397 -19.7869 -22.4149 -24.8972 -27.2056 -29.3234 -31.2393 -32.9384 -34.4092 -35.6467 -36.6518 -37.4282 -37.9803 -38.3121 -38.4261 -38.3234 -38.0037 -37.4649 -36.7039 -35.7169 -34.5003 -33.053 -31.3791 -29.4889 -27.3952 -25.1073 -22.6398 -20.019 -17.2699 -14.4429 -11.5331 -8.69229 -5.68231 -3.31712 0 0 0 0 0 0 0 0 0 0 0 0 0 0 0 
0 0 0 0 0 0 0 0 0 0 0 0 0 0 -3.93637 -7.40958 -10.4884 -13.5942 -16.6443 -19.6682 -22.6263 -25.4968 -28.2488 -30.8558 -33.2933 -35.5416 -37.5842 -39.406 -40.9947 -42.3424 -43.4455 -44.3032 -44.9163 -45.2857 -45.4126 -45.2974 -44.9406 -44.3421 -43.5018 -42.42 -41.0982 -39.54 -37.7524 -35.7457 -33.533 -31.1277 -28.547 -25.8128 -22.9499 -19.9878 -16.9474 -13.8682 -10.7198 -7.58617 -4.03679 0 0 0 0 0 0 0 0 0 0 0 0 0 0 
0 0 0 0 0 0 0 0 0 0 0 0 0 -4.40155 -8.33591 -11.9697 -15.3844 -18.7148 -21.977 -25.1776 -28.3004 -31.3252 -34.2278 -36.984 -39.5703 -41.9655 -44.1501 -46.1067 -47.8212 -49.2827 -50.4846 -51.423 -52.0958 -52.5019 -52.641 -52.5131 -52.1193 -51.461 -50.541 -49.3631 -47.9325 -46.2564 -44.3445 -42.2087 -39.8633 -37.3236 -34.6075 -31.7354 -28.729 -25.611 -22.4005 -19.1134 -15.7425 -12.271 -8.56101 -4.52845 0 0 0 0 0 0 0 0 0 0 0 0 0 
0 0 0 0 0 0 0 0 0 0 0 -3.14651 -5.67586 -9.27031 -13.036 -16.7491 -20.3649 -23.9035 -27.371 -30.765 -34.0726 -37.2758 -40.3533 -43.2819 -46.0385 -48.5998 -50.9438 -53.0498 -54.9005 -56.4826 -57.7871 -58.8083 -59.5419 -59.9852 -60.1363 -59.9949 -59.5623 -58.8416 -57.8381 -56.5588 -55.0122 -53.2086 -51.1604 -48.8815 -46.3877 -43.6959 -40.8242 -37.7921 -34.6197 -31.3267 -27.9302 -24.4424 -20.8658 -17.1943 -13.4078 -9.55274 -5.86026 -3.25384 0 0 0 0 0 0 0 0 0 0 0 
0 0 0 0 0 0 0 0 0 0 -3.45506 -6.90984 -10.2865 -13.968 -17.7888 -21.6255 -25.4226 -29.1633 -32.8388 -36.4388 -39.9492 -43.3523 -46.6274 -49.752 -52.7018 -55.4516 -57.9755 -60.2483 -62.2485 -63.9601 -65.3731 -66.481 -67.2785 -67.7606 -67.9241 -67.7679 -67.2934 -66.5051 -65.4111 -64.0218 -62.3489 -60.4056 -58.2069 -55.7693 -53.1103 -50.248 -47.2013 -43.9891 -40.6311 -37.1461 -33.551 -29.8602 -26.0841 -22.2325 -18.3233 -14.4144 -10.6345 -7.1551 -3.58284 0 0 0 0 0 0 0 0 0 0 
0 0 0 0 0 0 0 0 0 -3.1468 -6.91026 -10.7515 -14.5925 -18.5259 -22.5257 -26.5416 -30.5365 -34.4884 -38.3818 -42.2021 -45.9332 -49.5567 -53.0521 -56.3968 -59.5652 -62.5294 -65.2581 -67.7194 -69.8849 -71.7361 -73.2643 -74.4642 -75.3304 -75.8549 -76.0315 -75.8592 -75.3382 -74.4744 -73.2793 -71.7683 -69.9562 -67.8581 -65.4923 -62.8784 -60.0361 -56.9848 -53.7436 -50.3321 -46.7696 -43.0754 -39.2677 -35.3632 -31.3778 -27.3282 -23.2383 -19.1473 -15.1081 -11.1492 -7.17627 -3.27212 0 0 0 0 0 0 0 0 0 
0 0 0 0 0 0 0 0 0 -5.67689 -10.2879 -14.5935 -18.8058 -23.0176 -27.2466 -31.4787 -35.6934 -39.872 -43.998 -48.0546 -52.0246 -55.8891 -59.6277 -63.2177 -66.633 -69.8425 -72.8083 -75.4862 -77.8356 -79.8352 -81.4839 -82.781 -83.7239 -84.297 -84.4878 -84.2992 -83.7261 -82.7748 -81.4634 -79.8158 -77.8495 -75.5782 -73.0257 -70.2159 -67.1709 -63.9112 -60.4564 -56.8259 -53.0398 -49.1182 -45.081 -40.9473 -36.7356 -32.4644 -28.1545 -23.8283 -19.5015 -15.1574 -10.7009 -5.91227 0 0 0 0 0 0 0 0 0 
0 0 0 0 0 0 0 0 -4.40301 -9.27294 -13.971 -18.5288 -23.0196 -27.4923 -31.9645 -36.4331 -40.8862 -45.3084 -49.6834 -53.9939 -58.2215 -62.3475 -66.3518 -70.2132 -73.9065 -77.3993 -80.6463 -83.5817 -86.1362 -88.2852 -90.055 -91.452 -92.4871 -93.1214 -93.3237 -93.1236 -92.492 -91.4355 -89.9836 -88.182 -86.048 -83.5793 -80.8165 -77.7887 -74.5204 -71.0329 -67.3449 -63.4755 -59.4454 -55.2765 -50.9908 -46.6096 -42.1528 -37.6394 -33.0869 -28.5097 -23.9123 -19.278 -14.5575 -9.67607 -4.60167 0 0 0 0 0 0 0 0 
0 0 0 0 0 0 0 -3.93827 -8.33946 -13.0407 -17.7941 -22.5311 -27.2513 -31.9675 -36.6858 -41.4031 -46.1098 -50.7921 -55.4335 -60.0158 -64.5201 -68.9274 -73.2191 -77.377 -81.3804 -85.2019 -88.7961 -92.0579 -94.8423 -97.1144 -98.9774 -100.477 -101.631 -102.37 -102.561 -102.358 -101.669 -100.491 -98.8535 -96.8719 -94.5761 -91.8748 -88.8722 -85.602 -82.089 -78.355 -74.4148 -70.2857 -65.9898 -61.5517 -56.9963 -52.3473 -47.6265 -42.8533 -38.0442 -33.2114 -28.3598 -23.4849 -18.5752 -13.6328 -8.73062 -4.12885 0 0 0 0 0 0 0 
0 0 0 0 0 0 -3.24573 -7.41362 -11.9756 -16.7563 -21.6338 -26.5503 -31.4872 -36.4405 -41.4079 -46.3838 -51.358 -56.3167 -61.2425 -66.1158 -70.9158 -75.6228 -80.2201 -84.6953 -89.0362 -93.232 -97.2682 -101.009 -104.046 -106.321 -108.181 -109.784 -111.104 -112 -112.16 -111.955 -111.24 -109.936 -108.05 -105.854 -103.41 -100.466 -97.1909 -93.6523 -89.8785 -85.8834 -81.6736 -77.2628 -72.6762 -67.9441 -63.0954 -58.157 -53.1527 -48.1032 -43.0253 -37.9317 -32.8307 -27.7266 -22.6256 -17.5492 -12.5592 -7.78477 -3.41216 0 0 0 0 0 0 
0 0 0 0 0 0 -5.56918 -10.495 -15.3932 -20.3753 -25.4343 -30.5492 -35.7066 -40.8994 -46.1218 -51.3661 -56.6218 -61.8741 -67.1041 -72.2892 -77.4046 -82.4279 -87.3433 -92.1478 -96.8268 -101.41 -105.975 -110.333 -113.622 -115.824 -117.657 -119.398 -120.888 -121.8 -121.998 -121.855 -121.091 -119.596 -117.488 -115.087 -112.464 -109.298 -105.74 -101.915 -97.8794 -93.6202 -89.1334 -84.4158 -79.5083 -74.453 -69.2842 -64.0324 -58.7241 -53.3814 -48.022 -42.6596 -37.3046 -31.9653 -26.6515 -21.3792 -16.1721 -11.0389 -5.86385 0 0 0 0 0 0 
0 0 0 0 0 -3.62365 -8.53607 -13.6039 -18.7268 -23.9173 -29.1788 -34.5054 -39.8907 -45.3288 -50.8135 -56.3371 -61.8889 -67.4537 -73.0106 -78.5321 -83.9854 -89.341 -94.5772 -99.7 -104.665 -109.573 -114.44 -119.02 -122.556 -125.018 -127.115 -129.12 -130.809 -131.705 -131.991 -131.817 -130.825 -129.211 -127.103 -124.63 -121.857 -118.408 -114.511 -110.379 -106.066 -101.557 -96.8075 -91.7541 -86.4881 -81.0754 -75.556 -69.9644 -64.33 -58.6763 -53.0216 -47.3801 -41.7627 -36.1784 -30.6358 -25.1441 -19.711 -14.3349 -9.00434 -3.82673 0 0 0 0 0 
0 0 0 0 0 -5.95848 -11.3479 -16.6575 -21.9926 -27.3886 -32.8581 -38.4031 -44.0221 -49.7115 -55.4663 -61.28 -67.143 -73.0412 -78.9527 -84.8432 -90.6639 -96.366 -101.901 -107.307 -112.551 -117.721 -122.72 -127.433 -131.376 -134.168 -136.604 -138.868 -140.728 -141.893 -142.387 -142.149 -140.921 -139.165 -136.995 -134.413 -131.435 -127.696 -123.467 -118.983 -114.374 -109.654 -104.677 -99.2542 -93.6086 -87.8044 -81.9001 -75.9392 -69.9551 -63.9722 -58.0082 -52.0765 -46.1877 -40.3498 -34.5693 -28.8505 -23.193 -17.5854 -11.9919 -6.3026 0 0 0 0 0 
0 0 0 0 -3.71687 -8.86274 -14.2392 -19.686 -25.1976 -30.7865 -36.4616 -42.227 -48.0831 -54.0286 -60.0603 -66.1736 -72.362 -78.6153 -84.9156 -91.2242 -97.4529 -103.504 -109.292 -114.967 -120.596 -126.089 -131.208 -135.945 -140.147 -143.416 -146.307 -148.902 -151.038 -152.474 -153.057 -152.63 -151.354 -149.593 -147.327 -144.563 -141.357 -137.268 -132.676 -127.834 -122.834 -117.767 -112.527 -106.814 -100.841 -94.6317 -88.3008 -81.9372 -75.5791 -69.2491 -62.9622 -56.7301 -50.5618 -44.4639 -38.4411 -32.4955 -26.6249 -20.822 -15.0751 -9.39178 -3.94281 0 0 0 0 
0 0 0 0 -6.0047 -11.5365 -17.0599 -22.6495 -28.3254 -34.0982 -39.975 -45.96 -52.0548 -58.2595 -64.5726 -70.9922 -77.5161 -84.1425 -90.8702 -97.6762 -104.392 -110.745 -116.778 -122.721 -128.771 -134.662 -140.031 -144.862 -149.253 -153.018 -156.323 -159.17 -161.51 -163.012 -163.581 -163.226 -162.151 -160.495 -158.121 -155.129 -151.722 -147.229 -142.134 -136.838 -131.379 -125.831 -120.227 -114.36 -108.143 -101.556 -94.7341 -87.9297 -81.1751 -74.4827 -67.8616 -61.3201 -54.8653 -48.5028 -42.2358 -36.0653 -29.9893 -24.0024 -18.0948 -12.2466 -6.37945 0 0 0 0 
0 0 0 -3.63032 -8.76532 -14.2187 -19.8143 -25.527 -31.3561 -37.3058 -43.3803 -49.5832 -55.9167 -62.3818 -68.9785 -75.7066 -82.5674 -89.5685 -96.7382 -104.079 -111.24 -117.735 -123.984 -130.219 -136.568 -142.892 -148.937 -154.187 -158.841 -163.023 -166.674 -169.7 -172.209 -173.921 -174.472 -174.239 -173.393 -171.942 -169.419 -165.924 -161.956 -157.076 -151.594 -145.886 -140.016 -134.009 -127.938 -121.745 -115.271 -108.449 -101.142 -93.8725 -86.7088 -79.6451 -72.6813 -65.8232 -59.0767 -52.4462 -45.934 -39.5406 -33.2647 -27.1036 -21.0549 -15.1205 -9.32839 -3.86691 0 0 0 
0 0 0 -5.75585 -11.2077 -16.7585 -22.4518 -28.288 -34.2664 -40.3885 -46.6572 -53.0758 -59.647 -66.3725 -73.2531 -80.2884 -87.4784 -94.8259 -102.331 -109.917 -117.251 -124.101 -130.838 -137.563 -144.337 -151.047 -157.635 -163.601 -168.916 -173.548 -177.652 -180.86 -183.406 -185.197 -185.906 -185.751 -184.866 -183.399 -180.713 -176.897 -172.444 -167.159 -161.085 -154.921 -148.73 -142.235 -135.721 -129.108 -122.249 -115.111 -107.369 -99.6968 -92.1426 -84.7077 -77.3955 -70.2146 -63.172 -56.2713 -49.5135 -42.8984 -36.4252 -30.0926 -23.9007 -17.8519 -11.9468 -6.13924 0 0 0 
0 0 -3.27495 -8.18514 -13.5513 -19.1558 -24.9463 -30.9069 -37.0329 -43.3245 -49.7843 -56.4158 -63.2229 -70.2082 -77.3729 -84.7154 -92.2317 -99.9176 -107.766 -115.674 -123.198 -130.52 -137.771 -144.878 -152.076 -159.281 -166.293 -172.995 -179.306 -184.491 -189.102 -192.625 -195.282 -197.16 -198.098 -198.055 -196.931 -194.947 -191.946 -188.068 -183.223 -177.408 -170.746 -164.093 -157.535 -150.375 -143.278 -136.27 -129.189 -121.699 -113.446 -105.347 -97.4447 -89.6475 -81.9783 -74.4677 -67.1256 -59.9534 -52.9502 -46.1145 -39.4449 -32.9407 -26.6035 -20.4398 -14.4675 -8.74329 -3.50062 0 0 
0 0 -4.91474 -10.1582 -15.6567 -21.367 -27.2707 -33.3604 -39.6338 -46.0923 -52.7395 -59.5804 -66.6205 -73.8645 -81.3148 -88.9687 -96.8156 -104.845 -113.124 -121.536 -129.281 -137.007 -144.719 -152.12 -159.762 -167.555 -175.09 -182.343 -189.314 -195.182 -200.444 -204.732 -207.839 -210.077 -211.29 -211.351 -209.87 -207.24 -203.7 -199.445 -194.092 -187.544 -180.326 -173.043 -165.855 -158.114 -150.432 -143.024 -135.761 -127.84 -119.17 -110.77 -102.623 -94.4592 -86.4024 -78.5523 -70.9092 -63.4665 -56.2195 -49.1646 -42.2992 -35.6219 -29.1329 -22.836 -16.7402 -10.8658 -5.25921 0 0 
0 0 -6.22599 -11.8764 -17.5502 -23.3847 -29.4093 -35.6301 -42.0495 -48.6713 -55.501 -62.5458 -69.8141 -77.3144 -85.0531 -93.0291 -101.217 -109.521 -118.079 -126.804 -134.917 -143.141 -151.296 -159.141 -167.219 -175.438 -183.579 -191.486 -199.014 -205.949 -212.056 -217.273 -221.168 -223.985 -225.492 -225.48 -223.493 -220.138 -215.845 -210.717 -204.642 -197.533 -189.888 -181.841 -173.775 -165.465 -157.217 -149.283 -141.551 -133.242 -124.388 -115.859 -107.564 -99.0748 -90.6199 -82.4298 -74.4924 -66.7841 -59.2966 -52.0251 -44.9655 -38.1146 -31.4703 -25.0312 -18.7917 -12.7203 -6.67047 0 0 
0 -3.13909 -8.11299 -13.571 -19.2831 -25.2122 -31.3517 -37.7011 -44.263 -51.0426 -58.0475 -65.2878 -72.7758 -80.5259 -88.5542 -96.8775 -105.451 -113.921 -122.592 -131.423 -140.079 -148.977 -157.658 -166.117 -174.574 -183.236 -192.07 -200.823 -209.194 -217.257 -224.402 -230.696 -235.52 -239.033 -240.85 -240.497 -238.043 -233.983 -228.717 -222.423 -215.352 -207.667 -199.551 -190.632 -181.594 -172.6 -163.713 -155.106 -146.749 -138.136 -129.168 -120.363 -111.757 -103.122 -94.4957 -86.0547 -77.8465 -69.8807 -62.1578 -54.6737 -47.4231 -40.4006 -33.6025 -27.027 -20.6749 -14.5533 -8.70238 -3.36844 0 
0 -4.44332 -9.51612 -15.0113 -20.7993 -26.8294 -33.0841 -39.5597 -46.2588 -53.1884 -60.3586 -67.7821 -75.4754 -83.4591 -91.7604 -100.424 -109.364 -118.027 -126.893 -135.874 -144.962 -154.373 -163.612 -172.703 -181.601 -190.902 -200.619 -210.45 -219.659 -228.701 -237.275 -245.095 -251.027 -255.287 -257.48 -257.002 -254.054 -249.136 -242.697 -235.118 -226.815 -218.087 -208.986 -199.155 -189.252 -179.551 -170.016 -160.721 -151.692 -142.653 -133.547 -124.577 -115.79 -107.003 -98.1641 -89.4469 -80.958 -72.7345 -64.7801 -57.089 -49.6525 -42.4622 -35.5121 -28.7993 -22.3276 -16.1155 -10.2174 -4.77141 0 
0 -5.11792 -10.497 -16.1584 -22.0735 -28.2221 -34.5956 -41.1945 -48.0242 -55.0939 -62.4161 -70.0066 -77.8847 -86.0745 -94.6039 -103.491 -112.671 -121.698 -130.915 -140.12 -149.559 -159.392 -169.151 -178.74 -188.201 -198.276 -209.038 -220.129 -230.338 -240.523 -250.681 -260.209 -267.681 -273.216 -276.154 -275.591 -271.875 -265.737 -257.779 -248.593 -238.747 -228.593 -218.069 -207.32 -196.702 -186.359 -176.153 -166.209 -156.556 -147.103 -137.794 -128.71 -119.842 -110.837 -101.665 -92.602 -83.8043 -75.3191 -67.1393 -59.2496 -51.6355 -44.2838 -37.1844 -30.3304 -23.7208 -17.3637 -11.2802 -5.49981 0 
0 -5.53109 -11.196 -17.0517 -23.1144 -29.3896 -35.8819 -42.5986 -49.5494 -56.7468 -64.2055 -71.9434 -79.9822 -88.3505 -97.0865 -106.21 -115.61 -124.827 -134.209 -143.803 -153.639 -163.853 -174.055 -184.046 -194.161 -204.986 -216.486 -228.503 -240.39 -252.513 -264.542 -276.103 -285.823 -293.188 -297.197 -296.678 -292.04 -284.085 -273.976 -262.796 -251.083 -239.24 -227.162 -215.3 -203.877 -192.884 -181.998 -171.455 -161.251 -151.367 -141.789 -132.541 -123.533 -114.333 -104.861 -95.4324 -86.3319 -77.5983 -69.2082 -61.1348 -53.3561 -45.8533 -38.6111 -31.6171 -24.8617 -18.3382 -12.0398 -5.94768 0 
0 -5.81035 -11.7043 -17.7379 -23.943 -30.34 -36.9437 -43.7684 -50.8282 -58.1383 -65.7157 -73.5792 -81.7503 -90.2552 -99.1091 -108.27 -117.751 -127.276 -136.969 -146.958 -157.101 -167.649 -178.207 -188.638 -199.426 -210.99 -223.373 -236.496 -250.217 -264.601 -278.808 -292.991 -306.027 -316.274 -321.934 -321.637 -315.285 -304.518 -291.285 -277.402 -263.44 -249.638 -235.942 -222.75 -210.318 -198.561 -187.244 -176.31 -165.631 -155.336 -145.441 -135.856 -126.526 -117.192 -107.598 -97.8671 -88.4856 -79.5339 -70.9603 -62.7255 -54.8006 -47.1621 -39.7898 -32.6651 -25.7705 -19.0877 -12.5933 -6.25106 0 
0 -6.0058 -12.0732 -18.2523 -24.5799 -31.0834 -37.7849 -44.7032 -51.8565 -59.2626 -66.9398 -74.9074 -83.1848 -91.7912 -100.73 -109.946 -119.445 -129.044 -138.905 -149.102 -159.588 -170.454 -181.196 -192.151 -203.733 -216.092 -229.502 -243.853 -259.149 -275.747 -292.81 -310.821 -328.686 -343.797 -352.326 -352.113 -342.428 -327.104 -309.321 -291.624 -274.789 -258.852 -243.754 -229.426 -216.076 -203.622 -191.948 -180.741 -169.513 -158.772 -148.545 -138.595 -129.021 -119.483 -109.642 -99.7259 -90.1954 -81.0914 -72.3737 -64.0061 -55.9586 -48.2049 -40.7208 -33.483 -26.4677 -19.6487 -12.9945 -6.46332 0 
0 -6.13953 -12.3303 -18.6182 -25.0408 -31.6291 -38.409 -45.403 -52.6319 -60.1156 -67.8738 -75.9257 -84.2902 -92.9842 -102.013 -111.334 -120.945 -130.547 -140.464 -150.729 -161.414 -172.44 -183.491 -194.943 -207.158 -220.301 -234.682 -250.05 -266.683 -285.242 -305.592 -328.449 -353.22 -377.443 -391.477 -390.327 -374.324 -351.42 -327.217 -304.861 -284.764 -266.54 -250.109 -235.039 -221.028 -207.978 -196.033 -184.626 -172.815 -161.518 -150.92 -140.542 -130.628 -120.789 -110.885 -101.027 -91.464 -82.2625 -73.4371 -64.9667 -56.8228 -48.9781 -41.4056 -34.0784 -26.9685 -20.0451 -13.2725 -6.60775 0 
0 -6.22189 -12.4905 -18.8493 -25.336 -31.9833 -38.819 -45.8679 -53.1525 -60.6943 -68.5139 -76.6315 -85.0661 -93.8348 -102.949 -112.399 -122.188 -131.769 -141.65 -151.927 -162.669 -173.729 -185.106 -196.929 -209.57 -223.293 -238.372 -254.574 -272.471 -292.67 -315.905 -343.74 -377.832 -417.433 -438.833 -437.116 -412.228 -375.907 -343.21 -315.8 -292.646 -272.423 -254.885 -239.292 -224.816 -211.175 -198.714 -186.779 -174.695 -163.336 -152.714 -142.068 -131.839 -121.838 -111.889 -101.977 -92.3357 -83.0514 -74.1457 -65.6006 -57.388 -49.4791 -41.845 -34.4564 -27.2828 -20.2908 -13.4426 -6.69522 0 
0 -6.25754 -12.5607 -18.9524 -25.4708 -32.149 -39.0158 -46.097 -53.4159 -60.9951 -68.8561 -77.0203 -85.5079 -94.3382 -103.497 -112.9 -122.665 -132.439 -142.438 -152.677 -163.352 -174.427 -186.008 -197.995 -210.795 -224.696 -239.99 -256.668 -275.37 -296.676 -321.558 -352.35 -392.858 -441.211 -464.151 -466.9 -443.434 -394.729 -353.582 -322.1 -296.871 -275.511 -257.239 -241.081 -226.397 -212.659 -199.818 -187.512 -175.399 -164.051 -153.361 -142.77 -132.615 -122.812 -112.735 -102.598 -92.82 -83.4568 -74.4938 -65.9019 -57.6495 -49.7053 -42.0388 -34.6195 -27.4156 -20.3926 -13.512 -6.73047 0 
0 -6.24731 -12.5424 -18.9289 -25.4458 -32.126 -38.9984 -46.0883 -53.4192 -61.0141 -68.8952 -77.0855 -85.6071 -94.477 -103.686 -113.105 -122.848 -132.847 -142.965 -153.061 -163.523 -174.482 -186.013 -198.009 -210.745 -224.52 -239.652 -256.365 -274.992 -296.238 -320.959 -350.9 -389.03 -435.171 -463.629 -468.043 -443.252 -394.694 -353.833 -322.286 -296.898 -275.492 -257.091 -240.872 -226.311 -212.787 -199.825 -187.327 -175.205 -163.843 -153.167 -142.891 -133.042 -123.491 -113.228 -102.807 -92.884 -83.4618 -74.4708 -65.8638 -57.6027 -49.6537 -41.9855 -34.5673 -27.3675 -20.352 -13.4823 -6.71469 0 
0 -6.18964 -12.4322 -18.7751 -25.2573 -31.911 -38.7634 -45.8385 -53.1588 -60.7467 -68.6251 -76.8193 -85.3581 -94.2788 -103.574 -112.993 -122.695 -132.821 -143.052 -153.033 -163.177 -173.832 -185.068 -196.924 -209.511 -223.084 -237.732 -253.95 -271.762 -291.775 -314.552 -340.582 -371.169 -405.954 -434.88 -440.403 -414.589 -376.557 -343.88 -316.473 -292.821 -272.374 -254.612 -238.929 -224.726 -211.458 -198.676 -186.245 -174.223 -162.962 -152.435 -142.488 -132.857 -123.209 -112.849 -102.381 -92.4474 -83.0356 -74.0639 -65.4799 -57.2437 -49.3213 -41.6821 -34.2967 -27.1352 -20.1655 -13.3504 -6.64602 0 
0 -6.07876 -12.222 -18.4818 -24.8972 -31.4973 -38.3057 -45.3434 -52.6308 -60.1886 -68.0394 -76.2085 -84.7274 -93.6425 -102.945 -112.329 -121.984 -132.096 -142.418 -152.555 -162.332 -172.542 -183.419 -194.972 -207.25 -220.47 -234.433 -249.757 -266.245 -284.316 -304.027 -325.336 -348.243 -370.573 -388.136 -391.179 -375.183 -351.694 -327.892 -305.748 -285.116 -266.546 -250.041 -235.34 -221.934 -209.23 -196.715 -184.436 -172.526 -161.416 -151.01 -141.115 -131.454 -121.594 -111.43 -101.26 -91.4889 -82.1694 -73.2692 -64.7483 -56.5709 -48.7058 -41.1249 -33.802 -26.7112 -19.8243 -13.108 -6.51896 0 
0 -5.90355 -11.895 -18.0331 -24.3525 -30.8753 -37.6187 -44.5987 -51.8323 -59.3377 -67.1353 -75.2478 -83.7004 -92.5186 -101.694 -111.05 -120.718 -130.834 -141.286 -151.514 -160.898 -170.564 -181.026 -192.201 -203.941 -216.529 -229.792 -244.11 -259.089 -275.052 -291.678 -308.535 -325.362 -340.318 -350.368 -351.434 -342.394 -327.14 -309.743 -292.129 -274.86 -258.638 -243.689 -230.054 -217.57 -205.58 -193.525 -181.663 -170.009 -159.135 -148.928 -138.982 -129.408 -119.688 -109.72 -99.7152 -90.0785 -80.884 -72.0951 -63.6731 -55.5859 -47.8061 -40.3097 -33.0754 -26.0831 -19.3125 -12.7382 -6.32189 0 
0 -5.64052 -11.4214 -17.403 -23.6044 -30.0327 -36.6949 -43.6005 -50.762 -58.1946 -65.9163 -73.947 -82.3078 -91.0165 -100.071 -109.392 -119.058 -129.151 -139.399 -149.074 -158.328 -167.838 -177.879 -188.585 -199.733 -211.508 -223.849 -236.92 -250.47 -264.345 -278.274 -291.62 -304.221 -314.684 -320.76 -321.015 -315.122 -304.707 -291.893 -277.952 -263.594 -249.587 -236.256 -223.739 -212.067 -200.569 -188.852 -177.505 -166.486 -156.182 -146.39 -136.495 -126.985 -117.33 -107.463 -97.641 -88.2095 -79.1929 -70.5542 -62.2631 -54.2935 -46.6229 -39.2325 -32.1067 -25.2336 -18.6044 -12.2103 -6.03044 0 
0 -5.23705 -10.7469 -16.5532 -22.6294 -28.9563 -35.5277 -42.3463 -49.4205 -56.7625 -64.3882 -72.3162 -80.5672 -89.1637 -98.1134 -107.375 -117.044 -127.068 -136.965 -146.097 -155.188 -164.522 -174.098 -184.263 -194.878 -205.824 -217.119 -228.78 -240.83 -252.839 -264.522 -275.384 -285.089 -292.515 -296.454 -296.417 -292.268 -284.815 -275.155 -264.087 -252.01 -239.861 -228.022 -216.687 -205.854 -194.935 -183.627 -172.724 -162.278 -152.488 -143.105 -133.434 -123.945 -114.278 -104.601 -95.0913 -85.927 -77.1239 -68.6656 -60.5315 -52.702 -45.1596 -37.8906 -30.8852 -24.1401 -17.6611 -11.4682 -5.58956 0 
0 -4.5609 -9.77584 -15.4336 -21.4036 -27.6353 -34.1134 -40.8367 -47.811 -55.0467 -62.558 -70.3623 -78.4812 -86.9423 -95.7699 -104.968 -114.68 -124.754 -134.307 -142.86 -151.456 -160.429 -169.675 -179.437 -189.472 -199.635 -209.957 -220.263 -230.821 -241.223 -251.03 -260.109 -267.899 -273.312 -276.062 -275.934 -272.793 -267.087 -259.488 -250.578 -240.414 -229.9 -219.362 -209.034 -198.78 -188.312 -177.641 -167.347 -157.479 -148.151 -139.127 -129.693 -120.205 -110.817 -101.409 -92.1886 -83.2835 -74.7101 -66.4528 -58.4956 -50.8233 -43.423 -36.285 -29.4036 -22.7804 -16.4319 -10.4119 -4.85957 0 
0 -3.23071 -8.36198 -14.0019 -19.916 -26.068 -32.4539 -39.0759 -45.9401 -53.0555 -60.4347 -68.0937 -76.0532 -84.3399 -92.9892 -102.035 -111.531 -121.134 -130.129 -138.546 -147.015 -155.684 -164.637 -173.969 -183.235 -192.62 -202.12 -211.301 -220.537 -229.482 -237.926 -245.637 -251.939 -256.091 -258.345 -258.441 -256.053 -251.364 -245.192 -237.93 -229.282 -220.067 -210.408 -200.671 -191.026 -181.272 -171.252 -161.494 -152.126 -143.198 -134.467 -125.357 -116.132 -107.144 -97.9266 -88.944 -80.3082 -71.98 -63.94 -56.1746 -48.6725 -41.4242 -34.4229 -27.6639 -21.1459 -14.8741 -8.88785 -3.43685 0 
0 0 -6.43938 -12.296 -18.1906 -24.267 -30.5581 -37.0731 -43.8179 -50.8004 -58.0314 -65.5248 -73.2979 -81.3721 -89.7741 -98.5375 -107.632 -116.691 -125.421 -133.895 -142.32 -150.633 -159.08 -167.811 -176.423 -185.132 -193.931 -202.22 -210.274 -217.861 -224.989 -231.488 -236.831 -240.434 -242.628 -243.006 -241.042 -236.91 -231.713 -225.688 -218.351 -210.211 -201.372 -192.113 -182.942 -173.813 -164.548 -155.341 -146.329 -137.598 -128.999 -120.233 -111.406 -102.725 -93.9358 -85.3499 -77.0254 -68.9618 -61.1527 -53.5904 -46.2677 -39.1786 -32.3183 -25.6831 -19.2652 -13.0309 -6.82854 0 0 
0 0 -5.09964 -10.552 -16.2834 -22.2511 -28.4385 -34.8404 -41.458 -48.2969 -55.3658 -62.6762 -70.2415 -78.0764 -86.1948 -94.6018 -103.271 -112.03 -120.758 -129.253 -137.585 -145.452 -153.301 -161.401 -169.427 -177.383 -185.293 -192.735 -199.835 -206.494 -212.666 -218.189 -222.745 -226.039 -228.071 -228.274 -226.51 -223.128 -218.689 -213.358 -207.11 -199.865 -191.905 -183.261 -174.687 -166.258 -157.676 -148.894 -140.266 -131.801 -123.434 -115.026 -106.552 -98.1072 -89.7164 -81.4945 -73.4815 -65.6892 -58.1184 -50.7665 -43.6295 -36.7041 -29.9886 -23.4851 -17.201 -11.1556 -5.39545 0 0 
0 0 -3.40711 -8.52881 -14.1398 -20.0156 -26.1043 -32.3919 -38.8769 -45.5634 -52.4588 -59.5727 -66.9154 -74.4974 -82.3267 -90.4044 -98.7155 -107.219 -115.824 -124.261 -132.283 -139.772 -147.135 -154.627 -162.034 -169.339 -176.549 -183.354 -189.691 -195.591 -200.984 -205.761 -209.759 -212.721 -214.397 -214.607 -213.186 -210.389 -206.492 -201.502 -195.81 -189.228 -182.068 -174.121 -166.139 -158.226 -150.209 -142.079 -133.982 -125.864 -117.825 -109.813 -101.615 -93.3998 -85.3279 -77.4303 -69.7171 -62.1949 -54.8654 -47.7277 -40.7797 -34.0195 -27.4471 -21.0676 -14.898 -8.99515 -3.59765 0 0 
0 0 0 -6.01629 -11.7316 -17.5674 -23.5713 -29.7462 -36.0943 -42.6208 -49.3334 -56.2403 -63.3501 -70.671 -78.2103 -85.9736 -93.9689 -102.192 -110.609 -119.06 -126.657 -133.738 -140.645 -147.619 -154.477 -161.291 -168.057 -174.32 -179.965 -185.207 -189.887 -194.065 -197.667 -200.395 -201.649 -201.85 -200.997 -198.776 -195.225 -190.405 -184.93 -178.889 -172.284 -164.964 -157.549 -150.156 -142.712 -135.235 -127.659 -119.844 -112.043 -104.32 -96.4234 -88.5164 -80.7652 -73.1815 -65.7618 -58.5078 -51.4205 -44.4993 -37.7422 -31.1472 -24.7128 -18.44 -12.3284 -6.32934 0 0 0 
0 0 0 -3.80475 -9.20267 -14.951 -20.8672 -26.9272 -33.133 -39.4924 -46.0137 -52.705 -59.5737 -66.6265 -73.8696 -81.3108 -88.9627 -96.8533 -105.022 -113.352 -120.726 -127.575 -134.08 -140.591 -146.866 -153.198 -159.535 -165.306 -170.586 -175.465 -179.359 -182.865 -185.999 -188.525 -189.732 -189.886 -189.269 -187.361 -183.928 -179.358 -174.202 -168.591 -162.367 -155.709 -148.915 -142.12 -135.312 -128.492 -121.427 -113.772 -106.075 -98.5259 -90.9629 -83.4376 -76.0351 -68.7686 -61.6408 -54.6541 -47.8095 -41.1066 -34.5427 -28.1141 -21.8168 -15.6515 -9.64603 -3.99384 0 0 0 
0 0 0 0 -6.32336 -12.1667 -18.0195 -23.9623 -30.0183 -36.2019 -42.5239 -48.9923 -55.6133 -62.3914 -69.3311 -76.4371 -83.7177 -91.1892 -98.8829 -106.716 -113.973 -120.816 -127.181 -133.393 -139.102 -144.82 -150.626 -156.142 -161.364 -165.969 -169.142 -172.031 -174.7 -176.9 -178.234 -178.575 -178.095 -176.372 -173.097 -168.749 -163.681 -158.291 -152.521 -146.488 -140.304 -134.132 -127.983 -121.697 -114.87 -107.373 -99.908 -92.6091 -85.3847 -78.229 -71.1691 -64.217 -57.3788 -50.6582 -44.057 -37.5747 -31.208 -24.9499 -18.7887 -12.703 -6.61049 0 0 0 0 
0 0 0 0 -3.92407 -9.37287 -15.0819 -20.8842 -26.776 -32.7731 -38.8877 -45.1272 -51.4956 -57.9949 -64.6261 -71.3889 -78.2816 -85.2986 -92.4191 -99.5632 -106.435 -113.065 -119.465 -125.619 -131.091 -136.388 -141.766 -146.874 -151.586 -155.758 -158.789 -161.512 -163.907 -165.908 -167.345 -167.785 -167.216 -165.28 -162.111 -158.228 -153.424 -148.325 -142.98 -137.429 -131.743 -126.045 -120.341 -114.35 -107.724 -100.624 -93.5647 -86.6079 -79.7308 -72.9246 -66.1954 -59.5515 -52.9991 -46.5428 -40.1855 -33.9274 -27.7648 -21.6886 -15.6852 -9.76129 -4.09295 0 0 0 0 
0 0 0 0 0 -6.31881 -12.051 -17.7165 -23.4285 -29.2266 -35.1266 -41.1332 -47.2469 -53.4665 -59.7895 -66.2108 -72.7214 -79.3044 -85.9272 -92.529 -99.0067 -105.31 -111.437 -117.306 -122.708 -127.724 -132.758 -137.556 -141.764 -145.568 -148.587 -151.26 -153.496 -155.297 -156.641 -157.037 -156.298 -154.283 -151.309 -147.797 -143.286 -138.522 -133.629 -128.527 -123.214 -117.84 -112.386 -106.486 -100.196 -93.6536 -87.0736 -80.5179 -74.006 -67.5431 -61.1366 -54.7944 -48.5232 -42.3286 -36.2148 -30.1844 -24.2354 -18.3543 -12.5023 -6.56401 0 0 0 0 0 
0 0 0 0 0 -3.85138 -9.08674 -14.5025 -19.9947 -25.5784 -31.259 -37.032 -42.8922 -48.8348 -54.8546 -60.9435 -67.0888 -73.2702 -79.4565 -85.603 -91.6577 -97.5822 -103.356 -108.917 -114.15 -118.891 -123.595 -128.143 -131.998 -135.518 -138.622 -141.394 -143.486 -144.962 -145.967 -146.204 -145.243 -143.289 -140.59 -137.395 -133.27 -128.876 -124.422 -119.724 -114.747 -109.726 -104.583 -98.8028 -92.7953 -86.6955 -80.5461 -74.384 -68.2323 -62.1051 -56.0134 -49.9662 -43.9709 -38.0335 -32.1608 -26.3601 -20.6379 -14.991 -9.40573 -3.99243 0 0 0 0 0 
0 0 0 0 0 0 -5.94208 -11.2122 -16.4692 -21.8335 -27.2987 -32.8437 -38.4551 -44.126 -49.8505 -55.6197 -61.42 -67.2312 -73.0257 -78.7688 -84.4232 -89.9565 -95.3452 -100.532 -105.418 -109.956 -114.35 -118.506 -122.226 -125.691 -128.918 -131.712 -133.651 -134.73 -135.312 -135.465 -134.298 -132.397 -129.98 -126.999 -123.316 -119.385 -115.399 -111.087 -106.326 -101.434 -96.4326 -91.0366 -85.4658 -79.7843 -74.0314 -68.2398 -62.434 -56.6316 -50.8457 -45.0863 -39.3604 -33.6739 -28.0346 -22.4573 -16.9651 -11.566 -6.13718 0 0 0 0 0 0 
0 0 0 0 0 0 -3.4693 -7.93503 -12.8364 -17.9876 -23.2588 -28.5889 -33.9585 -39.3637 -44.8016 -50.2649 -55.7404 -61.2089 -66.6461 -72.0233 -77.3097 -82.4756 -87.4926 -92.3262 -96.9089 -101.213 -105.294 -109.089 -112.634 -115.974 -119.111 -121.677 -123.354 -124.215 -124.566 -124.53 -123.394 -121.768 -119.739 -116.987 -113.633 -110.049 -106.351 -102.304 -97.8439 -93.2171 -88.4352 -83.4266 -78.2471 -72.9444 -67.5552 -62.1099 -56.6324 -51.1415 -45.6516 -40.1728 -34.7106 -29.2671 -23.8465 -18.4694 -13.1993 -8.17075 -3.57698 0 0 0 0 0 0 
0 0 0 0 0 0 0 -4.22222 -8.95385 -14.0218 -19.1599 -24.2948 -29.4264 -34.5686 -39.7273 -44.8979 -50.0676 -55.218 -60.3267 -65.3685 -70.3167 -75.1437 -79.8217 -84.3202 -88.6053 -92.6518 -96.4755 -100.037 -103.334 -106.408 -109.238 -111.495 -112.992 -113.856 -114.055 -113.8 -112.846 -111.419 -109.579 -107.1 -104.139 -100.907 -97.3858 -93.5679 -89.4621 -85.1549 -80.6641 -75.9872 -71.1518 -66.1909 -61.1353 -56.0121 -50.8441 -45.6504 -40.4465 -35.2427 -30.042 -24.8375 -19.6149 -14.3745 -9.19198 -4.34068 0 0 0 0 0 0 0 
0 0 0 0 0 0 0 0 -4.73491 -9.98587 -15.0641 -20.0038 -24.8838 -29.7569 -34.6411 -39.5319 -44.4142 -49.2687 -54.074 -58.8074 -63.4447 -67.9609 -72.3301 -76.5259 -80.5222 -84.2992 -87.8481 -91.1483 -94.1755 -96.9362 -99.3929 -101.401 -102.858 -103.745 -103.868 -103.525 -102.698 -101.408 -99.6896 -97.4526 -94.8111 -91.8665 -88.6042 -85.0704 -81.2816 -77.2764 -73.0791 -68.7064 -64.1819 -59.5321 -54.7831 -49.959 -45.0814 -40.1697 -35.2412 -30.3094 -25.3774 -20.426 -15.4009 -10.2217 -4.85342 0 0 0 0 0 0 0 0 
0 0 0 0 0 0 0 0 0 -6.12261 -11.1069 -15.7725 -20.3482 -24.9341 -29.5483 -34.1744 -38.7886 -43.3685 -47.8934 -52.3424 -56.6939 -60.925 -65.012 -68.9308 -72.6585 -76.1748 -79.4626 -82.5019 -85.2713 -87.7508 -89.9003 -91.6503 -92.9385 -93.7198 -93.9011 -93.6213 -92.8952 -91.7358 -90.1606 -88.1562 -85.7826 -83.0875 -80.0928 -76.828 -73.3177 -69.59 -65.6694 -61.5775 -57.3373 -52.9724 -48.506 -43.9595 -39.3528 -34.7057 -30.0392 -25.3762 -20.7322 -16.088 -11.3412 -6.25798 0 0 0 0 0 0 0 0 0 
0 0 0 0 0 0 0 0 0 -3.39772 -7.46827 -11.6311 -15.8024 -20.0829 -24.4436 -28.8288 -33.1972 -37.5234 -41.7885 -45.9749 -50.0635 -54.0333 -57.862 -61.527 -65.0062 -68.2788 -71.3254 -74.1255 -76.6571 -78.8955 -80.8071 -82.3482 -83.477 -84.1601 -84.372 -84.1484 -83.5084 -82.4664 -81.0361 -79.2289 -77.0757 -74.6081 -71.8514 -68.831 -65.5711 -62.0965 -58.4309 -54.597 -50.6174 -46.5144 -42.309 -38.02 -33.6647 -29.2611 -24.8338 -20.424 -16.0873 -11.8527 -7.61796 -3.46899 0 0 0 0 0 0 0 0 0 
0 0 0 0 0 0 0 0 0 0 -3.73738 -7.48125 -11.1475 -15.1517 -19.3142 -23.5001 -27.6481 -31.7392 -35.7623 -39.7053 -43.552 -47.2826 -50.8757 -54.3089 -57.5604 -60.609 -63.4348 -66.0175 -68.3359 -70.3671 -72.0844 -73.4583 -74.4611 -75.0715 -75.2785 -75.092 -74.5237 -73.5851 -72.2885 -70.6477 -68.6832 -66.4178 -63.8738 -61.0735 -58.0393 -54.7941 -51.3607 -47.7621 -44.0208 -40.1587 -36.1954 -32.147 -28.0251 -23.8401 -19.6108 -15.3987 -11.3402 -7.61762 -3.8089 0 0 0 0 0 0 0 0 0 0 
0 0 0 0 0 0 0 0 0 0 0 -3.40897 -6.15465 -10.0621 -14.1615 -18.2092 -22.1561 -26.0231 -29.8163 -33.5321 -37.1564 -40.6696 -44.0494 -47.2727 -50.3173 -53.1621 -55.7874 -58.1737 -60.302 -62.1525 -63.7051 -64.9396 -65.8378 -66.3862 -66.5785 -66.4174 -65.9092 -65.062 -63.8851 -62.3901 -60.5915 -58.5062 -56.1525 -53.5499 -50.7186 -47.6798 -44.4558 -41.0698 -37.5451 -33.9043 -30.1671 -26.3474 -22.4484 -18.4634 -14.3708 -10.2197 -6.25714 -3.46869 0 0 0 0 0 0 0 0 0 0 0 
0 0 0 0 0 0 0 0 0 0 0 0 0 -4.78064 -9.06045 -13.019 -16.7438 -20.3809 -23.9475 -27.4505 -30.8718 -34.19 -37.3794 -40.4152 -43.274 -45.9348 -48.3788 -50.5881 -52.5457 -54.2358 -55.644 -56.7572 -57.5641 -58.057 -58.2321 -58.0898 -57.6337 -56.8684 -55.8 -54.4361 -52.7864 -50.863 -48.6803 -46.2549 -43.6052 -40.7507 -37.713 -34.5161 -31.1853 -27.7464 -24.2211 -20.6273 -16.9577 -13.1944 -9.18912 -4.8522 0 0 0 0 0 0 0 0 0 0 0 0 0 
0 0 0 0 0 0 0 0 0 0 0 0 0 0 -4.28073 -8.06246 -11.4192 -14.8093 -18.1423 -21.4504 -24.6904 -27.839 -30.8631 -33.7347 -36.4285 -38.9243 -41.2051 -43.2542 -45.0568 -46.6011 -47.878 -48.8809 -49.6045 -50.0457 -50.2028 -50.0762 -49.6673 -48.9779 -48.0104 -46.7679 -45.255 -43.479 -41.4506 -39.1843 -36.6966 -34.0048 -31.1295 -28.0964 -24.9337 -21.675 -18.3436 -14.983 -11.5605 -8.16735 -4.33912 0 0 0 0 0 0 0 0 0 0 0 0 0 0 
0 0 0 0 0 0 0 0 0 0 0 0 0 0 0 -3.53094 -6.06125 -9.29487 -12.3621 -15.5185 -18.6005 -21.6126 -24.4992 -27.232 -29.7811 -32.1288 -34.2629 -36.1668 -37.8264 -39.2337 -40.3861 -41.2837 -41.9274 -42.3183 -42.4573 -42.345 -41.9813 -41.3655 -40.4958 -39.3701 -37.9868 -36.3474 -34.459 -32.3351 -29.9922 -27.4425 -24.7037 -21.8061 -18.7783 -15.6762 -12.4952 -9.40066 -6.13415 -3.57537 0 0 0 0 0 0 0 0 0 0 0 0 0 0 0 
0 0 0 0 0 0 0 0 0 0 0 0 0 0 0 0 0 -3.94683 -6.49248 -9.66104 -12.5806 -15.5116 -18.2892 -20.9131 -23.3352 -25.5469 -27.5509 -29.3237 -30.8481 -32.1212 -33.1491 -33.9405 -34.5032 -34.8429 -34.9631 -34.865 -34.5475 -34.007 -33.2374 -32.2298 -30.9746 -29.4649 -27.7027 -25.7049 -23.4946 -21.0691 -18.4368 -15.646 -12.6971 -9.7562 -6.56042 -3.99027 0 0 0 0 0 0 0 0 0 0 0 0 0 0 0 0 0 
0 0 0 0 0 0 0 0 0 0 0 0 0 0 0 0 0 0 0 -4.05258 -6.54928 -9.56391 -12.233 -14.7958 -17.0996 -19.1726 -21.07 -22.7292 -24.1212 -25.254 -26.1486 -26.8259 -27.3019 -27.5871 -27.6873 -27.6045 -27.3367 -26.8778 -26.2167 -25.3371 -24.2171 -22.8349 -21.182 -19.287 -17.2124 -14.9024 -12.3284 -9.64402 -6.60806 -4.09106 0 0 0 0 0 0 0 0 0 0 0 0 0 0 0 0 0 0 0 
0 0 0 0 0 0 0 0 0 0 0 0 0 0 0 0 0 0 0 0 0 -3.96174 -6.28307 -8.93754 -11.0949 -12.9741 -14.8274 -16.4016 -17.6536 -18.6248 -19.3653 -19.9126 -20.2913 -20.5161 -20.5945 -20.529 -20.3169 -19.9506 -19.4148 -18.6846 -17.7217 -16.4755 -14.9035 -13.0489 -11.1656 -8.99965 -6.33042 -3.99361 0 0 0 0 0 0 0 0 0 0 0 0 0 0 0 0 0 0 0 0 0 
0 0 0 0 0 0 0 0 0 0 0 0 0 0 0 0 0 0 0 0 0 0 0 -3.57643 -5.3682 -6.8015 -8.86369 -10.3965 -11.4666 -12.2265 -12.7752 -13.168 -13.4348 -13.5915 -13.6458 -13.5999 -13.4515 -13.1927 -12.8073 -12.2649 -11.5098 -10.4418 -8.90757 -6.83944 -5.40131 -3.60024 0 0 0 0 0 0 0 0 0 0 0 0 0 0 0 0 0 0 0 0 0 0 0 
0 0 0 0 0 0 0 0 0 0 0 0 0 0 0 0 0 0 0 0 0 0 0 0 0 0 -3.42942 -4.85398 -5.59 -6.03937 -6.34097 -6.54932 -6.68833 -6.76922 -6.7971 -6.77341 -6.69662 -6.56152 -6.35672 -6.05806 -5.61058 -4.87448 -3.44551 0 0 0 0 0 0 0 0 0 0 0 0 0 0 0 0 0 0 0 0 0 0 0 0 0 0 
0 0 0 0 0 0 0 0 0 0 0 0 0 0 0 0 0 0 0 0 0 0 0 0 0 0 0 0 0 0 0 0 0 0 0 0 0 0 0 0 0 0 0 0 0 0 0 0 0 0 0 0 0 0 0 0 0 0 0 0 0 0 0 0 0 0 0 0 0 
