0 0 0 0 0 0 0 0 0 0 0 0 0 0 0 0 0 0 0 0 0 0 0 0 0 0 0 0 0 0 0 0 0 0 0 0 0 0 0 0 0 0 0 0 0 0 0 0 0 0 0 0 0 0 0 0 0 0 0 0 0 0 0 0 0 0 0 0 0 
0 0 0 0 0 0 0 0 0 0 0 0 0 0 0 0 0 0 0 0 0 0 0 0 0 0 -4.37321 -6.18755 -7.12329 -7.6938 -8.07677 -8.34222 -8.52097 -8.62754 -8.66849 -8.64555 -8.55642 -8.39397 -8.14298 -7.77164 -7.20829 -6.27167 -4.43894 0 0 0 0 0 0 0 0 0 0 0 0 0 0 0 0 0 0 0 0 0 0 0 0 0 0 
0 0 0 0 0 0 0 0 0 0 0 0 0 0 0 0 0 0 0 0 0 0 0 -4.56966 -6.8553 -8.68028 -11.3053 -13.2537 -14.6118 -15.5751 -16.2711 -16.7711 -17.1141 -17.3207 -17.4009 -17.3573 -17.1862 -16.8765 -16.4063 -15.7353 -14.7899 -13.4394 -11.4841 -8.83438 -6.98963 -4.6663 0 0 0 0 0 0 0 0 0 0 0 0 0 0 0 0 0 0 0 0 0 0 0 
0 0 0 0 0 0 0 0 0 0 0 0 0 0 0 0 0 0 0 0 0 -5.0702 -8.03613 -11.4233 -14.1713 -16.5605 -18.914 -20.9101 -22.4952 -23.7238 -24.6613 -25.3571 -25.8436 -26.1403 -26.2571 -26.1965 -25.9545 -25.5195 -24.8705 -23.9733 -22.7764 -21.2122 -19.2236 -16.8638 -14.4578 -11.6756 -8.2291 -5.20062 0 0 0 0 0 0 0 0 0 0 0 0 0 0 0 0 0 0 0 0 0 
0 0 0 0 0 0 0 0 0 0 0 0 0 0 0 0 0 0 0 -5.19538 -8.39101 -12.2447 -15.651 -18.9163 -21.8459 -24.4766 -26.88 -28.9777 -30.7349 -32.1637 -33.2932 -34.1523 -34.763 -35.1398 -35.2906 -35.2172 -34.9157 -34.3765 -33.583 -32.5111 -31.1303 -29.4093 -27.3343 -24.9394 -22.3024 -19.349 -16.0402 -12.5734 -8.63369 -5.35508 0 0 0 0 0 0 0 0 0 0 0 0 0 0 0 0 0 0 0 
0 0 0 0 0 0 0 0 0 0 0 0 0 0 0 0 0 -5.06838 -8.33249 -12.3905 -16.124 -19.8664 -23.4069 -26.7449 -29.8194 -32.6201 -35.1515 -37.3858 -39.3031 -40.9027 -42.1956 -43.1959 -43.9162 -44.3654 -44.5484 -44.4659 -44.1147 -43.4877 -42.5737 -41.3579 -39.8243 -37.9603 -35.765 -33.257 -30.4634 -27.3778 -24.0094 -20.4191 -16.6063 -12.7866 -8.61664 -5.2505 0 0 0 0 0 0 0 0 0 0 0 0 0 0 0 0 0 
0 0 0 0 0 0 0 0 0 0 0 0 0 0 0 -4.54184 -7.79209 -11.941 -15.8711 -19.9101 -23.848 -27.6902 -31.3654 -34.837 -38.0668 -41.0327 -43.7204 -46.1108 -48.1889 -49.9485 -51.3905 -52.5196 -53.3405 -53.8572 -54.0716 -53.9832 -53.5896 -52.886 -51.8662 -50.5226 -48.8489 -46.8425 -44.5083 -41.8603 -38.9163 -35.6894 -32.2005 -28.4872 -24.5858 -20.5685 -16.4294 -12.3854 -8.09801 -4.72786 0 0 0 0 0 0 0 0 0 0 0 0 0 0 0 
0 0 0 0 0 0 0 0 0 0 0 0 0 0 -5.51221 -10.3753 -14.6855 -19.0326 -23.3006 -27.5309 -31.6678 -35.681 -39.5274 -43.1708 -46.5781 -49.7235 -52.5865 -55.1482 -57.3932 -59.3118 -60.8985 -62.1513 -63.0691 -63.6515 -63.8975 -63.8058 -63.3743 -62.6007 -61.4823 -60.0174 -58.2061 -56.0525 -53.5655 -50.7595 -47.6522 -44.2629 -40.616 -36.7434 -32.6811 -28.4721 -24.1472 -19.7636 -15.2788 -10.8134 -5.75438 0 0 0 0 0 0 0 0 0 0 0 0 0 0 
0 0 0 0 0 0 0 0 0 0 0 0 0 -6.16417 -11.6736 -16.7615 -21.542 -26.2033 -30.7679 -35.2451 -39.6113 -43.8384 -47.8926 -51.7406 -55.3512 -58.6968 -61.754 -64.5021 -66.9241 -69.0069 -70.7405 -72.1178 -73.1331 -73.7821 -74.0612 -73.968 -73.5012 -72.6601 -71.445 -69.8584 -67.9057 -65.5958 -62.9418 -59.9601 -56.6701 -53.0939 -49.2571 -45.1894 -40.9231 -36.4917 -31.9236 -27.2429 -22.4403 -17.4926 -12.2041 -6.45545 0 0 0 0 0 0 0 0 0 0 0 0 0 
0 0 0 0 0 0 0 0 0 0 0 -4.40678 -7.94922 -12.9831 -18.2564 -23.4554 -28.5176 -33.4706 -38.3228 -43.0701 -47.694 -52.1688 -56.464 -60.5479 -64.3892 -67.9587 -71.2305 -74.1821 -76.7943 -79.0511 -80.9389 -82.4464 -83.5636 -84.2825 -84.597 -84.504 -84.0025 -83.0935 -81.7793 -80.0656 -77.9623 -75.4834 -72.6458 -69.4689 -65.9743 -62.1856 -58.1292 -53.834 -49.3303 -44.6479 -39.8128 -34.8442 -29.7467 -24.5126 -19.1141 -13.6177 -8.35339 -4.63778 0 0 0 0 0 0 0 0 0 0 0 
0 0 0 0 0 0 0 0 0 0 -4.83914 -9.67789 -14.407 -19.5627 -24.9135 -30.286 -35.6023 -40.8388 -45.9825 -51.0184 -55.9258 -60.6786 -65.2467 -69.5978 -73.6989 -77.5183 -81.0273 -84.2014 -87.0198 -89.4642 -91.5178 -93.1651 -94.3924 -95.1873 -95.5404 -95.4483 -94.9114 -93.932 -92.5132 -90.6624 -88.3946 -85.7295 -82.689 -79.2955 -75.5725 -71.5449 -67.2401 -62.6872 -57.9162 -52.9568 -47.8354 -42.5743 -37.1898 -31.697 -26.1219 -20.5478 -15.1581 -10.1977 -5.10592 0 0 0 0 0 0 0 0 0 0 
0 0 0 0 0 0 0 0 0 -4.40746 -9.67867 -15.0587 -20.4381 -25.9472 -31.5489 -37.1727 -42.7668 -48.2999 -53.7499 -59.0953 -64.3123 -69.3732 -74.2465 -78.8977 -83.2903 -87.3882 -91.159 -94.5764 -97.6193 -100.268 -102.503 -104.304 -105.653 -106.534 -106.929 -106.837 -106.263 -105.21 -103.679 -101.676 -99.2242 -96.3512 -93.0851 -89.4516 -85.4752 -81.1816 -76.5991 -71.7583 -66.6907 -61.4275 -55.9978 -50.4277 -44.7413 -38.9635 -33.1288 -27.2936 -21.5335 -15.8891 -10.226 -4.66219 0 0 0 0 0 0 0 0 0 
0 0 0 0 0 0 0 0 0 -7.95116 -14.4094 -20.4399 -26.3398 -32.239 -38.1621 -44.0894 -49.9922 -55.8443 -61.6218 -67.3007 -72.8549 -78.2553 -83.4683 -88.4562 -93.1764 -97.5853 -101.644 -105.326 -108.613 -111.487 -113.922 -115.893 -117.384 -118.366 -118.805 -118.709 -118.092 -116.967 -115.316 -113.139 -110.475 -107.366 -103.849 -99.9506 -95.6951 -91.1071 -86.2164 -81.0561 -75.6608 -70.0648 -64.3005 -58.3976 -52.384 -46.287 -40.1364 -33.9642 -27.7932 -21.5991 -15.2466 -8.42282 0 0 0 0 0 0 0 0 0 
0 0 0 0 0 0 0 0 -6.16697 -12.9877 -19.568 -25.9519 -32.242 -38.5069 -44.7711 -51.0305 -57.2683 -63.4632 -69.5923 -75.6307 -81.5515 -87.3247 -92.9154 -98.2822 -103.374 -108.132 -112.506 -116.47 -120.02 -123.143 -125.805 -127.964 -129.622 -130.743 -131.214 -131.103 -130.428 -129.233 -127.479 -125.091 -122.17 -118.789 -114.993 -110.807 -106.247 -101.335 -96.1034 -90.589 -84.8316 -78.8704 -72.7417 -66.4783 -60.1101 -53.6641 -47.1654 -40.6338 -34.0758 -27.4676 -20.7387 -13.7824 -6.55344 0 0 0 0 0 0 0 0 
0 0 0 0 0 0 0 -5.51585 -11.6801 -18.2649 -24.9228 -31.5578 -38.1694 -44.7755 -51.3848 -57.9932 -64.5873 -71.1481 -77.6534 -84.0782 -90.3958 -96.5764 -102.586 -108.383 -113.905 -119.065 -123.776 -128.03 -131.853 -135.248 -138.172 -140.536 -142.397 -143.703 -144.217 -144.028 -143.262 -142.013 -140.229 -137.574 -134.317 -130.622 -126.526 -122.038 -117.152 -111.883 -106.273 -100.365 -94.2063 -87.8435 -81.3175 -74.6639 -67.9138 -61.094 -54.2272 -47.3298 -40.4087 -33.4569 -26.458 -19.4148 -12.4313 -5.87791 0 0 0 0 0 0 0 
0 0 0 0 0 0 -4.54579 -10.3833 -16.7728 -23.4688 -30.3004 -37.1871 -44.1024 -51.0409 -57.9995 -64.9702 -71.9395 -78.8885 -85.7948 -92.6332 -99.3769 -105.999 -112.471 -118.758 -124.799 -130.445 -135.505 -140.01 -144.082 -147.748 -150.979 -153.588 -155.642 -157.187 -157.771 -157.412 -156.564 -155.328 -153.572 -150.602 -146.873 -142.822 -138.429 -133.658 -128.439 -122.773 -116.74 -110.391 -103.785 -96.9798 -90.0208 -82.9461 -75.7873 -68.571 -61.3195 -54.0495 -46.7721 -39.4933 -32.2216 -24.9875 -17.8791 -11.0803 -4.85579 0 0 0 0 0 0 
0 0 0 0 0 0 -7.79986 -14.6987 -21.5591 -28.5372 -35.6231 -42.7876 -50.0121 -57.2862 -64.602 -71.9488 -79.3119 -86.6717 -94.0043 -101.283 -108.48 -115.571 -122.541 -129.381 -136.074 -142.394 -147.748 -152.358 -156.62 -160.604 -164.157 -167.033 -169.312 -171.089 -171.656 -171.155 -170.221 -168.957 -167.197 -163.957 -159.756 -155.302 -150.617 -145.672 -140.131 -134.032 -127.525 -120.673 -113.564 -106.27 -98.8397 -91.3123 -83.7181 -76.0834 -68.4302 -60.7768 -53.137 -45.5226 -37.9475 -30.4346 -23.0174 -15.7084 -8.34284 0 0 0 0 0 0 
0 0 0 0 0 -5.07495 -11.955 -19.0525 -26.2276 -33.4976 -40.8671 -48.3284 -55.8721 -63.49 -71.1734 -78.9111 -86.6875 -94.482 -102.268 -110.014 -117.688 -125.265 -132.739 -140.139 -147.601 -154.73 -160.324 -164.95 -169.4 -173.733 -177.513 -180.611 -183.072 -184.77 -185.336 -185.042 -184.222 -182.95 -180.889 -177.233 -172.712 -167.913 -163.002 -157.971 -152.127 -145.635 -138.652 -131.213 -123.529 -115.695 -107.756 -99.7453 -91.6895 -83.6141 -75.5413 -67.4903 -59.4764 -51.5126 -43.6114 -35.7859 -28.0473 -20.3932 -12.8072 -5.44168 0 0 0 0 0 
0 0 0 0 0 -8.34484 -15.8925 -23.329 -30.801 -38.3587 -46.0195 -53.7867 -61.6579 -69.6282 -77.6905 -85.8346 -94.0453 -102.301 -110.571 -118.817 -126.995 -135.057 -142.967 -150.791 -158.647 -166.116 -172.145 -177.246 -182.18 -186.953 -191.125 -194.64 -197.302 -198.908 -199.485 -199.314 -198.566 -197.248 -194.672 -190.65 -185.942 -180.828 -175.47 -169.972 -163.898 -157.299 -150.004 -141.983 -133.646 -125.224 -116.745 -108.223 -99.6807 -91.1421 -82.6308 -74.1667 -65.7656 -57.44 -49.1995 -41.0505 -32.9927 -25.0099 -17.0509 -8.95955 0 0 0 0 0 
0 0 0 0 -5.20523 -12.4119 -19.9414 -27.5697 -35.289 -43.1166 -51.0653 -59.1409 -67.3446 -75.6744 -84.1259 -92.6914 -101.358 -110.105 -118.899 -127.689 -136.4 -144.921 -153.134 -161.281 -169.342 -177.072 -183.779 -189.519 -195.016 -200.311 -205.048 -209.156 -212.001 -213.638 -214.346 -214.289 -213.567 -212.171 -209.127 -204.56 -199.482 -194.004 -188.132 -181.959 -175.451 -168.634 -161.137 -152.77 -143.834 -134.811 -125.775 -116.722 -107.668 -98.6428 -89.673 -80.78 -71.9795 -63.2823 -54.696 -46.2238 -37.863 -29.6029 -21.427 -13.3456 -5.60112 0 0 0 0 
0 0 0 0 -8.40904 -16.156 -23.8913 -31.7196 -39.6685 -47.7534 -55.9843 -64.3672 -72.9051 -81.5988 -90.4473 -99.4471 -108.591 -117.863 -127.228 -136.622 -145.861 -154.83 -163.379 -171.847 -180.147 -188.097 -195.405 -201.94 -208.157 -214.006 -219.185 -223.585 -226.784 -228.9 -229.906 -229.843 -228.833 -227.014 -223.657 -218.768 -213.358 -207.53 -201.146 -194.333 -187.302 -180.054 -172.226 -163.506 -153.981 -144.395 -134.821 -125.221 -115.627 -106.088 -96.6383 -87.301 -78.0898 -69.0139 -60.0785 -51.2857 -42.6327 -34.1117 -25.7085 -17.3948 -9.05887 0 0 0 0 
0 0 0 -5.08374 -12.2749 -19.9119 -27.7484 -35.7487 -43.9121 -52.2442 -60.7513 -69.4385 -78.3099 -87.3685 -96.6173 -106.059 -115.696 -125.526 -135.53 -145.517 -155.109 -164.38 -173.53 -182.54 -191.224 -199.443 -207.268 -214.583 -221.406 -227.724 -233.362 -237.933 -241.551 -244.322 -245.956 -246.092 -244.749 -242.506 -238.838 -233.491 -227.526 -221.3 -214.423 -206.881 -199.217 -191.327 -182.974 -173.961 -163.98 -153.91 -143.875 -133.711 -123.533 -113.443 -103.491 -93.6959 -84.065 -74.6047 -65.3186 -56.2077 -47.2703 -38.5026 -29.9005 -21.4664 -13.2395 -5.48636 0 0 0 
0 0 0 -8.06006 -15.6949 -23.4683 -31.4415 -39.6148 -47.987 -56.5601 -65.3381 -74.3256 -83.5273 -92.9482 -102.594 -112.475 -122.607 -133.015 -143.674 -154.095 -164.075 -173.745 -183.474 -193.144 -202.503 -211.174 -219.536 -227.478 -234.816 -241.741 -248.046 -253.108 -256.941 -259.911 -261.92 -262.295 -260.982 -258.434 -254.351 -248.633 -242.079 -235.234 -227.802 -219.429 -210.909 -202.325 -193.58 -184.173 -173.766 -163.283 -152.859 -142.164 -131.342 -120.659 -110.189 -99.9261 -89.8696 -80.0214 -70.3835 -60.9562 -51.7383 -42.7279 -33.9246 -25.3307 -16.9464 -8.70594 0 0 0 
0 0 -4.58584 -11.4616 -18.9764 -26.825 -34.9344 -43.282 -51.861 -60.6711 -69.7154 -78.9985 -88.5256 -98.3025 -108.337 -118.641 -129.243 -140.212 -151.468 -162.121 -172.409 -182.749 -193.156 -203.592 -213.838 -223.215 -232.278 -240.932 -248.855 -256.314 -263.187 -269.015 -273.303 -276.398 -278.388 -278.869 -277.775 -274.957 -270.258 -264.159 -257.055 -249.319 -241.025 -231.867 -222.524 -213.223 -203.837 -193.77 -183.038 -172.029 -161.152 -150.141 -138.873 -127.652 -116.678 -105.951 -95.4659 -85.2277 -75.2377 -65.4953 -55.9987 -46.7462 -37.7391 -28.9854 -20.5096 -12.3909 -4.95937 0 0 
0 0 -6.88179 -14.2241 -21.9239 -29.9209 -38.1892 -46.718 -55.5038 -64.5478 -73.8539 -83.4273 -93.274 -103.4 -113.809 -124.51 -135.51 -146.808 -158.276 -169.268 -180.237 -191.532 -202.692 -213.842 -224.949 -235.317 -245.343 -254.908 -263.507 -271.473 -278.874 -285.432 -290.48 -293.875 -295.827 -296.206 -294.899 -291.74 -286.76 -280.427 -272.75 -263.834 -254.375 -244.398 -234.202 -224 -213.65 -202.913 -191.885 -180.263 -168.822 -157.436 -145.919 -134.347 -122.921 -111.732 -100.816 -90.1858 -79.8443 -69.7888 -60.0149 -50.5191 -41.3003 -32.362 -23.7157 -15.3889 -7.44653 0 0 
0 0 -8.71726 -16.629 -24.5744 -32.7454 -41.1835 -49.8968 -58.8885 -68.1625 -77.7249 -87.5829 -97.7436 -108.212 -118.991 -130.079 -141.471 -153.125 -164.889 -176.367 -187.983 -199.768 -211.568 -223.745 -235.899 -247.286 -258.332 -268.746 -278.295 -287.148 -295.388 -302.783 -308.638 -312.458 -314.687 -315.096 -313.441 -309.837 -304.407 -297.356 -288.755 -278.638 -268.028 -257.175 -246.11 -234.909 -223.436 -211.843 -200.263 -188.231 -176.428 -164.788 -152.919 -140.862 -128.926 -117.241 -105.88 -94.8554 -84.165 -73.8005 -63.7531 -54.0151 -44.5811 -35.4467 -26.6023 -18.0022 -9.43789 0 0 
0 -4.39445 -11.3582 -19.0002 -26.9992 -35.303 -43.9026 -52.7974 -61.9907 -71.4888 -81.3005 -91.436 -101.905 -112.715 -123.863 -135.339 -147.129 -159.26 -171.535 -183.406 -195.557 -207.715 -220.073 -233.048 -246.039 -258.396 -270.475 -281.892 -292.88 -303.165 -312.648 -321.104 -327.947 -332.701 -335.492 -336.076 -334.18 -329.922 -323.349 -314.784 -304.774 -293.602 -281.927 -270.084 -258.076 -245.791 -233.17 -220.596 -208.312 -195.988 -183.901 -172.107 -159.85 -147.186 -134.648 -122.426 -110.607 -99.1909 -88.1597 -77.4951 -67.1818 -57.2071 -47.5621 -38.2415 -29.2446 -20.5799 -12.3028 -4.76038 0 
0 -6.21957 -13.3211 -21.0144 -29.1194 -37.5646 -46.3263 -55.3995 -64.7882 -74.5015 -84.5522 -94.9553 -105.726 -116.878 -128.408 -140.283 -152.421 -164.927 -177.638 -189.929 -202.554 -215.15 -228.068 -241.553 -255.206 -268.647 -281.913 -294.838 -307.438 -319.457 -330.789 -340.747 -348.892 -354.987 -358.664 -359.57 -357.363 -352.009 -343.796 -333.418 -321.615 -308.98 -295.873 -282.682 -269.559 -256.117 -242.614 -229.222 -216.195 -203.445 -190.835 -178.51 -165.938 -152.987 -139.933 -127.187 -114.93 -103.142 -91.7877 -80.8386 -70.2719 -60.0695 -50.2186 -40.7126 -31.5549 -22.7698 -14.433 -6.73871 0 
0 -7.16276 -14.692 -22.6171 -30.8991 -39.5099 -48.4386 -57.6861 -67.261 -77.1768 -87.4515 -98.1067 -109.168 -120.662 -132.609 -144.964 -157.268 -169.83 -182.701 -195.544 -208.823 -222.118 -235.663 -249.648 -264.034 -278.696 -293.364 -308.049 -322.504 -336.456 -349.763 -361.501 -371.534 -379.478 -384.526 -385.828 -382.953 -375.769 -365.44 -352.953 -339.124 -324.631 -309.706 -294.705 -280.229 -265.837 -251.715 -237.549 -223.844 -210.489 -197.156 -184.174 -171.371 -158.259 -144.713 -131.453 -118.784 -106.659 -95.0105 -83.7999 -72.9976 -62.5803 -52.5302 -42.8353 -33.4925 -24.5114 -15.9209 -7.76144 0 
0 -7.73949 -15.6671 -23.8627 -32.3501 -41.1373 -50.232 -59.6455 -69.3928 -79.4933 -89.9703 -100.852 -112.175 -123.992 -136.403 -149.296 -161.734 -174.338 -187.351 -200.692 -214.651 -228.631 -242.74 -257.285 -272.501 -288.365 -304.487 -321.058 -337.783 -354.105 -369.894 -384.126 -396.533 -406.705 -413.481 -415.318 -411.804 -402.354 -388.972 -373.456 -357.144 -340.535 -323.51 -306.488 -290.439 -275.207 -260.486 -245.355 -230.672 -216.427 -202.379 -188.843 -175.562 -162.138 -148.401 -135.011 -122.095 -109.698 -97.7957 -86.3529 -75.3383 -64.724 -54.4864 -44.6061 -35.0684 -25.8625 -16.9776 -8.38617 0 
0 -8.12814 -16.3741 -24.8166 -33.5013 -42.4572 -51.7067 -61.2708 -71.1716 -81.4334 -92.0841 -103.156 -114.69 -126.73 -139.323 -152.402 -165.255 -178.254 -191.561 -205.221 -219.549 -234.106 -248.875 -264.157 -280.389 -297.601 -315.174 -333.418 -352.455 -371.652 -390.659 -408.432 -424.092 -437.231 -446.429 -449.576 -445.216 -432.522 -414.673 -394.579 -374.489 -354.915 -335.609 -317 -299.582 -283.208 -267.474 -251.465 -236.026 -221.251 -206.782 -192.739 -179.011 -165.459 -151.602 -138.048 -124.885 -112.244 -100.121 -88.4777 -77.2787 -66.4911 -56.0854 -46.0344 -36.3124 -26.8925 -17.7408 -8.80567 0 
0 -8.39891 -16.8848 -25.5281 -34.3813 -43.4836 -52.8668 -62.5595 -72.5892 -82.9845 -93.7764 -105 -116.696 -128.915 -141.721 -155.042 -168.275 -181.5 -195.021 -209.125 -223.861 -238.993 -254.231 -270.126 -287.34 -305.943 -324.991 -344.868 -366.301 -388.714 -411.68 -434.276 -454.411 -471.771 -485.065 -491.733 -486.303 -467.407 -442.184 -415.651 -390.744 -367.647 -345.81 -325.705 -307.214 -289.65 -272.882 -256.257 -240.299 -225.09 -210.263 -195.81 -181.929 -168.348 -154.306 -140.496 -127.111 -114.271 -101.966 -90.1585 -78.8076 -67.8762 -57.3296 -47.1337 -37.2544 -27.6541 -18.2876 -9.09569 0 
0 -8.58275 -17.2379 -26.0298 -35.0122 -44.229 -53.7176 -63.5112 -73.6412 -84.139 -95.037 -106.371 -118.18 -130.513 -143.419 -156.819 -170.336 -183.865 -197.612 -212.065 -227.02 -242.637 -258.28 -274.751 -292.466 -311.586 -331.838 -353.763 -378.103 -404.362 -432.392 -461.464 -486.888 -509.756 -530.314 -546.489 -540.401 -507.515 -469.622 -434.934 -404.793 -378.224 -354.167 -332.629 -313.093 -294.655 -277.196 -260.059 -243.534 -227.731 -212.66 -198.177 -184.415 -170.944 -156.612 -142.396 -128.77 -115.761 -103.315 -91.3824 -79.9168 -68.8768 -58.2229 -47.9165 -37.9175 -28.182 -18.6596 -9.28955 0 
0 -8.69419 -17.4542 -26.3412 -35.4086 -44.7026 -54.2632 -64.1264 -74.3256 -84.8931 -95.862 -107.266 -119.141 -131.522 -144.413 -157.693 -171.28 -185.061 -199.172 -213.928 -229.146 -245.14 -261.117 -278.028 -296.053 -315.576 -336.952 -360.608 -387.413 -417.588 -452.419 -490.76 -523.58 -550.301 -580.111 -613.239 -603.766 -547.973 -493.118 -449.781 -415.051 -385.777 -360.206 -337.628 -317.268 -298.13 -280.082 -262.5 -245.624 -229.481 -214.248 -199.892 -186.328 -172.758 -158.145 -143.615 -129.813 -116.689 -104.152 -92.1389 -80.6004 -69.4911 -58.7689 -48.3919 -38.3169 -28.497 -18.8792 -9.40291 0 
0 -8.73977 -17.5437 -26.472 -35.5783 -44.9095 -54.5064 -64.4057 -74.6414 -85.2461 -96.2518 -107.691 -119.594 -131.991 -144.879 -158.115 -171.717 -185.562 -199.803 -214.623 -230.024 -246.006 -262.169 -279.448 -297.815 -317.653 -339.701 -364.381 -392.744 -425.697 -466.448 -516.405 -564.163 -593.449 -618.894 -647.486 -626.477 -559.211 -501.46 -456.281 -419.97 -389.503 -363.149 -339.965 -319.328 -300.088 -281.714 -263.71 -246.538 -230.259 -214.991 -200.777 -187.11 -172.907 -158.307 -143.947 -130.177 -117.031 -104.464 -92.4212 -80.8546 -69.7185 -58.9696 -48.5653 -38.4614 -28.6098 -18.9572 -9.44293 0 
0 -8.72114 -17.5089 -26.4249 -35.5233 -44.8506 -54.4471 -64.3487 -74.5884 -85.1979 -96.2084 -107.651 -119.554 -131.947 -144.828 -158.111 -171.882 -185.742 -199.826 -214.514 -229.876 -245.635 -261.872 -279.131 -297.598 -317.628 -339.86 -364.759 -393.09 -425.616 -465.192 -515.883 -575.821 -617.641 -631.114 -636.536 -617.752 -555.854 -498.454 -454.016 -418.43 -388.459 -362.372 -339.324 -318.704 -299.701 -281.296 -263.337 -246.207 -229.924 -214.633 -200.152 -186.166 -172.09 -157.845 -143.636 -129.914 -116.795 -104.25 -92.2275 -80.6785 -69.5585 -58.8257 -48.4383 -38.3534 -28.5238 -18.8968 -9.41164 0 
0 -8.63591 -17.3458 -26.1954 -35.2393 -44.5226 -54.0828 -63.9534 -74.1654 -84.7488 -95.7334 -107.149 -119.025 -131.394 -144.259 -157.559 -171.441 -185.359 -199.266 -213.698 -228.781 -244.233 -260.416 -277.501 -295.787 -315.544 -337.267 -361.112 -387.721 -417.561 -451.837 -491.652 -535.335 -569.295 -583.645 -583.552 -567.97 -524.036 -480.487 -443.422 -411.335 -383.451 -358.534 -336.203 -315.848 -297.168 -279.075 -261.309 -244.452 -228.458 -213.421 -198.913 -184.751 -170.977 -156.878 -142.687 -129.018 -115.982 -103.515 -91.5604 -80.0732 -69.0115 -58.3363 -48.009 -37.9899 -28.2353 -18.6945 -9.30682 0 
0 -8.4767 -17.043 -25.7715 -34.7162 -43.9175 -53.4081 -63.2168 -73.3711 -83.8986 -94.8273 -106.187 -118.005 -130.307 -143.093 -156.307 -170.021 -183.954 -197.97 -212.182 -226.861 -241.978 -257.904 -274.667 -292.477 -311.514 -332.106 -354.08 -378.091 -404.287 -432.814 -463.47 -493.53 -516.52 -528.428 -527.612 -514.554 -487.092 -456.696 -427.493 -400.246 -375.252 -352.172 -331.057 -311.364 -293.163 -275.557 -258.146 -241.643 -226.051 -211.404 -197.109 -182.808 -168.877 -154.79 -140.881 -127.464 -114.599 -102.266 -90.4262 -79.0425 -68.0781 -57.4989 -47.2715 -37.362 -27.733 -18.3391 -9.12114 0 
0 -8.22795 -16.5779 -25.1314 -33.9363 -43.0231 -52.4153 -62.1346 -72.2038 -82.6469 -93.4908 -104.765 -116.501 -128.733 -141.477 -154.642 -168.147 -182.111 -196.266 -210.241 -224.375 -238.959 -254.325 -270.45 -287.551 -305.66 -324.664 -344.591 -366.049 -388.724 -412.072 -435.645 -457.478 -473.563 -482.253 -481.462 -471.827 -453.855 -431.893 -408.495 -385.631 -363.904 -343.439 -324.171 -305.44 -287.742 -270.533 -253.787 -237.821 -222.756 -208.531 -194.552 -180.177 -166.054 -152.155 -138.541 -125.355 -112.685 -100.523 -88.8364 -77.5923 -66.7595 -56.3096 -46.2161 -36.4537 -26.9955 -17.8078 -8.8386 0 
0 -7.85723 -15.9093 -24.2398 -32.8746 -41.8234 -51.0953 -60.7027 -70.6623 -80.9946 -91.7242 -102.881 -114.502 -126.647 -139.363 -152.462 -165.745 -179.619 -193.79 -207.645 -221.28 -235.051 -249.632 -264.949 -281.185 -298.058 -315.272 -333.277 -352.268 -371.767 -391.026 -409.534 -425.915 -437.798 -444.318 -443.766 -436.612 -423.784 -407.483 -389.111 -370.143 -351.385 -333.16 -315.366 -297.668 -280.698 -264.297 -248.44 -233.144 -218.603 -204.625 -190.883 -176.739 -162.715 -149.113 -135.702 -122.719 -110.264 -98.3048 -86.8041 -75.7307 -65.0581 -54.764 -44.8297 -35.241 -25.9874 -17.0582 -8.42544 0 
0 -7.29172 -14.9621 -23.0438 -31.499 -40.3008 -49.4396 -58.9185 -68.7482 -78.9451 -89.5307 -100.531 -111.98 -123.916 -136.375 -149.286 -162.496 -176.172 -190.107 -203.949 -217.376 -230.297 -244.02 -258.455 -273.562 -289.088 -304.85 -321.118 -337.866 -354.736 -370.781 -385.526 -398.09 -407.379 -412.4 -412.127 -406.803 -397.251 -384.591 -370.01 -354.275 -338.068 -321.872 -305.477 -288.945 -272.712 -257.078 -242.049 -227.391 -213.196 -199.339 -185.743 -172.092 -158.556 -145.337 -132.212 -119.526 -107.345 -95.6284 -84.3445 -73.4681 -62.9783 -52.8585 -43.0978 -33.6932 -24.655 -16.012 -7.80498 0 
0 -6.34752 -13.6037 -21.4743 -29.777 -38.4409 -47.4439 -56.7835 -66.4669 -76.5071 -86.9221 -97.7341 -108.969 -120.655 -132.816 -145.413 -158.326 -171.664 -185.365 -199.157 -212.238 -224.701 -237.74 -251.189 -265.081 -279.228 -293.716 -308.47 -323.283 -337.943 -351.389 -363.442 -373.489 -380.843 -384.741 -384.748 -380.863 -373.639 -363.537 -351.718 -338.297 -323.945 -309.476 -294.661 -279.428 -263.922 -248.936 -234.668 -220.464 -206.556 -193.054 -179.88 -166.822 -153.772 -140.853 -128.134 -115.829 -103.963 -92.5191 -81.4774 -70.8191 -60.5285 -50.594 -41.0097 -31.7792 -22.9272 -14.5299 -6.78249 0 
0 -4.49462 -11.6309 -19.4728 -27.6936 -36.242 -45.1116 -54.3049 -63.8287 -73.6942 -83.9164 -94.514 -105.508 -116.919 -128.764 -141.035 -153.636 -166.684 -180.115 -193.54 -205.992 -218.259 -230.795 -243.201 -255.937 -268.983 -282.301 -295.521 -308.581 -321.264 -332.764 -342.993 -351.316 -356.918 -360.079 -360.224 -357.256 -351.688 -343.648 -333.764 -322.053 -309.415 -296.428 -282.833 -268.72 -254.258 -240.097 -226.484 -212.836 -199.424 -186.377 -173.689 -161.199 -148.604 -135.959 -123.625 -111.694 -100.159 -89.0076 -78.2267 -67.8022 -57.7226 -47.9794 -38.5677 -29.4867 -20.7448 -12.3978 -4.79508 0 
0 0 -8.9526 -17.0925 -25.2825 -33.7219 -42.4557 -51.4956 -60.8488 -70.5245 -80.5354 -90.8974 -101.629 -112.751 -124.288 -136.232 -148.507 -161.347 -174.656 -187.642 -199.416 -211.059 -222.906 -234.414 -246.25 -258.423 -270.647 -282.507 -294.089 -304.933 -314.803 -323.624 -330.876 -335.192 -337.602 -337.803 -335.616 -331.26 -324.532 -315.837 -305.723 -294.834 -283.144 -270.64 -257.652 -244.262 -230.799 -217.666 -204.658 -191.91 -179.389 -167.138 -155.031 -142.889 -130.642 -118.714 -107.162 -95.9697 -85.1261 -74.6197 -64.4405 -54.5803 -45.0333 -35.7949 -26.8551 -18.1675 -9.52158 0 0 
0 0 -7.08698 -14.662 -22.6221 -30.9073 -39.4936 -48.3731 -57.5464 -67.0197 -76.8034 -86.9112 -97.3596 -108.168 -119.363 -130.967 -142.953 -155.504 -168.334 -180.419 -191.672 -202.892 -214.293 -225.167 -236.307 -247.654 -258.669 -269.399 -279.874 -289.374 -297.841 -305.123 -311.002 -314.596 -316.552 -316.709 -315.042 -311.677 -306.171 -298.813 -290.269 -280.893 -270.168 -258.495 -246.362 -233.829 -221.061 -208.534 -196.177 -184.099 -172.166 -160.235 -148.394 -136.687 -124.918 -113.427 -102.269 -91.4326 -80.9074 -70.6855 -60.7598 -51.1248 -41.7785 -32.7236 -23.9712 -15.5485 -7.521 0 0 
0 0 -4.73334 -11.8464 -19.6366 -27.7916 -36.2383 -44.9568 -53.944 -63.2044 -72.7472 -82.5843 -92.7297 -103.199 -114.012 -125.19 -136.75 -148.727 -160.777 -172.218 -183.339 -194.286 -205.127 -215.367 -225.838 -236.402 -246.406 -256.223 -265.822 -274.423 -281.599 -287.52 -292.233 -295.467 -297.252 -297.335 -295.859 -292.806 -288.183 -282.254 -274.904 -266.297 -256.484 -245.871 -234.592 -222.89 -210.965 -199.231 -187.595 -176.202 -164.814 -153.033 -141.434 -130.106 -118.836 -107.806 -97.0561 -86.584 -76.3854 -66.4552 -56.7882 -47.3807 -38.2322 -29.3498 -20.7575 -12.5345 -5.01387 0 0 
0 0 0 -8.35358 -16.2865 -24.384 -32.7113 -41.272 -50.0683 -59.1067 -68.3968 -77.9492 -87.7755 -97.8874 -108.296 -119.012 -130.036 -141.348 -152.754 -163.948 -175.033 -185.79 -196.154 -205.637 -215.278 -225.087 -234.364 -243.305 -251.817 -259.426 -265.631 -270.701 -274.688 -277.551 -279.131 -279.31 -278.282 -275.483 -271.369 -266.308 -259.693 -251.621 -242.476 -232.455 -221.925 -211.203 -200.399 -189.647 -178.838 -168.05 -156.975 -145.461 -134.236 -123.276 -112.481 -101.906 -91.565 -81.4618 -71.5951 -61.9617 -52.5572 -43.3775 -34.42 -25.6859 -17.1744 -8.81811 0 0 0 
0 0 0 -5.28139 -12.772 -20.7464 -28.951 -37.3515 -45.9503 -54.7575 -63.784 -73.0403 -82.5356 -92.2782 -102.274 -112.526 -123.029 -133.764 -144.652 -155.537 -166.48 -176.955 -186.704 -195.614 -204.566 -213.592 -222.17 -230.407 -238.275 -245.142 -250.549 -254.933 -258.31 -260.591 -261.874 -262.073 -261.3 -258.984 -255.427 -250.972 -244.923 -237.249 -228.534 -219.051 -209.293 -199.383 -189.376 -179.424 -169.469 -159.25 -148.492 -137.513 -126.772 -116.24 -105.907 -95.7714 -85.8362 -76.103 -66.5715 -57.2393 -48.1016 -39.1519 -30.3843 -21.7995 -13.4361 -5.56355 0 0 0 
0 0 0 0 -8.77358 -16.8788 -24.9947 -33.2325 -41.6241 -50.189 -58.9415 -67.8922 -77.0485 -86.4156 -95.996 -105.789 -115.79 -125.993 -136.364 -146.824 -157.535 -167.74 -176.852 -185.37 -193.781 -202.184 -210.076 -217.799 -225.388 -231.673 -236.371 -240.185 -243.086 -244.674 -245.523 -245.608 -244.9 -243.114 -240.194 -235.983 -230.083 -222.881 -214.88 -205.947 -196.788 -187.607 -178.222 -168.83 -159.369 -149.557 -139.421 -129.171 -119.009 -108.992 -99.1335 -89.4369 -79.9055 -70.5424 -61.3487 -52.3224 -43.4578 -34.7444 -26.1658 -17.6915 -9.20696 0 0 0 0 
0 0 0 0 -5.44352 -13.0005 -20.9166 -28.9598 -37.1247 -45.4328 -53.9008 -62.5384 -71.3507 -80.3397 -89.505 -98.8436 -108.35 -118.018 -127.843 -137.824 -148.044 -157.881 -166.709 -175.038 -183.019 -190.939 -198.005 -204.791 -211.486 -217.183 -221.854 -225.556 -228.185 -229.384 -229.947 -229.95 -229.294 -227.859 -225.289 -221.143 -215.4 -208.55 -201.072 -192.862 -184.476 -175.95 -167.091 -158.284 -149.361 -139.914 -130.306 -120.669 -111.081 -101.584 -92.199 -82.9371 -73.8065 -64.8126 -55.9584 -47.2437 -38.6628 -30.2022 -21.843 -13.5939 -5.70022 0 0 0 0 
0 0 0 0 0 -8.76313 -16.7112 -24.5654 -32.4821 -40.5167 -48.6904 -57.01 -65.4762 -74.0876 -82.8408 -91.7304 -100.749 -109.885 -119.129 -128.473 -137.917 -147.155 -155.726 -163.87 -171.556 -179.083 -185.66 -191.7 -197.592 -202.788 -207.098 -210.568 -213.172 -214.414 -214.884 -214.836 -214.126 -212.745 -210.162 -206.11 -200.733 -194.466 -187.523 -179.966 -172.253 -164.349 -156.021 -147.698 -139.22 -130.25 -121.183 -112.112 -103.063 -94.0651 -85.1412 -76.3061 -67.5707 -58.9429 -50.4287 -42.0313 -33.7476 -25.5586 -17.41 -9.14088 0 0 0 0 0 
0 0 0 0 0 -5.34075 -12.5999 -20.1084 -27.7217 -35.4613 -43.3343 -51.335 -59.4566 -67.6935 -76.0401 -84.4887 -93.0285 -101.644 -110.316 -119.014 -127.685 -136.196 -144.323 -152.117 -159.563 -166.738 -173.106 -178.531 -183.729 -188.55 -192.466 -195.546 -198.007 -199.541 -200.299 -200.302 -199.415 -197.901 -195.284 -191.318 -186.264 -180.556 -174.167 -167.265 -160.263 -152.996 -145.13 -137.085 -128.942 -120.551 -112.064 -103.533 -94.9925 -86.4724 -77.9945 -69.5754 -61.2273 -52.9597 -44.7822 -36.7052 -28.7375 -20.8747 -13.0975 -5.5596 0 0 0 0 0 
0 0 0 0 0 0 -8.23922 -15.5464 -22.8352 -30.2726 -37.8502 -45.5392 -53.3218 -61.1898 -69.1373 -77.1558 -85.2323 -93.348 -101.477 -109.582 -117.608 -125.474 -133.088 -140.406 -147.406 -154.137 -160.325 -165.338 -169.991 -174.412 -178.13 -181.019 -183.429 -185.309 -186.357 -186.364 -185.168 -183.43 -180.845 -176.903 -172.292 -167.123 -161.133 -154.768 -148.288 -141.381 -134.034 -126.484 -118.796 -110.947 -102.988 -94.9621 -86.9024 -78.8374 -70.7891 -62.7738 -54.8032 -46.8866 -39.0351 -31.2697 -23.6227 -16.1051 -8.54582 0 0 0 0 0 0 
0 0 0 0 0 0 -4.81055 -11.003 -17.7998 -24.9437 -32.2549 -39.6496 -47.1015 -54.6067 -62.1635 -69.7649 -77.3968 -85.0384 -92.6614 -100.229 -107.692 -114.991 -122.069 -128.878 -135.384 -141.534 -147.175 -152.004 -156.414 -160.465 -163.969 -166.831 -169.258 -171.257 -172.143 -172.13 -170.962 -168.908 -166.22 -162.621 -158.518 -153.829 -148.327 -142.466 -136.367 -129.855 -123.044 -116.014 -108.81 -101.454 -93.9809 -86.425 -78.8177 -71.1858 -63.5505 -55.9274 -48.3254 -40.7482 -33.202 -25.7159 -18.3785 -11.377 -4.98071 0 0 0 0 0 0 
0 0 0 0 0 0 0 -5.85512 -12.4175 -19.4475 -26.5762 -33.7028 -40.8279 -47.9719 -55.1452 -62.3434 -69.5517 -76.7475 -83.9019 -90.9795 -97.9382 -104.73 -111.307 -117.624 -123.64 -129.303 -134.518 -139.176 -143.3 -147.01 -150.245 -152.964 -155.256 -157.173 -157.999 -158.178 -157.272 -155.059 -152.278 -148.898 -145.01 -140.656 -135.687 -130.321 -124.626 -118.587 -112.267 -105.717 -98.9765 -92.0788 -85.0558 -77.9391 -70.7578 -63.5375 -56.2998 -49.0599 -41.8227 -34.5787 -27.3087 -20.0135 -12.7983 -6.04382 0 0 0 0 0 0 0 
0 0 0 0 0 0 0 0 -6.5675 -13.8525 -20.8998 -27.7573 -34.5353 -41.308 -48.1018 -54.9119 -61.7191 -68.4979 -75.219 -81.8494 -88.3516 -94.6845 -100.805 -106.672 -112.24 -117.464 -122.286 -126.652 -130.535 -133.999 -136.989 -139.481 -141.505 -143.112 -143.943 -144.115 -143.232 -141.217 -138.675 -135.625 -132.058 -127.979 -123.423 -118.483 -113.2 -107.599 -101.721 -95.6094 -89.3006 -82.8285 -76.2245 -69.518 -62.7367 -55.9066 -49.0513 -42.1898 -35.3267 -28.4354 -21.4408 -14.2309 -6.75729 0 0 0 0 0 0 0 0 
0 0 0 0 0 0 0 0 0 -8.49523 -15.4131 -21.8914 -28.2481 -34.623 -41.042 -47.4835 -53.9149 -60.3059 -66.6269 -72.8476 -78.9343 -84.8506 -90.558 -96.0167 -101.186 -106.025 -110.491 -114.546 -118.171 -121.37 -124.114 -126.383 -128.172 -129.467 -130.139 -130.149 -129.323 -127.677 -125.451 -122.702 -119.453 -115.712 -111.541 -106.988 -102.092 -96.8871 -91.4104 -85.6989 -79.788 -73.7102 -67.4955 -61.1716 -54.7646 -48.3008 -41.8091 -35.3212 -28.8589 -22.3953 -15.7882 -8.71205 0 0 0 0 0 0 0 0 0 
0 0 0 0 0 0 0 0 0 -4.71531 -10.366 -16.1471 -21.9428 -27.8937 -33.9599 -40.0649 -46.1513 -52.1837 -58.1352 -63.9796 -69.6874 -75.2258 -80.5592 -85.6508 -90.4634 -94.9601 -99.1058 -102.871 -106.233 -109.181 -111.693 -113.75 -115.336 -116.421 -116.944 -116.86 -116.11 -114.708 -112.739 -110.255 -107.291 -103.873 -100.041 -95.8358 -91.2929 -86.4474 -81.3341 -75.9879 -70.4423 -64.7289 -58.8758 -52.9083 -46.8492 -40.7228 -34.5631 -28.4272 -22.3923 -16.4988 -10.6045 -4.82914 0 0 0 0 0 0 0 0 0 
0 0 0 0 0 0 0 0 0 0 -5.18852 -10.3881 -15.4824 -21.0491 -26.839 -32.6649 -38.4418 -44.1424 -49.7507 -55.2482 -60.61 -65.8059 -70.8022 -75.564 -80.0563 -84.2458 -88.1016 -91.5972 -94.7113 -97.4264 -99.7252 -101.59 -103.002 -103.936 -104.358 -104.237 -103.55 -102.306 -100.541 -98.2898 -95.5824 -92.447 -88.9155 -85.021 -80.7966 -76.2753 -71.4906 -66.4761 -61.2646 -55.8871 -50.3705 -44.7366 -39.0012 -33.1782 -27.2934 -21.4321 -15.7841 -10.6032 -5.30194 0 0 0 0 0 0 0 0 0 0 
0 0 0 0 0 0 0 0 0 0 0 -4.73439 -8.54948 -13.9812 -19.6822 -25.3141 -30.8083 -36.1935 -41.477 -46.6525 -51.6985 -56.5855 -61.2798 -65.7465 -69.9521 -73.8651 -77.4577 -80.7054 -83.588 -86.0885 -88.1917 -89.8827 -91.146 -91.963 -92.3133 -92.1786 -91.5481 -90.4258 -88.8292 -86.7805 -84.302 -81.4173 -78.1526 -74.536 -70.5971 -66.3668 -61.877 -57.1612 -52.253 -47.1843 -41.9823 -36.6665 -31.2407 -25.6954 -20.0003 -14.2236 -8.70894 -4.82804 0 0 0 0 0 0 0 0 0 0 0 
0 0 0 0 0 0 0 0 0 0 0 0 0 -6.64393 -12.5946 -18.1008 -23.2839 -28.3464 -33.3111 -38.1865 -42.946 -47.5579 -51.9848 -56.1903 -60.1403 -63.805 -67.1586 -70.1788 -72.8469 -75.148 -77.0703 -78.6032 -79.7359 -80.457 -80.754 -80.6162 -80.0377 -79.0194 -77.5697 -75.7009 -73.4277 -70.7677 -67.7416 -64.3732 -60.6892 -56.7176 -52.4894 -48.0389 -43.4019 -38.6149 -33.7081 -28.7064 -23.5996 -18.3625 -12.7887 -6.75306 0 0 0 0 0 0 0 0 0 0 0 0 0 
0 0 0 0 0 0 0 0 0 0 0 0 0 0 -5.95128 -11.2106 -15.8803 -20.5971 -25.2345 -29.8362 -34.341 -38.7152 -42.9114 -46.8896 -50.6139 -54.0559 -57.1929 -60.0042 -62.4726 -64.5864 -66.3384 -67.7237 -68.7377 -69.375 -69.6294 -69.4948 -68.9669 -68.0444 -66.7292 -65.0255 -62.9404 -60.4843 -57.6727 -54.5263 -51.0688 -47.3249 -43.3241 -39.1029 -34.701 -30.1653 -25.5286 -20.8516 -16.0886 -11.3664 -6.03877 0 0 0 0 0 0 0 0 0 0 0 0 0 0 
0 0 0 0 0 0 0 0 0 0 0 0 0 0 0 -4.90999 -8.42939 -12.9273 -17.1935 -21.5829 -25.8668 -30.0504 -34.0559 -37.8429 -41.3697 -44.6117 -47.553 -50.1725 -52.4529 -54.3866 -55.9732 -57.2155 -58.1161 -58.6759 -58.8938 -58.7666 -58.2908 -57.4622 -56.2771 -54.7317 -52.8241 -50.5564 -47.9386 -44.9903 -41.7347 -38.1893 -34.3794 -30.3474 -26.1338 -21.8165 -17.3895 -13.0828 -8.53679 -4.9758 0 0 0 0 0 0 0 0 0 0 0 0 0 0 0 
0 0 0 0 0 0 0 0 0 0 0 0 0 0 0 0 0 -5.48919 -9.02944 -13.4351 -17.4928 -21.5639 -25.4188 -29.0565 -32.4102 -35.4682 -38.2351 -40.6797 -42.7799 -44.5339 -45.9523 -47.0489 -47.8352 -48.3189 -48.5031 -48.3872 -47.9674 -47.2367 -46.1852 -44.8002 -43.0679 -40.9785 -38.5352 -35.7616 -32.6905 -29.318 -25.6566 -21.7738 -17.6703 -13.5776 -9.13007 -5.55321 0 0 0 0 0 0 0 0 0 0 0 0 0 0 0 0 0 
0 0 0 0 0 0 0 0 0 0 0 0 0 0 0 0 0 0 0 -5.6351 -9.10535 -13.2935 -16.999 -20.554 -23.7465 -26.6159 -29.2394 -31.5314 -33.4531 -35.0169 -36.2533 -37.1926 -37.8571 -38.2613 -38.4125 -38.3117 -37.9548 -37.3319 -36.4268 -35.2159 -33.6687 -31.7546 -29.462 -26.8306 -23.9476 -20.7357 -17.1554 -13.4206 -9.19609 -5.69342 0 0 0 0 0 0 0 0 0 0 0 0 0 0 0 0 0 0 0 
0 0 0 0 0 0 0 0 0 0 0 0 0 0 0 0 0 0 0 0 0 -5.50581 -8.72973 -12.4141 -15.4058 -18.0093 -20.5753 -22.7534 -24.4843 -25.827 -26.8516 -27.6109 -28.1393 -28.4569 -28.5738 -28.4923 -28.2081 -27.7093 -26.9743 -25.9679 -24.6363 -22.9092 -20.7275 -18.1512 -15.5336 -12.5217 -8.80859 -5.55731 0 0 0 0 0 0 0 0 0 0 0 0 0 0 0 0 0 0 0 0 0 
0 0 0 0 0 0 0 0 0 0 0 0 0 0 0 0 0 0 0 0 0 0 0 -4.96684 -7.45326 -9.44042 -12.2991 -14.4224 -15.9038 -16.9553 -17.7151 -18.2601 -18.6322 -18.8532 -18.9335 -18.8758 -18.6761 -18.3229 -17.7934 -17.0449 -15.9996 -14.5184 -12.3875 -9.51317 -7.51392 -5.0089 0 0 0 0 0 0 0 0 0 0 0 0 0 0 0 0 0 0 0 0 0 0 0 
0 0 0 0 0 0 0 0 0 0 0 0 0 0 0 0 0 0 0 0 0 0 0 0 0 0 -4.75812 -6.73343 -7.75317 -8.37543 -8.79322 -9.08238 -9.27617 -9.39013 -9.43118 -9.40112 -9.29753 -9.11293 -8.83126 -8.41875 -7.79887 -6.7771 -4.79116 0 0 0 0 0 0 0 0 0 0 0 0 0 0 0 0 0 0 0 0 0 0 0 0 0 0 
0 0 0 0 0 0 0 0 0 0 0 0 0 0 0 0 0 0 0 0 0 0 0 0 0 0 0 0 0 0 0 0 0 0 0 0 0 0 0 0 0 0 0 0 0 0 0 0 0 0 0 0 0 0 0 0 0 0 0 0 0 0 0 0 0 0 0 0 0 
