0 0 0 0 0 0 0 0 0 0 0 0 0 0 0 0 0 0 0 0 0 0 0 0 0 0 0 0 0 0 0 0 0 0 0 0 0 0 0 0 0 0 0 0 0 0 0 0 0 0 0 0 0 0 0 0 0 0 0 0 0 0 0 0 0 0 0 0 0 
0 0 0 0 0 0 0 0 0 0 0 0 0 0 0 0 0 0 0 0 0 0 0 0 0 0 -2.49581 -3.53124 -4.06494 -4.38974 -4.60698 -4.75655 -4.8561 -4.91395 -4.93396 -4.91724 -4.86266 -4.76637 -4.61992 -4.40553 -4.08286 -3.54968 -2.51075 0 0 0 0 0 0 0 0 0 0 0 0 0 0 0 0 0 0 0 0 0 0 0 0 0 0 
0 0 0 0 0 0 0 0 0 0 0 0 0 0 0 0 0 0 0 0 0 0 0 -2.60659 -3.91118 -4.95332 -6.45202 -7.5642 -8.33878 -8.88705 -9.28161 -9.56315 -9.75388 -9.86575 -9.90464 -9.87232 -9.76704 -9.58288 -9.3078 -8.91933 -8.37625 -7.60511 -6.4933 -4.99076 -3.94539 -2.63218 0 0 0 0 0 0 0 0 0 0 0 0 0 0 0 0 0 0 0 0 0 0 0 
0 0 0 0 0 0 0 0 0 0 0 0 0 0 0 0 0 0 0 0 0 -2.88976 -4.58174 -6.5152 -8.08479 -9.45009 -10.7947 -11.9348 -12.8389 -13.5381 -14.0692 -14.4605 -14.7305 -14.8905 -14.9465 -14.9004 -14.7503 -14.4903 -14.1091 -13.5877 -12.8977 -12.0012 -10.8666 -9.52434 -8.15863 -6.58334 -4.63632 -2.92807 0 0 0 0 0 0 0 0 0 0 0 0 0 0 0 0 0 0 0 0 0 
0 0 0 0 0 0 0 0 0 0 0 0 0 0 0 0 0 0 0 -2.95791 -4.77921 -6.97728 -8.92202 -10.7877 -12.4627 -13.9675 -15.3421 -16.5412 -17.5441 -18.3571 -18.9968 -19.4792 -19.8172 -20.0193 -20.0905 -20.0324 -19.8435 -19.519 -19.0504 -18.4248 -17.6255 -16.6355 -15.4475 -14.0814 -12.5815 -10.9062 -9.03389 -7.07597 -4.85515 -3.00956 0 0 0 0 0 0 0 0 0 0 0 0 0 0 0 0 0 0 0 
0 0 0 0 0 0 0 0 0 0 0 0 0 0 0 0 0 -2.88235 -4.74047 -7.05241 -9.18167 -11.3181 -13.3414 -15.2507 -17.0109 -18.6151 -20.065 -21.3437 -22.439 -23.3496 -24.0814 -24.6424 -25.0397 -25.2791 -25.3638 -25.2951 -25.0722 -24.6919 -24.1488 -23.4356 -22.5441 -21.4677 -20.2067 -18.7721 -17.1796 -15.4261 -13.517 -11.4868 -9.33506 -7.18309 -4.83747 -2.94623 0 0 0 0 0 0 0 0 0 0 0 0 0 0 0 0 0 
0 0 0 0 0 0 0 0 0 0 0 0 0 0 0 -2.58033 -4.42831 -6.78894 -9.02711 -11.3296 -13.5769 -15.7722 -17.8746 -19.863 -21.715 -23.4169 -24.9592 -26.3298 -27.5186 -28.521 -29.337 -29.9691 -30.4203 -30.6934 -30.7905 -30.7122 -30.4583 -30.0275 -29.4173 -28.6249 -27.6475 -26.4845 -25.1394 -23.6207 -21.9389 -20.1017 -18.1213 -16.0191 -13.8152 -11.5503 -9.22057 -6.94744 -4.54042 -2.64995 0 0 0 0 0 0 0 0 0 0 0 0 0 0 0 
0 0 0 0 0 0 0 0 0 0 0 0 0 0 -3.12993 -5.89302 -8.34395 -10.818 -13.2494 -15.662 -18.0242 -20.3191 -22.5219 -24.6118 -26.5692 -28.3782 -30.0252 -31.4975 -32.7845 -33.8787 -34.7766 -35.4766 -35.9789 -36.284 -36.3924 -36.3048 -36.0214 -35.5424 -34.8681 -33.999 -32.9364 -31.6835 -30.2459 -28.6323 -26.8534 -24.9205 -22.8476 -20.6529 -18.3565 -15.9823 -13.5471 -11.0826 -8.56429 -6.05938 -3.2237 0 0 0 0 0 0 0 0 0 0 0 0 0 0 
0 0 0 0 0 0 0 0 0 0 0 0 0 -3.49815 -6.62668 -9.51788 -12.2365 -14.8897 -17.4906 -20.0446 -22.539 -24.9579 -27.2822 -29.4931 -31.5718 -33.5014 -35.2659 -36.8507 -38.243 -39.433 -40.4139 -41.1819 -41.7347 -42.0711 -42.1905 -42.0932 -41.78 -41.2527 -40.5137 -39.5666 -38.4157 -37.067 -35.5283 -33.8094 -31.922 -29.8791 -27.6957 -25.3885 -22.9755 -20.4752 -17.9029 -15.2714 -12.5748 -9.79959 -6.83542 -3.615 0 0 0 0 0 0 0 0 0 0 0 0 0 
0 0 0 0 0 0 0 0 0 0 0 -2.49881 -4.50859 -7.36593 -10.3608 -13.3153 -16.1943 -19.0137 -21.7786 -24.487 -27.1292 -29.6911 -32.1561 -34.5064 -36.7236 -38.7897 -40.6864 -42.3964 -43.9039 -45.1962 -46.2642 -47.1024 -47.7069 -48.0751 -48.2054 -48.0975 -47.7528 -47.1745 -46.3675 -45.3379 -44.0929 -42.6406 -40.9908 -39.1549 -37.146 -34.9784 -32.6675 -30.2298 -27.6819 -25.0401 -22.3179 -19.5253 -16.664 -13.7287 -10.7034 -7.62458 -4.67666 -2.59638 0 0 0 0 0 0 0 0 0 0 0 
0 0 0 0 0 0 0 0 0 0 -2.74287 -5.48666 -8.16963 -11.0962 -14.1352 -17.1884 -20.2118 -23.1923 -26.1229 -28.9957 -31.7998 -34.5213 -37.1447 -39.6527 -42.0267 -44.2472 -46.2936 -48.1445 -49.78 -51.1836 -52.3445 -53.2565 -53.9153 -54.3171 -54.4586 -54.3385 -53.959 -53.3251 -52.4439 -51.3248 -49.9773 -48.4117 -46.6394 -44.6736 -42.5288 -40.2209 -37.7661 -35.1812 -32.4824 -29.6853 -26.8034 -23.848 -20.8271 -17.748 -14.6248 -11.5033 -8.48569 -5.70884 -2.85845 0 0 0 0 0 0 0 0 0 0 
0 0 0 0 0 0 0 0 0 -2.4972 -5.48481 -8.53534 -11.5871 -14.714 -17.8953 -21.0912 -24.2722 -27.4209 -30.525 -33.5732 -36.5527 -39.4498 -42.2488 -44.9328 -47.4833 -49.879 -52.0962 -54.1082 -55.888 -57.4136 -58.6737 -59.6639 -60.3807 -60.8195 -60.9734 -60.8388 -60.4199 -59.7227 -58.7584 -57.54 -56.0798 -54.3894 -52.4816 -50.3711 -48.0748 -45.6101 -42.9949 -40.2464 -37.3813 -34.4152 -31.3625 -28.2362 -25.0482 -21.8115 -18.5445 -15.278 -12.054 -8.89484 -5.72497 -2.61031 0 0 0 0 0 0 0 0 0 
0 0 0 0 0 0 0 0 0 -4.50401 -8.16381 -11.5828 -14.9294 -18.2775 -21.641 -25.0088 -28.3648 -31.694 -34.9832 -38.2191 -41.3882 -44.4762 -47.4678 -50.3467 -53.0945 -55.6893 -58.1039 -60.3042 -62.2501 -63.909 -65.2729 -66.3445 -67.1242 -67.6066 -67.7766 -67.6236 -67.1588 -66.3877 -65.3269 -63.9969 -62.4124 -60.5847 -58.5264 -56.2546 -53.789 -51.15 -48.357 -45.4283 -42.3811 -39.2316 -35.9952 -32.6861 -29.3181 -25.9053 -22.4636 -19.0103 -15.5575 -12.0915 -8.53626 -4.71628 0 0 0 0 0 0 0 0 0 
0 0 0 0 0 0 0 0 -3.49165 -7.35503 -11.0836 -14.7026 -18.2702 -21.8254 -25.3822 -28.9384 -32.4841 -36.0073 -39.4946 -42.9319 -46.3049 -49.5989 -52.7995 -55.8917 -58.8587 -61.6797 -64.3261 -66.7545 -68.8992 -70.6996 -72.1643 -73.3172 -74.1651 -74.7061 -74.9028 -74.7203 -74.2042 -73.3423 -72.1645 -70.7084 -68.9881 -67.0107 -64.7846 -62.3319 -59.6768 -56.8438 -53.8548 -50.7287 -47.4832 -44.1351 -40.7005 -37.1948 -33.6327 -30.0281 -26.3943 -22.7419 -19.0742 -15.3775 -11.6123 -7.71856 -3.67084 0 0 0 0 0 0 0 0 
0 0 0 0 0 0 0 -3.12169 -6.61157 -10.3408 -14.113 -17.8739 -21.6234 -25.3718 -29.1242 -32.8783 -36.6261 -40.3565 -44.0558 -47.7091 -51.3006 -54.8151 -58.2395 -61.5618 -64.7691 -67.8448 -70.7662 -73.4883 -75.8929 -77.8257 -79.3677 -80.5844 -81.5077 -82.1355 -82.3962 -82.1497 -81.5753 -80.5987 -79.2806 -77.6842 -75.813 -73.6837 -71.2694 -68.6116 -65.7423 -62.6936 -59.4896 -56.1485 -52.6879 -49.125 -45.477 -41.76 -37.9898 -34.1802 -30.3436 -26.489 -22.6198 -18.7322 -14.8167 -10.8748 -6.96479 -3.29397 0 0 0 0 0 0 0 
0 0 0 0 0 0 -2.57179 -5.8752 -9.49209 -13.2838 -17.1537 -21.0566 -24.9777 -28.9142 -32.8646 -36.8244 -40.7855 -44.7366 -48.6632 -52.5481 -56.3732 -60.1215 -63.7816 -67.3469 -70.8109 -74.1643 -77.4055 -80.5242 -83.2987 -85.3233 -86.8821 -88.0951 -89.0981 -89.8592 -90.2142 -89.8761 -89.2292 -88.1272 -86.6516 -84.9132 -82.8801 -80.6149 -77.9961 -75.1006 -71.986 -68.6989 -65.2614 -61.6879 -57.9948 -54.2002 -50.3222 -46.3786 -42.3861 -38.3594 -34.311 -30.2504 -26.1839 -22.1147 -18.0475 -13.9993 -10.0195 -6.21109 -2.72261 0 0 0 0 0 0 
0 0 0 0 0 0 -4.41198 -8.31522 -12.1978 -16.1484 -20.1615 -24.221 -28.3165 -32.4428 -36.5955 -40.7691 -44.955 -49.1413 -53.3121 -57.4471 -61.5224 -65.516 -69.4186 -73.2333 -76.9631 -80.5776 -84.1534 -87.7059 -90.8954 -93.0578 -94.605 -95.8003 -96.9124 -97.8083 -98.1317 -97.786 -97.1552 -95.9396 -94.2657 -92.3839 -90.2184 -87.8236 -84.9641 -81.7887 -78.397 -74.8509 -71.1685 -67.3469 -63.4034 -59.3587 -55.2331 -51.0462 -46.8166 -42.5602 -38.2905 -34.0179 -29.7507 -25.4952 -21.2592 -17.0555 -12.9028 -8.80825 -4.67937 0 0 0 0 0 0 
0 0 0 0 0 -2.86974 -6.7609 -10.7759 -14.8356 -18.9504 -23.123 -27.3493 -31.6247 -35.9449 -40.3057 -44.7014 -49.124 -53.5615 -57.9969 -62.4056 -66.7535 -71.0017 -75.1458 -79.2072 -83.1708 -86.9876 -90.8245 -94.5882 -98.0173 -100.539 -102.194 -103.554 -104.848 -105.837 -106.094 -105.82 -105.215 -103.88 -102.104 -100.102 -97.7945 -95.2535 -92.1105 -88.6286 -84.9449 -81.1367 -77.1996 -73.1272 -68.913 -64.5982 -60.2051 -55.7566 -51.2738 -46.7743 -42.2727 -37.7802 -33.3056 -28.8562 -24.4387 -20.0606 -15.728 -11.4397 -7.18662 -3.05462 0 0 0 0 0 
0 0 0 0 0 -4.71805 -8.98601 -13.1917 -17.4185 -21.6947 -26.0306 -30.4287 -34.8879 -39.4063 -43.9809 -48.607 -53.2781 -57.9838 -62.7084 -67.4251 -72.084 -76.5939 -80.9633 -85.2294 -89.3942 -93.4474 -97.4906 -101.378 -104.971 -107.874 -109.746 -111.353 -112.798 -113.873 -114.296 -114.15 -113.514 -112.046 -110.168 -108.039 -105.615 -102.901 -99.4446 -95.6107 -91.5987 -87.5233 -83.322 -79.0009 -74.5232 -69.9161 -65.2325 -60.5013 -55.7475 -50.9907 -46.2459 -41.5246 -36.8354 -32.1851 -27.5789 -23.0203 -18.5089 -14.036 -9.57277 -5.03184 0 0 0 0 0 
0 0 0 0 -2.94239 -7.01645 -11.2734 -15.5866 -19.9518 -24.3792 -28.8762 -33.4468 -38.092 -42.8117 -47.6045 -52.4677 -57.3974 -62.3873 -67.428 -72.5021 -77.5506 -82.3078 -86.8276 -91.2718 -95.6766 -100.028 -104.337 -108.425 -112.018 -115.072 -117.394 -119.378 -121.021 -122.232 -122.765 -122.608 -121.84 -120.377 -118.522 -116.282 -113.634 -110.64 -106.88 -102.727 -98.3775 -93.9446 -89.4448 -84.8816 -80.2018 -75.3104 -70.3075 -65.2686 -60.2243 -55.1951 -50.1956 -45.2368 -40.3264 -35.47 -30.6715 -25.9325 -21.2515 -16.6225 -12.0366 -7.49999 -3.14914 0 0 0 0 
0 0 0 0 -4.75309 -9.13202 -13.5044 -17.9294 -22.423 -26.9939 -31.6484 -36.3902 -41.2217 -46.144 -51.1576 -56.262 -61.4564 -66.74 -72.114 -77.5918 -83.105 -88.0826 -92.7222 -97.3831 -102.048 -106.721 -111.37 -115.801 -119.49 -122.687 -125.408 -127.675 -129.425 -130.671 -131.127 -130.953 -130.254 -128.987 -127.228 -124.899 -122.004 -118.786 -114.663 -110.06 -105.315 -100.494 -95.6734 -90.8727 -85.994 -80.7786 -75.4183 -70.0413 -64.6861 -59.3697 -54.1047 -48.9005 -43.7632 -38.6971 -33.7047 -28.7868 -23.9419 -19.166 -14.4513 -9.78232 -5.09657 0 0 0 0 
0 0 0 -2.87349 -6.93796 -11.2541 -15.6828 -20.2037 -24.8167 -29.5252 -34.3331 -39.2439 -44.2604 -49.3851 -54.6198 -59.9663 -65.4264 -71.0022 -76.6963 -82.5093 -88.3518 -93.5935 -98.5201 -103.47 -108.409 -113.44 -118.461 -123.288 -127.287 -130.769 -133.816 -136.354 -138.171 -139.402 -139.903 -139.831 -139.219 -138.068 -136.389 -133.913 -130.657 -127.046 -122.478 -117.401 -112.261 -107.111 -101.987 -96.9389 -91.829 -86.2627 -80.5267 -74.792 -69.1093 -63.4927 -57.9532 -52.4973 -47.1289 -41.8505 -36.6634 -31.568 -26.5635 -21.6481 -16.8201 -12.0815 -7.45482 -3.09085 0 0 0 
0 0 0 -4.55602 -8.87111 -13.2639 -17.7687 -22.386 -27.115 -31.9571 -36.915 -41.9919 -47.1911 -52.5161 -57.9701 -63.557 -69.2806 -75.1462 -81.1443 -87.2055 -93.1776 -98.6846 -104.063 -109.443 -114.743 -120.125 -125.468 -130.551 -135.099 -139.2 -142.65 -145.631 -147.551 -148.79 -149.363 -149.342 -148.702 -147.51 -145.879 -143.21 -139.414 -135.162 -130.189 -124.718 -119.23 -113.74 -108.287 -102.906 -97.3837 -91.5537 -85.5594 -79.4865 -73.4665 -67.5386 -61.718 -56.0066 -50.4046 -44.9124 -39.5304 -34.2584 -29.096 -24.0429 -19.0997 -14.2686 -9.55039 -4.90858 0 0 0 
0 0 -2.59274 -6.47946 -10.7266 -15.1614 -19.7424 -24.4566 -29.3002 -34.2733 -39.378 -44.6176 -49.9961 -55.5179 -61.1878 -67.0108 -72.993 -79.1425 -85.4693 -91.9254 -98.1602 -103.947 -109.752 -115.422 -120.975 -126.747 -132.564 -137.968 -143.076 -147.867 -151.765 -155.15 -157.39 -158.791 -159.447 -159.442 -158.728 -157.232 -155.02 -151.963 -148.106 -143.544 -138.191 -132.108 -126.102 -120.226 -114.446 -108.817 -102.969 -96.9226 -90.5945 -84.1049 -77.7238 -71.4771 -65.3738 -59.4064 -53.5704 -47.8643 -42.2874 -36.8391 -31.5191 -26.3279 -21.2672 -16.3428 -11.5696 -6.99307 -2.80038 0 0 
0 0 -3.8915 -8.0425 -12.3944 -16.9128 -21.5827 -26.3978 -31.3559 -36.4578 -41.7059 -47.1043 -52.6578 -58.3718 -64.2523 -70.3054 -76.5382 -82.9615 -89.6078 -96.4232 -102.94 -109.076 -115.315 -121.275 -127.121 -133.246 -139.464 -145.335 -150.905 -156.115 -160.697 -164.597 -167.527 -169.357 -170.214 -170.27 -169.451 -167.624 -164.68 -161.085 -156.969 -151.947 -146.044 -139.402 -132.838 -126.542 -120.346 -114.349 -108.344 -102.252 -95.5317 -88.5515 -81.8048 -75.2646 -68.8936 -62.6747 -56.6064 -50.6871 -44.9157 -39.2914 -33.8136 -28.4822 -23.2984 -18.2658 -13.392 -8.69374 -4.20846 0 0 
0 0 -4.93077 -9.4046 -13.8958 -18.5126 -23.2779 -28.1959 -33.2679 -38.496 -43.8837 -49.436 -55.1589 -61.0591 -67.144 -73.4205 -79.8927 -86.5577 -93.3966 -100.319 -107.083 -113.732 -120.424 -126.773 -133.079 -139.621 -146.27 -152.789 -159.06 -164.86 -170.198 -174.607 -178.119 -180.524 -181.706 -181.915 -180.933 -178.59 -174.815 -170.484 -165.712 -160.155 -153.559 -146.495 -139.458 -132.654 -125.967 -119.583 -113.452 -107.203 -100.065 -92.7033 -85.6661 -78.876 -72.2588 -65.7924 -59.4934 -53.362 -47.397 -41.5973 -35.9616 -30.4889 -25.1785 -20.0299 -15.0391 -10.1814 -5.3397 0 0 
0 -2.48707 -6.42699 -10.7493 -15.2717 -19.964 -24.8204 -29.84 -35.0237 -40.3745 -45.8969 -51.5972 -57.4826 -63.5619 -69.8443 -76.3396 -83.0546 -89.9694 -97.0353 -104.118 -111.108 -118.169 -125.25 -132.035 -138.847 -145.903 -153.127 -160.417 -167.592 -173.958 -179.957 -185.174 -189.569 -192.746 -194.251 -194.515 -193.057 -189.915 -185.342 -180.105 -174.268 -167.908 -160.902 -153.567 -145.919 -138.49 -131.278 -124.398 -117.805 -111.119 -103.892 -96.4545 -89.2357 -82.2635 -75.4403 -68.7401 -62.213 -55.8705 -49.7129 -43.7391 -37.9468 -32.3333 -26.8967 -21.6362 -16.553 -11.6531 -6.96893 -2.69789 0 
0 -3.5213 -7.54083 -11.8939 -16.4776 -21.2511 -26.1998 -31.32 -36.6125 -42.0814 -47.7324 -53.5731 -59.6126 -65.8614 -72.3317 -79.0391 -86.0146 -93.2174 -100.586 -107.879 -115.066 -122.403 -129.86 -137.146 -144.463 -152.067 -159.976 -168.16 -176.394 -183.474 -190.251 -196.456 -201.838 -205.789 -207.688 -207.938 -206.048 -202.145 -196.642 -190.247 -183.23 -175.856 -168.306 -160.611 -152.244 -144.123 -136.316 -128.864 -121.742 -114.634 -107.335 -99.8524 -92.5526 -85.4512 -78.4196 -71.4985 -64.7478 -58.1941 -51.845 -45.6994 -39.753 -34.0009 -28.4388 -23.0653 -17.8837 -12.909 -8.18505 -3.82263 0 
0 -4.05728 -8.3212 -12.8077 -17.4939 -22.363 -27.4078 -32.6275 -38.025 -43.6061 -49.3781 -55.3502 -61.5331 -67.9394 -74.582 -81.4714 -88.6511 -96.0647 -103.675 -111.221 -118.79 -126.504 -134.454 -142.145 -149.845 -157.976 -166.525 -175.327 -184.293 -192.747 -200.976 -208.448 -214.878 -219.791 -222.534 -222.955 -220.647 -215.673 -208.823 -201.04 -192.712 -184.169 -175.668 -167.176 -158.137 -149.401 -141.05 -133.066 -125.401 -117.902 -110.435 -102.968 -95.6809 -88.5254 -81.2464 -74.0826 -67.0855 -60.3133 -53.7735 -47.4605 -41.3651 -35.4783 -29.7924 -24.3023 -19.0074 -13.9142 -9.03964 -4.40759 0 
0 -4.38664 -8.87902 -13.5217 -18.3273 -23.2993 -28.441 -33.7571 -39.254 -44.9399 -50.8238 -56.9166 -63.2304 -69.7811 -76.5799 -83.6075 -90.9379 -98.5553 -106.388 -114.216 -122.167 -130.271 -138.655 -146.695 -154.817 -163.514 -172.758 -182.359 -192.236 -202.286 -212.315 -221.424 -229.369 -235.735 -239.551 -240.075 -236.982 -230.485 -221.864 -212.325 -202.394 -192.447 -182.74 -173.121 -163.499 -154.249 -145.437 -137.016 -128.907 -121.091 -113.452 -106 -98.7527 -91.5878 -83.9518 -76.4715 -69.1984 -62.2001 -55.4753 -49.0038 -42.7686 -36.7549 -30.9501 -25.3442 -19.9295 -14.7006 -9.65178 -4.76807 0 
0 -4.61024 -9.28657 -14.0728 -18.9941 -24.066 -29.2998 -34.7058 -40.2942 -46.0755 -52.0608 -58.2618 -64.6907 -71.361 -78.2784 -85.4206 -92.8226 -100.477 -108.381 -116.423 -124.706 -133.204 -141.777 -150.2 -159.011 -168.438 -178.504 -189.122 -200.072 -211.53 -223.247 -234.608 -245.277 -254.161 -259.7 -260.304 -255.616 -246.801 -235.793 -223.967 -212.148 -200.643 -189.614 -178.83 -168.492 -158.675 -149.423 -140.652 -132.208 -124.094 -116.26 -108.731 -101.425 -94.1653 -86.298 -78.5273 -71.0091 -63.8133 -56.9237 -50.311 -43.9506 -37.8224 -31.909 -26.195 -20.6659 -15.3068 -10.0988 -5.01291 0 
0 -4.76775 -9.58421 -14.4888 -19.5105 -24.6707 -29.9864 -35.4721 -41.1413 -47.0071 -53.0822 -59.3791 -65.9096 -72.6843 -79.711 -86.9654 -94.4395 -102.141 -110.093 -118.254 -126.745 -135.478 -144.239 -153.119 -162.571 -172.732 -183.721 -195.361 -207.436 -220.4 -234.095 -248.328 -262.808 -275.654 -284.336 -285.246 -277.977 -265.213 -250.505 -235.587 -221.501 -208.334 -195.936 -184.076 -172.97 -162.622 -152.983 -143.889 -135.158 -126.795 -118.786 -111.07 -103.53 -96.0981 -88.2039 -80.2287 -72.4851 -65.1203 -58.0954 -51.3658 -44.9005 -38.6752 -32.6685 -26.8607 -21.2323 -15.7619 -10.4239 -5.18471 0 
0 -4.87654 -9.79375 -14.7877 -19.8883 -25.1199 -30.5029 -36.0549 -41.792 -47.7294 -53.8818 -60.2627 -66.8842 -73.754 -80.8695 -88.208 -95.809 -103.592 -111.558 -119.755 -128.273 -137.049 -146.044 -155.385 -165.362 -176.091 -187.752 -200.127 -213.488 -228.185 -244.226 -261.827 -281.27 -300.835 -316.479 -318.045 -305.761 -285.552 -265.307 -246.401 -229.646 -214.669 -200.922 -188.317 -176.672 -165.897 -156.014 -146.73 -137.66 -128.986 -120.801 -112.876 -105.171 -97.568 -89.4973 -81.3697 -73.5432 -66.0875 -58.9717 -52.1562 -45.6105 -39.3093 -33.229 -27.3472 -21.6408 -16.0847 -10.65 -5.30208 0 
0 -4.94467 -9.92653 -14.98 -20.1351 -25.4178 -30.8504 -36.4525 -42.2423 -48.2368 -54.4527 -60.9058 -67.6105 -74.5781 -81.7954 -89.2048 -96.9058 -104.803 -112.813 -120.993 -129.465 -138.23 -147.355 -156.984 -167.23 -178.206 -190.305 -203.326 -217.604 -233.663 -251.937 -273.14 -298.652 -329.046 -356.589 -358.083 -338.092 -305.478 -277.84 -254.802 -235.515 -219.037 -204.453 -191.472 -179.517 -168.402 -158.362 -149.058 -139.708 -130.662 -122.227 -113.962 -105.982 -98.0706 -89.9976 -81.9637 -74.1924 -66.7149 -59.5479 -52.6766 -46.0762 -39.7224 -33.591 -27.6582 -21.8989 -16.2861 -10.7893 -5.37362 0 
0 -4.97563 -9.98774 -15.0705 -20.2543 -25.5659 -31.0284 -36.6626 -42.4879 -48.5229 -54.7864 -61.2973 -68.074 -75.1305 -82.459 -89.9613 -97.753 -105.829 -113.966 -122.02 -130.333 -139.005 -148.147 -157.93 -168.304 -179.389 -191.667 -205.08 -219.828 -236.615 -256.181 -279.958 -310.602 -349.811 -382.651 -381.334 -357.067 -316.902 -284.198 -258.981 -238.56 -221.311 -206.462 -193.44 -181.39 -169.934 -159.532 -149.918 -140.456 -131.53 -123.189 -114.714 -106.478 -98.3744 -90.3183 -82.3022 -74.5233 -67.0241 -59.8283 -52.926 -46.2954 -39.9129 -33.7545 -27.7957 -22.0106 -16.3716 -10.8474 -5.40313 0 
0 -4.9701 -9.97831 -15.0599 -20.2459 -25.563 -31.0346 -36.6815 -42.5237 -48.5806 -54.8727 -61.4228 -68.2578 -75.4128 -82.8828 -90.4352 -98.257 -106.471 -114.784 -122.746 -130.816 -139.343 -148.41 -158.142 -168.54 -179.702 -191.892 -205.268 -220.052 -236.859 -256.45 -280.392 -311.396 -350.997 -382.263 -379.798 -351.693 -313.35 -282.508 -258.19 -238.287 -221.203 -206.597 -193.749 -181.805 -170.309 -159.727 -149.926 -140.413 -131.538 -123.192 -114.775 -106.61 -98.6538 -90.4875 -82.3821 -74.5477 -67.024 -59.8153 -52.9038 -46.2665 -39.8794 -33.7185 -27.7593 -21.9764 -16.3421 -10.8256 -5.39148 0 
0 -4.92648 -9.89549 -14.9449 -20.1063 -25.4057 -30.8654 -36.5053 -42.3447 -48.4029 -54.7011 -61.2636 -68.1216 -75.3244 -82.8618 -90.4211 -98.2212 -106.457 -114.936 -123.106 -130.868 -139.11 -147.999 -157.549 -167.875 -179.025 -190.956 -203.948 -218.277 -234.279 -252.329 -273.705 -299.614 -330.423 -353.424 -351.019 -327.294 -298.954 -274.057 -252.744 -234.55 -218.505 -204.486 -191.966 -180.425 -169.355 -158.804 -148.979 -139.576 -130.768 -122.497 -114.417 -106.567 -98.8794 -90.4874 -82.1689 -74.2504 -66.709 -59.5052 -52.6073 -45.9873 -39.6198 -33.4807 -27.5466 -21.7934 -16.195 -10.7215 -5.33718 0 
0 -4.84032 -9.73229 -14.7179 -19.8286 -25.0881 -30.5159 -36.1297 -41.9468 -47.9854 -54.2653 -60.8087 -67.6406 -74.7873 -82.2441 -89.8369 -97.6895 -105.974 -114.626 -122.972 -130.37 -138.193 -146.805 -156.033 -166.018 -176.847 -188.448 -200.922 -214.409 -229.035 -244.673 -262.328 -281.476 -300.554 -313.324 -312.218 -298.706 -280.49 -261.708 -244.101 -228.176 -213.701 -200.701 -188.964 -177.975 -167.373 -157.052 -147.348 -138.133 -129.466 -121.413 -113.726 -106.115 -98.432 -89.9397 -81.5189 -73.576 -66.0562 -58.8892 -52.0329 -45.4557 -39.1317 -33.038 -27.153 -21.4556 -15.923 -10.528 -5.23579 0 
0 -4.7025 -9.4754 -14.3659 -19.4022 -24.6023 -29.9805 -35.5507 -41.3274 -47.3265 -53.5659 -60.0653 -66.8449 -73.9216 -81.2948 -88.894 -96.7659 -105.048 -113.503 -121.414 -128.835 -136.542 -144.884 -153.778 -163.34 -173.599 -184.58 -196.295 -208.495 -221.273 -234.649 -248.836 -262.686 -274.613 -281.659 -281.26 -273.838 -261.947 -248.044 -233.75 -220.1 -207.369 -195.673 -184.995 -174.735 -164.734 -154.694 -145.135 -136.152 -127.672 -119.746 -112.147 -104.549 -96.6901 -88.443 -80.2836 -72.4786 -65.0505 -57.9627 -51.1793 -44.6709 -38.4135 -32.3864 -26.5718 -20.953 -15.5133 -10.2319 -5.07795 0 
0 -4.4943 -9.10085 -13.8682 -18.8119 -23.9382 -29.2532 -34.7653 -40.4855 -46.4273 -52.6066 -59.0416 -65.7522 -72.7592 -80.0665 -87.6188 -95.5239 -103.74 -111.764 -119.209 -126.722 -134.307 -142.304 -150.812 -159.967 -169.668 -179.754 -190.37 -201.345 -212.467 -223.813 -235.025 -245.056 -253.063 -257.453 -257.215 -252.512 -244.414 -234.035 -222.552 -211.05 -199.961 -189.515 -179.794 -170.477 -161.179 -151.517 -142.239 -133.542 -125.369 -117.581 -109.941 -102.5 -94.733 -86.6627 -78.6672 -71.0042 -63.7046 -56.7317 -50.0506 -43.6353 -37.4648 -31.5225 -25.7948 -20.2715 -14.9452 -9.8084 -4.84409 0 
0 -4.17384 -8.56546 -13.1942 -18.0391 -23.0854 -28.3287 -33.7718 -39.4221 -45.2907 -51.3916 -57.7422 -64.3631 -71.28 -78.5041 -86.0068 -94.0046 -102.236 -109.792 -116.761 -124.023 -131.431 -139.156 -147.296 -156.034 -165.223 -174.464 -183.989 -193.71 -203.287 -212.886 -221.89 -229.319 -234.966 -237.902 -237.697 -234.375 -228.434 -220.418 -211.207 -201.609 -191.995 -182.717 -173.847 -165.285 -156.388 -147.277 -138.567 -130.344 -122.658 -115.119 -107.464 -100.045 -92.2974 -84.3672 -76.5902 -69.1488 -62.032 -55.2088 -48.6563 -42.3547 -36.2881 -30.4438 -24.8133 -19.393 -14.1876 -9.21241 -4.49002 0 
0 -3.6356 -7.79296 -12.304 -17.0649 -22.0357 -27.2046 -32.571 -38.1404 -43.9216 -49.9271 -56.1724 -62.6779 -69.4721 -76.583 -84.0097 -91.8547 -99.6534 -106.726 -113.585 -120.711 -127.931 -135.445 -143.274 -151.535 -160.115 -168.506 -177.007 -185.49 -193.86 -202.098 -209.427 -215.175 -219.457 -221.542 -221.283 -218.735 -214.231 -207.883 -200.297 -192.158 -183.756 -175.489 -167.485 -159.641 -151.183 -142.569 -134.35 -126.581 -119.326 -112.068 -104.481 -96.9921 -89.2712 -81.6099 -74.1573 -66.9757 -60.0657 -53.4153 -47.0109 -40.8392 -34.889 -29.1514 -23.6214 -18.2998 -13.1996 -8.36365 -3.90358 0 
0 -2.57559 -6.66677 -11.164 -15.8806 -20.7879 -25.8827 -31.1674 -36.6468 -42.3284 -48.2226 -54.3424 -60.7042 -67.3294 -74.2467 -81.4688 -88.9189 -96.1763 -103.116 -110.085 -117.138 -124.122 -131.401 -138.897 -146.579 -154.519 -162.208 -169.805 -177.157 -184.372 -191.402 -197.539 -202.396 -205.99 -207.652 -207.213 -204.961 -201.293 -196.177 -189.89 -182.94 -175.533 -168.043 -160.607 -153.182 -145.316 -137.369 -129.692 -122.378 -115.458 -108.415 -100.906 -93.4061 -85.9397 -78.6009 -71.4531 -64.5312 -57.8397 -51.3759 -45.1328 -39.1024 -33.2772 -27.6515 -22.2213 -16.9852 -11.9474 -7.139 -2.76064 0 
0 0 -5.13449 -9.8047 -14.5058 -19.3525 -24.3711 -29.569 -34.9509 -40.5227 -46.2926 -52.2703 -58.4672 -64.8948 -71.5609 -78.4574 -85.5107 -92.4964 -99.4366 -106.482 -113.458 -120.152 -127.127 -134.276 -141.346 -148.52 -155.464 -162.228 -168.748 -175.046 -181.039 -186.308 -190.661 -193.92 -195.48 -194.833 -192.696 -189.578 -185.401 -180.151 -174.134 -167.436 -160.452 -153.546 -146.629 -139.299 -131.854 -124.622 -117.698 -111.044 -104.177 -96.9181 -89.6165 -82.4403 -75.3959 -68.5275 -61.8563 -55.3861 -49.1158 -43.042 -37.1602 -31.466 -25.9559 -20.6269 -15.4725 -10.4656 -5.48436 0 0 
0 0 -4.06648 -8.41448 -12.9854 -17.7451 -22.6803 -27.7867 -33.065 -38.519 -44.1546 -49.9791 -55.9995 -62.2215 -68.6449 -75.2558 -82.0119 -88.8189 -95.626 -102.497 -109.254 -115.788 -122.479 -129.177 -135.676 -142.164 -148.474 -154.602 -160.476 -166.05 -171.268 -175.898 -179.738 -182.45 -183.635 -183.043 -181.3 -178.582 -175.042 -170.703 -165.491 -159.414 -152.812 -146.256 -139.743 -133.062 -126.128 -119.248 -112.56 -106.036 -99.3682 -92.5054 -85.577 -78.7208 -71.9862 -65.4006 -58.9804 -52.7326 -46.6592 -40.7592 -35.0304 -29.4708 -24.0794 -18.8578 -13.8123 -8.95819 -4.33282 0 0 
0 0 -2.71696 -6.80135 -11.2762 -15.9623 -20.8181 -25.8324 -31.0034 -36.3337 -41.828 -47.4917 -53.3303 -59.3469 -65.5413 -71.9064 -78.4276 -85.0825 -91.822 -98.5649 -105.044 -111.285 -117.552 -123.729 -129.823 -135.889 -141.621 -147.167 -152.464 -157.403 -161.981 -166.056 -169.347 -171.562 -172.601 -172.221 -170.75 -168.251 -165.089 -161.201 -156.364 -150.861 -144.875 -138.864 -132.881 -126.782 -120.235 -113.705 -107.302 -100.965 -94.5801 -88.0943 -81.4576 -74.8834 -68.4288 -62.1083 -55.9319 -49.9049 -44.0292 -38.3051 -32.7314 -27.3073 -22.033 -16.9128 -11.9606 -7.22206 -2.88872 0 0 
0 0 0 -4.7978 -9.35566 -14.0097 -18.7976 -23.7215 -28.7825 -33.9844 -39.3317 -44.8297 -50.4828 -56.2946 -62.267 -68.4017 -74.7033 -81.1927 -87.8936 -94.6308 -100.908 -106.804 -112.683 -118.334 -124.039 -129.782 -135.02 -140.055 -144.881 -149.156 -153.135 -156.737 -159.653 -161.484 -162.456 -162.449 -161.248 -158.743 -155.534 -151.684 -147.157 -142.223 -136.893 -131.402 -125.809 -120.087 -114.08 -108.028 -101.964 -95.9018 -89.8478 -83.702 -77.2715 -70.9318 -64.7374 -58.6719 -52.7341 -46.9256 -41.2478 -35.7005 -30.283 -24.9939 -19.8324 -14.7997 -9.8954 -5.08069 0 0 0 
0 0 0 -3.0342 -7.33898 -11.9232 -16.6412 -21.4733 -26.4209 -31.4895 -36.6849 -42.0126 -47.4768 -53.0815 -58.8306 -64.7306 -70.7966 -77.0692 -83.597 -90.1993 -96.3611 -102.133 -107.766 -112.856 -117.953 -123.194 -128.223 -133.159 -137.733 -141.31 -144.628 -147.692 -150.276 -152.035 -152.988 -153.224 -152.236 -149.727 -146.411 -142.613 -138.419 -133.917 -129.072 -123.988 -118.782 -113.442 -107.941 -102.318 -96.6031 -90.7296 -84.8604 -78.973 -72.868 -66.835 -60.9171 -55.1078 -49.4069 -43.8158 -38.3356 -32.9662 -27.7062 -22.5528 -17.5032 -12.5583 -7.74055 -3.20531 0 0 0 
0 0 0 0 -5.04287 -9.70297 -14.3706 -19.1096 -23.9383 -28.8677 -33.906 -39.0588 -44.3304 -49.724 -55.2433 -60.8934 -66.684 -72.6318 -78.7471 -84.9107 -90.8403 -96.5822 -102.141 -107.045 -111.763 -116.611 -121.425 -126.006 -130.102 -133.29 -136.295 -139.049 -141.423 -143.245 -144.241 -144.485 -143.5 -141.041 -137.729 -134.045 -130.067 -125.827 -121.345 -116.658 -111.876 -106.971 -101.984 -96.7251 -91.2622 -85.4894 -79.7564 -74.0838 -68.3326 -62.6232 -56.988 -51.4354 -45.97 -40.5952 -35.3127 -30.1226 -25.0228 -20.008 -15.0693 -10.1896 -5.30322 0 0 0 0 
0 0 0 0 -3.12953 -7.47524 -12.0286 -16.6562 -21.3549 -26.1372 -31.0124 -35.9863 -41.0618 -46.2409 -51.5251 -56.9158 -62.4143 -68.0195 -73.7181 -79.4447 -85.0684 -90.6301 -96.0314 -100.87 -105.334 -109.944 -114.469 -118.419 -122.074 -125.25 -128.175 -130.777 -133.059 -134.923 -135.907 -135.956 -134.744 -132.317 -129.179 -125.665 -121.915 -117.967 -113.808 -109.48 -105.081 -100.58 -95.972 -90.8456 -85.5217 -80.0615 -74.6105 -69.1825 -63.7462 -58.3372 -52.9763 -47.6756 -42.4426 -37.2821 -32.1972 -27.1888 -22.2544 -17.387 -12.5763 -7.82769 -3.28273 0 0 0 0 
0 0 0 0 0 -5.03992 -9.61224 -14.1316 -18.6881 -23.3136 -28.0202 -32.8121 -37.6897 -42.6528 -47.7004 -52.8303 -58.0379 -63.3137 -68.6372 -73.9703 -79.2503 -84.4599 -89.5841 -94.4106 -98.6863 -102.99 -107.264 -110.918 -114.338 -117.47 -120.353 -122.815 -124.884 -126.58 -127.508 -127.336 -125.948 -123.617 -120.793 -117.489 -113.982 -110.317 -106.478 -102.443 -98.3266 -94.0869 -89.6226 -84.736 -79.6934 -74.5722 -69.4253 -64.2786 -59.1327 -54.003 -48.9044 -43.8483 -38.8426 -33.8935 -29.0053 -24.1808 -19.4189 -14.7093 -10.0211 -5.26215 0 0 0 0 0 
0 0 0 0 0 -3.07219 -7.24885 -11.5699 -15.9524 -20.4087 -24.9429 -29.552 -34.2321 -38.9802 -43.7934 -48.667 -53.5935 -58.5601 -63.5467 -68.5242 -73.4585 -78.3198 -83.0686 -87.6076 -91.7602 -95.8797 -99.8978 -103.426 -106.738 -109.923 -112.888 -115.175 -116.871 -118.18 -118.881 -118.483 -117.155 -115.1 -112.643 -109.507 -106.221 -102.872 -99.3262 -95.5016 -91.6527 -87.6877 -83.3186 -78.6552 -73.8992 -69.0854 -64.2383 -59.374 -54.5029 -49.6376 -44.7901 -39.9704 -35.1862 -30.444 -25.7498 -21.1103 -16.5312 -12.0102 -7.53685 -3.19975 0 0 0 0 0 
0 0 0 0 0 0 -4.74106 -8.9468 -13.143 -17.4259 -21.7908 -26.221 -30.7065 -35.2426 -39.8258 -44.4508 -49.1089 -53.7866 -58.4653 -63.1212 -67.7274 -72.2578 -76.6785 -80.9168 -84.9057 -88.7518 -92.4341 -95.8647 -99.1712 -102.405 -105.3 -107.391 -108.73 -109.68 -110.27 -109.646 -108.317 -106.5 -104.29 -101.488 -98.5297 -95.5241 -92.2916 -88.6504 -84.9803 -81.2071 -77.0293 -72.6254 -68.1542 -63.6321 -59.0683 -54.476 -49.8674 -45.2545 -40.648 -36.0569 -31.4878 -26.9464 -22.4395 -17.9795 -13.5853 -9.26358 -4.91628 0 0 0 0 0 0 
0 0 0 0 0 0 -2.76857 -6.33322 -10.2468 -14.3613 -18.5733 -22.8346 -27.1302 -31.4579 -35.8165 -40.2017 -44.6046 -49.0121 -53.4068 -57.768 -62.0722 -66.2942 -70.4059 -74.3685 -78.15 -81.7663 -85.1963 -88.4403 -91.5949 -94.6464 -97.2466 -99.055 -100.227 -100.965 -101.358 -100.742 -99.6797 -98.2212 -96.192 -93.6247 -90.9081 -88.1815 -85.2248 -81.7992 -78.2526 -74.5999 -70.7002 -66.6285 -62.4602 -58.2206 -53.9269 -49.5944 -45.2363 -40.8649 -36.4906 -32.1213 -27.7618 -23.4143 -19.0823 -14.7828 -10.5669 -6.54251 -2.8647 0 0 0 0 0 0 
0 0 0 0 0 0 0 -3.37072 -7.14967 -11.1991 -15.3065 -19.4139 -23.5219 -27.6422 -31.7807 -35.9348 -40.0957 -44.2502 -48.3819 -52.4719 -56.4991 -60.4408 -64.2727 -67.9692 -71.5105 -74.8915 -78.0981 -81.1141 -84.0062 -86.7422 -89.0499 -90.7203 -91.8927 -92.42 -92.5602 -92.0899 -91.2293 -89.9814 -88.1835 -85.9406 -83.5216 -80.9191 -78.0725 -74.9158 -71.6005 -68.1413 -64.5089 -60.7283 -56.8376 -52.863 -48.8244 -44.7382 -40.6185 -36.4782 -32.3281 -28.1759 -24.0239 -19.8666 -15.6926 -11.5025 -7.35699 -3.47488 0 0 0 0 0 0 0 
0 0 0 0 0 0 0 0 -3.78211 -7.97878 -12.0397 -15.9927 -19.9013 -23.8083 -27.7292 -31.6612 -35.5933 -39.5111 -43.3987 -47.2385 -51.0114 -54.6973 -58.2748 -61.7232 -65.0246 -68.1663 -71.1352 -73.9143 -76.5105 -78.8889 -80.925 -82.5246 -83.6717 -84.1149 -84.1564 -83.7685 -82.9973 -81.8554 -80.2687 -78.3295 -76.1633 -73.7268 -71.0589 -68.1655 -65.0913 -61.8561 -58.4656 -54.9382 -51.2987 -47.5695 -43.7695 -39.9153 -36.0214 -32.1014 -28.1677 -24.2303 -20.2915 -16.3355 -12.319 -8.17771 -3.88368 0 0 0 0 0 0 0 0 
0 0 0 0 0 0 0 0 0 -4.89421 -8.88097 -12.6158 -16.2822 -19.9607 -23.6666 -27.3874 -31.1051 -34.8024 -38.4633 -42.0719 -45.6109 -49.062 -52.4061 -55.6241 -58.6985 -61.6131 -64.3522 -66.8981 -69.2335 -71.3215 -73.0987 -74.5093 -75.5078 -75.9791 -76.0545 -75.7407 -75.0617 -74.0287 -72.6305 -70.9205 -68.9499 -66.7191 -64.2621 -61.5951 -58.7432 -55.7262 -52.5592 -49.2603 -45.8496 -42.3466 -38.769 -35.1322 -31.4505 -27.7382 -24.0109 -20.2862 -16.5761 -12.8648 -9.07034 -5.00561 0 0 0 0 0 0 0 0 0 
0 0 0 0 0 0 0 0 0 -2.71708 -5.9741 -9.30752 -12.6509 -16.0856 -19.5889 -23.117 -26.6372 -30.1299 -33.5804 -36.9749 -40.2984 -43.5338 -46.6634 -49.6687 -52.532 -55.2357 -57.7622 -60.0924 -62.2037 -64.0649 -65.6352 -66.8744 -67.7469 -68.2188 -68.3197 -68.0648 -67.4699 -66.5461 -65.304 -63.7714 -61.9768 -59.9375 -57.6754 -55.2096 -52.5602 -49.7462 -46.7848 -43.6942 -40.4928 -37.1985 -33.8275 -30.3939 -26.9103 -23.3899 -19.8516 -16.3276 -12.8619 -9.47732 -6.09193 -2.77438 0 0 0 0 0 0 0 0 0 
0 0 0 0 0 0 0 0 0 0 -2.99083 -5.98923 -8.92838 -12.1419 -15.4865 -18.8544 -22.197 -25.4995 -28.7533 -31.9491 -35.0738 -38.1116 -41.0449 -43.8554 -46.525 -49.0355 -51.3687 -53.5054 -55.4241 -57.0993 -58.5026 -59.6062 -60.3868 -60.8296 -60.9406 -60.7291 -60.2058 -59.3814 -58.2682 -56.8841 -55.2485 -53.3787 -51.2925 -49.0075 -46.5419 -43.9134 -41.1397 -38.2388 -35.2289 -32.1271 -28.9486 -25.7057 -22.4068 -19.0595 -15.6779 -12.3107 -9.06647 -6.09069 -3.04565 0 0 0 0 0 0 0 0 0 0 
0 0 0 0 0 0 0 0 0 0 0 -2.73017 -4.93145 -8.06725 -11.3607 -14.617 -17.7969 -20.9177 -23.9844 -26.9943 -29.936 -32.7938 -35.5492 -38.1832 -40.677 -43.0125 -45.1717 -47.1365 -48.8879 -50.4058 -51.6697 -52.6609 -53.3645 -53.772 -53.8839 -53.7052 -53.243 -52.5056 -51.5032 -50.2482 -48.7545 -47.0362 -45.1082 -42.9862 -40.6865 -38.2259 -35.6218 -32.8926 -30.0568 -27.1322 -24.1342 -21.0735 -17.9518 -14.7633 -11.49 -8.17073 -5.00263 -2.77333 0 0 0 0 0 0 0 0 0 0 0 
0 0 0 0 0 0 0 0 0 0 0 0 0 -3.83488 -7.27227 -10.4558 -13.4559 -16.3901 -19.2721 -22.1077 -24.8823 -27.5783 -30.1748 -32.6511 -34.9874 -37.1657 -39.1692 -40.9811 -42.5852 -43.9661 -45.1095 -46.0032 -46.6384 -47.0101 -47.118 -46.9648 -46.5552 -45.8949 -44.9908 -43.8511 -42.485 -40.9033 -39.118 -37.1427 -34.992 -32.6818 -30.229 -27.6529 -24.9734 -22.2109 -19.3826 -16.5023 -13.5636 -10.5519 -7.3479 -3.87966 0 0 0 0 0 0 0 0 0 0 0 0 0 
0 0 0 0 0 0 0 0 0 0 0 0 0 0 -3.43761 -6.47818 -9.18095 -11.9146 -14.6063 -17.2822 -19.9072 -22.4624 -24.9207 -27.2589 -29.4558 -31.4939 -33.3581 -35.0334 -36.5058 -37.7639 -38.7988 -39.6042 -40.1758 -40.512 -40.613 -40.4808 -40.1181 -39.5281 -38.7141 -37.6802 -36.4313 -34.9741 -33.3178 -31.4744 -29.4572 -27.2801 -24.9597 -22.5165 -19.9729 -17.3555 -14.6829 -11.9894 -9.24845 -6.53266 -3.47014 0 0 0 0 0 0 0 0 0 0 0 0 0 0 
0 0 0 0 0 0 0 0 0 0 0 0 0 0 0 -2.83831 -4.87507 -7.48102 -9.95642 -12.5074 -15.002 -17.4434 -19.7866 -22.0081 -24.0829 -25.9959 -27.736 -29.2886 -30.6408 -31.7849 -32.7178 -33.4388 -33.9487 -34.2489 -34.3413 -34.2273 -33.9084 -33.3851 -32.6573 -31.7242 -30.5858 -29.244 -27.7048 -25.9798 -24.0822 -22.0219 -19.8132 -17.4804 -15.0463 -12.5554 -10.0039 -7.52397 -4.90815 -2.8602 0 0 0 0 0 0 0 0 0 0 0 0 0 0 0 
0 0 0 0 0 0 0 0 0 0 0 0 0 0 0 0 0 -3.17798 -5.2309 -7.78919 -10.1498 -12.5226 -14.7743 -16.9038 -18.8719 -20.6707 -22.3014 -23.7442 -24.9838 -26.0172 -26.8486 -27.4844 -27.9312 -28.1938 -28.2758 -28.1789 -27.9031 -27.4468 -26.8056 -25.9736 -24.9438 -23.7111 -22.2778 -20.6577 -18.8698 -16.9119 -14.791 -12.5457 -10.1763 -7.81591 -5.25356 -3.19438 0 0 0 0 0 0 0 0 0 0 0 0 0 0 0 0 0 
0 0 0 0 0 0 0 0 0 0 0 0 0 0 0 0 0 0 0 -3.26864 -5.28537 -7.72304 -9.88402 -11.9611 -13.8302 -15.5136 -17.0549 -18.4028 -19.5332 -20.4516 -21.1748 -21.7192 -22.0979 -22.3194 -22.3892 -22.3092 -22.0785 -21.6931 -21.1448 -20.4209 -19.5047 -18.379 -17.0375 -15.5035 -13.8275 -11.965 -9.89305 -7.73506 -5.29743 -3.27833 0 0 0 0 0 0 0 0 0 0 0 0 0 0 0 0 0 0 0 
0 0 0 0 0 0 0 0 0 0 0 0 0 0 0 0 0 0 0 0 0 -3.20017 -5.07763 -7.22635 -8.97441 -10.4984 -12.0017 -13.2789 -14.2944 -15.0813 -15.6797 -16.1198 -16.4216 -16.5969 -16.6523 -16.5901 -16.4087 -16.1024 -15.6596 -15.0605 -14.275 -13.2626 -11.9897 -10.4912 -8.9718 -7.22752 -5.08116 -3.20405 0 0 0 0 0 0 0 0 0 0 0 0 0 0 0 0 0 0 0 0 0 
0 0 0 0 0 0 0 0 0 0 0 0 0 0 0 0 0 0 0 0 0 0 0 -2.89225 -4.34265 -5.50392 -7.17465 -8.41687 -9.28417 -9.89952 -10.3429 -10.6589 -10.8717 -10.9943 -11.033 -10.9901 -10.8638 -10.6482 -10.3305 -9.88671 -9.27218 -8.40679 -7.16736 -5.49988 -4.34095 -2.89212 0 0 0 0 0 0 0 0 0 0 0 0 0 0 0 0 0 0 0 0 0 0 0 
0 0 0 0 0 0 0 0 0 0 0 0 0 0 0 0 0 0 0 0 0 0 0 0 0 0 -2.77609 -3.92971 -4.5259 -4.88971 -5.13342 -5.30109 -5.41206 -5.47546 -5.49549 -5.47348 -5.40833 -5.29601 -5.12753 -4.88361 -4.5202 -3.92502 -2.77309 0 0 0 0 0 0 0 0 0 0 0 0 0 0 0 0 0 0 0 0 0 0 0 0 0 0 
0 0 0 0 0 0 0 0 0 0 0 0 0 0 0 0 0 0 0 0 0 0 0 0 0 0 0 0 0 0 0 0 0 0 0 0 0 0 0 0 0 0 0 0 0 0 0 0 0 0 0 0 0 0 0 0 0 0 0 0 0 0 0 0 0 0 0 0 0 
