0 0 0 0 0 0 0 0 0 0 0 0 0 0 0 0 0 0 0 0 0 0 0 0 0 0 0 0 0 0 0 0 0 0 0 0 0 0 0 0 0 0 0 0 0 0 0 0 0 0 0 0 0 0 0 0 0 0 0 0 0 0 0 0 0 0 0 0 0 
0 0 0 0 0 0 0 0 0 0 0 0 0 0 0 0 0 0 0 0 0 0 0 0 0 0 -1.87944 -2.65918 -3.06101 -3.30536 -3.4685 -3.58046 -3.65453 -3.69702 -3.71086 -3.69697 -3.65457 -3.58084 -3.46953 -3.30734 -3.06411 -2.6632 -1.88328 0 0 0 0 0 0 0 0 0 0 0 0 0 0 0 0 0 0 0 0 0 0 0 0 0 0 
0 0 0 0 0 0 0 0 0 0 0 0 0 0 0 0 0 0 0 0 0 0 0 -1.96226 -2.94469 -3.72972 -4.85858 -5.69627 -6.27949 -6.69193 -6.98817 -7.19882 -7.34065 -7.42268 -7.44945 -7.42244 -7.34048 -7.19927 -6.98992 -6.69573 -6.28589 -5.70541 -4.86992 -3.74196 -2.95745 -1.97271 0 0 0 0 0 0 0 0 0 0 0 0 0 0 0 0 0 0 0 0 0 0 0 
0 0 0 0 0 0 0 0 0 0 0 0 0 0 0 0 0 0 0 0 0 -2.1745 -3.44829 -4.90433 -6.08679 -7.11562 -8.12889 -8.98784 -9.66875 -10.1947 -10.5934 -10.886 -11.0866 -11.2036 -11.2418 -11.2029 -11.0856 -10.8858 -10.5952 -10.1998 -9.6783 -9.00263 -8.14904 -7.14048 -6.11512 -4.93338 -3.4737 -2.19352 0 0 0 0 0 0 0 0 0 0 0 0 0 0 0 0 0 0 0 0 0 
0 0 0 0 0 0 0 0 0 0 0 0 0 0 0 0 0 0 0 -2.22459 -3.59508 -5.24971 -6.71434 -8.11999 -9.38253 -10.5171 -11.5535 -12.4574 -13.213 -13.8247 -14.3048 -14.6653 -14.9159 -15.0633 -15.1114 -15.0616 -14.9133 -14.6632 -14.3052 -13.8299 -13.2249 -12.4778 -11.5831 -10.5558 -9.42917 -8.17199 -6.76791 -5.30038 -3.63643 -2.25395 0 0 0 0 0 0 0 0 0 0 0 0 0 0 0 0 0 0 0 
0 0 0 0 0 0 0 0 0 0 0 0 0 0 0 0 0 -2.16661 -3.56397 -5.3033 -6.906 -8.51491 -10.0394 -11.4787 -12.8063 -14.0166 -15.1107 -16.0754 -16.901 -17.5864 -18.1356 -18.5545 -18.8486 -19.0224 -19.0787 -19.0189 -18.8428 -18.5486 -18.1325 -17.5895 -16.9137 -16.1004 -15.1499 -14.0704 -12.8738 -11.5575 -10.1256 -8.60365 -6.99137 -5.37939 -3.62268 -2.20638 0 0 0 0 0 0 0 0 0 0 0 0 0 0 0 0 0 
0 0 0 0 0 0 0 0 0 0 0 0 0 0 0 -1.93872 -3.32765 -5.10247 -6.78596 -8.51865 -10.2107 -11.8646 -13.4495 -14.9494 -16.3472 -17.6323 -18.7973 -19.8324 -20.7294 -21.4843 -22.0968 -22.5684 -22.9016 -23.0989 -23.1621 -23.0925 -22.8905 -22.5556 -22.0868 -21.4821 -20.74 -19.8603 -18.8456 -17.7022 -16.438 -15.0587 -13.5732 -11.9973 -10.346 -8.64956 -6.90494 -5.20285 -3.40048 -1.98479 0 0 0 0 0 0 0 0 0 0 0 0 0 0 0 
0 0 0 0 0 0 0 0 0 0 0 0 0 0 -2.35112 -4.42722 -6.26939 -8.12968 -9.95875 -11.7746 -13.5537 -15.2831 -16.9446 -18.5221 -20.0008 -21.3683 -22.6139 -23.7274 -24.6997 -25.5247 -26.1988 -26.7207 -27.0906 -27.3095 -27.3784 -27.2986 -27.071 -26.6968 -26.1768 -25.512 -24.704 -23.7552 -22.67 -21.4548 -20.1174 -18.6661 -17.1112 -15.4662 -13.7459 -11.9679 -10.1447 -8.29961 -6.41427 -4.5387 -2.41496 0 0 0 0 0 0 0 0 0 0 0 0 0 0 
0 0 0 0 0 0 0 0 0 0 0 0 0 -2.62718 -4.97727 -7.14966 -9.19303 -11.1881 -13.1448 -15.0673 -16.9462 -18.7698 -20.5237 -22.1936 -23.7655 -25.226 -26.5627 -27.7635 -28.8175 -29.716 -30.4529 -31.0249 -31.4307 -31.67 -31.7435 -31.6523 -31.3982 -30.9837 -30.4116 -29.6853 -28.8087 -27.7865 -26.6244 -25.3296 -23.9106 -22.377 -20.7395 -19.0105 -17.2034 -15.3315 -13.4062 -11.4367 -9.41831 -7.34076 -5.12115 -2.70888 0 0 0 0 0 0 0 0 0 0 0 0 0 
0 0 0 0 0 0 0 0 0 0 0 -1.87621 -3.38544 -5.53144 -7.78113 -10.0011 -12.165 -14.2849 -16.3649 -18.4037 -20.3942 -22.326 -24.1867 -25.9632 -27.6415 -29.2077 -30.6474 -31.9464 -33.0907 -34.0688 -34.872 -35.4955 -35.9372 -36.1963 -36.2732 -36.1689 -35.8859 -35.4281 -34.8005 -34.0088 -33.0591 -31.9576 -30.7114 -29.3286 -27.8186 -26.1917 -24.4591 -22.6331 -20.7256 -18.7486 -16.7118 -14.6225 -12.4816 -10.2849 -8.02001 -5.71435 -3.50589 -1.94683 0 0 0 0 0 0 0 0 0 0 0 
0 0 0 0 0 0 0 0 0 0 -2.05928 -4.11941 -6.1341 -8.33201 -10.6147 -12.9086 -15.1808 -17.4217 -19.6261 -21.7885 -23.9008 -25.9532 -27.9341 -29.8309 -31.6297 -33.3158 -34.873 -36.2838 -37.5303 -38.5964 -39.4708 -40.1479 -40.6262 -40.905 -40.9841 -40.8642 -40.5483 -40.0423 -39.3536 -38.4905 -37.4612 -36.2734 -34.935 -33.4549 -31.8434 -30.112 -28.2724 -26.3369 -24.3175 -22.2253 -20.0701 -17.86 -15.6006 -13.2971 -10.9597 -8.62262 -6.36238 -4.28143 -2.14425 0 0 0 0 0 0 0 0 0 0 
0 0 0 0 0 0 0 0 0 -1.87471 -4.11769 -6.40806 -8.69956 -11.0477 -13.4371 -15.8379 -18.2281 -20.5949 -22.9294 -25.2232 -27.4674 -29.6519 -31.7657 -33.7965 -35.7307 -37.5529 -39.2449 -40.7855 -42.1503 -43.3158 -44.2668 -44.9992 -45.5146 -45.8134 -45.8941 -45.7553 -45.4008 -44.8394 -44.081 -43.1383 -42.0218 -40.7398 -39.3002 -37.7126 -35.9883 -34.1403 -32.1815 -30.1248 -27.9821 -25.7649 -23.4834 -21.1468 -18.7637 -16.3432 -13.899 -11.4541 -9.03956 -6.67227 -4.29557 -1.95905 0 0 0 0 0 0 0 0 0 
0 0 0 0 0 0 0 0 0 -3.38116 -6.1287 -8.6956 -11.2083 -13.7223 -16.2482 -18.7777 -21.2987 -23.8005 -26.2733 -28.7076 -31.0937 -33.4214 -35.6802 -37.8586 -39.9437 -41.92 -43.7683 -45.463 -46.9695 -48.2497 -49.2814 -50.0675 -50.6195 -50.9397 -51.0238 -50.8622 -50.4603 -49.8335 -48.9926 -47.9598 -46.748 -45.3638 -43.8136 -42.1068 -40.257 -38.2794 -36.1887 -33.9985 -31.7213 -29.3688 -26.9518 -24.4803 -21.964 -19.4131 -16.8392 -14.255 -11.6696 -9.0725 -6.40673 -3.54062 0 0 0 0 0 0 0 0 0 
0 0 0 0 0 0 0 0 -2.62102 -5.52122 -8.32036 -11.0373 -13.7158 -16.385 -19.0556 -21.7258 -24.3887 -27.0351 -29.6556 -32.2401 -34.7783 -37.26 -39.6752 -42.014 -44.2654 -46.4153 -48.4454 -50.3287 -52.0149 -53.432 -54.5417 -55.3698 -55.9564 -56.3023 -56.3991 -56.2092 -55.7448 -55.0416 -54.096 -52.9606 -51.6465 -50.1539 -48.4836 -46.6439 -44.6536 -42.5317 -40.2954 -37.9591 -35.5358 -33.0373 -30.4746 -27.8584 -25.1989 -22.5061 -19.7896 -17.0572 -14.3112 -11.5414 -8.71822 -5.79671 -2.75778 0 0 0 0 0 0 0 0 
0 0 0 0 0 0 0 -2.34316 -4.96284 -7.76236 -10.5942 -13.4176 -16.2324 -19.0464 -21.8633 -24.6814 -27.495 -30.2957 -33.074 -35.819 -38.5194 -41.1649 -43.7465 -46.2568 -48.6885 -51.0303 -53.2694 -55.3908 -57.3262 -58.9218 -60.0836 -60.9159 -61.5281 -61.9078 -62.046 -61.8303 -61.268 -60.4658 -59.3897 -58.14 -56.7222 -55.1158 -53.323 -51.3317 -49.1817 -46.8984 -44.5019 -42.0068 -39.4256 -36.7699 -34.051 -31.2799 -28.4672 -25.6229 -22.7559 -19.8729 -16.9765 -14.0639 -11.128 -8.17023 -5.23439 -2.47641 0 0 0 0 0 0 0 
0 0 0 0 0 0 -1.93026 -4.40981 -7.12483 -9.97121 -12.8764 -15.8064 -18.7499 -21.7048 -24.6698 -27.6416 -30.614 -33.5789 -36.5257 -39.4423 -42.3156 -45.1338 -47.889 -50.5784 -53.2015 -55.748 -58.2106 -60.6259 -62.9339 -64.7598 -65.9451 -66.6988 -67.2873 -67.7171 -67.9338 -67.7063 -66.9914 -66.0399 -64.8448 -63.4859 -61.9673 -60.2462 -58.3415 -56.1782 -53.843 -51.3782 -48.8071 -46.1407 -43.3899 -40.5657 -37.6796 -34.7429 -31.7669 -28.7624 -25.7383 -22.702 -19.6581 -16.6095 -13.5597 -10.5218 -7.53313 -4.67127 -2.04824 0 0 0 0 0 0 
0 0 0 0 0 0 -3.31125 -6.24097 -9.15548 -12.1212 -15.134 -18.1816 -21.256 -24.3532 -27.4697 -30.601 -33.7407 -36.8801 -40.0076 -43.1088 -46.1669 -49.1657 -52.0973 -54.966 -57.7913 -60.5272 -63.1926 -65.9062 -68.5869 -70.7097 -71.9554 -72.6195 -73.1613 -73.671 -73.9257 -73.6259 -72.8124 -71.77 -70.4875 -69.0076 -67.376 -65.5502 -63.5337 -61.1818 -58.6331 -55.9643 -53.2077 -50.3588 -47.4276 -44.4236 -41.3587 -38.2451 -35.0954 -31.9213 -28.733 -25.5386 -22.3446 -19.1562 -15.9795 -12.8243 -9.70504 -6.62728 -3.52169 0 0 0 0 0 0 
0 0 0 0 0 -2.15346 -5.07377 -8.08735 -11.1349 -14.2241 -17.3568 -20.5299 -23.7395 -26.9823 -30.2546 -33.5519 -36.8677 -40.1932 -43.5158 -46.8184 -50.0775 -53.2648 -56.3686 -59.4044 -62.3994 -65.2872 -68.1182 -70.9587 -73.7278 -76.1685 -77.5666 -78.3178 -79.0086 -79.6437 -79.9098 -79.5693 -78.8061 -77.778 -76.3625 -74.7318 -72.9476 -70.9914 -68.8752 -66.307 -63.5272 -60.6392 -57.6924 -54.6594 -51.5379 -48.3423 -45.0864 -41.7834 -38.4482 -35.0944 -31.7337 -28.3749 -25.0255 -21.6912 -18.3777 -15.0908 -11.8355 -8.61114 -5.41123 -2.30071 0 0 0 0 0 
0 0 0 0 0 -3.54008 -6.743 -9.89975 -13.0728 -16.2834 -19.5392 -22.8416 -26.1898 -29.5817 -33.0146 -36.4844 -39.9852 -43.509 -47.0439 -50.5716 -54.06 -57.4473 -60.7082 -63.8591 -66.9608 -70.038 -73.0515 -76.0116 -78.79 -81.3033 -82.9396 -83.9535 -84.8141 -85.5378 -85.902 -85.7256 -85.0638 -84.0442 -82.4607 -80.6512 -78.7283 -76.674 -74.3997 -71.507 -68.4512 -65.3456 -62.2192 -59.0147 -55.7114 -52.3214 -48.8613 -45.354 -41.8195 -38.2746 -34.7323 -31.202 -27.6912 -24.2054 -20.7492 -17.3257 -13.9349 -10.5706 -7.21137 -3.7916 0 0 0 0 0 
0 0 0 0 -2.20716 -5.26386 -8.45839 -11.6959 -14.9731 -18.2976 -21.6749 -25.1076 -28.5963 -32.1403 -35.7378 -39.3857 -43.0797 -46.8138 -50.5793 -54.364 -58.1333 -61.731 -65.1135 -68.3771 -71.6299 -74.8897 -78.099 -81.2393 -84.1099 -86.5326 -88.3518 -89.7007 -90.789 -91.6364 -92.1154 -92.053 -91.3666 -90.249 -88.6126 -86.7356 -84.6451 -82.3151 -79.7201 -76.6507 -73.3949 -70.0466 -66.719 -63.3463 -59.9088 -56.3596 -52.6835 -48.9516 -45.2011 -41.4524 -37.7188 -34.0096 -30.3318 -26.6901 -23.0882 -19.5277 -16.008 -12.5249 -9.07207 -5.65432 -2.37489 0 0 0 0 
0 0 0 0 -3.56479 -6.84982 -10.1308 -13.4523 -16.8261 -20.2589 -23.7552 -27.3176 -30.9476 -34.6454 -38.4104 -42.2409 -46.1343 -50.087 -54.0955 -58.1616 -62.2254 -66.0185 -69.5049 -72.8824 -76.3179 -79.7818 -83.2541 -86.6723 -89.7799 -92.175 -94.1209 -95.7119 -96.935 -97.8277 -98.2765 -98.1004 -97.408 -96.3578 -94.871 -93.0421 -90.8069 -88.1981 -85.3275 -81.9788 -78.4741 -74.8986 -71.3129 -67.7594 -64.2155 -60.5135 -56.5614 -52.568 -48.5809 -44.615 -40.6808 -36.786 -32.9361 -29.1352 -25.3858 -21.689 -18.0444 -14.4491 -10.8976 -7.37872 -3.84525 0 0 0 0 
0 0 0 -2.15421 -5.20216 -8.43981 -11.7628 -15.1563 -18.6201 -22.1568 -25.7693 -29.4601 -33.2311 -37.0834 -41.0175 -45.0332 -49.1296 -53.3045 -57.5541 -61.8518 -66.0767 -69.9831 -73.6664 -77.3041 -81.0047 -84.6826 -88.3725 -92.0136 -95.3909 -98.0547 -100.256 -102.003 -103.308 -104.21 -104.632 -104.476 -103.871 -102.875 -101.479 -99.68 -97.1993 -94.2262 -91.0974 -87.4007 -83.5904 -79.7777 -75.9659 -72.2306 -68.5536 -64.704 -60.4586 -56.1781 -51.9395 -47.746 -43.6035 -39.5174 -35.4915 -31.5286 -27.6306 -23.7983 -20.0314 -16.3293 -12.6908 -9.11767 -5.62738 -2.33382 0 0 0 
0 0 0 -3.41467 -6.64985 -9.94442 -13.3244 -16.7901 -20.3411 -23.9788 -27.7051 -31.5225 -35.4332 -39.4395 -43.5429 -47.7449 -52.0462 -56.4474 -60.9483 -65.5327 -70.069 -74.0772 -77.9502 -81.8219 -85.71 -89.5611 -93.4364 -97.2313 -100.778 -103.933 -106.611 -108.621 -110.114 -111.063 -111.488 -111.384 -110.81 -109.77 -108.391 -106.69 -103.94 -100.337 -96.6143 -92.6316 -88.612 -84.6027 -80.6107 -76.6773 -72.7929 -68.7058 -64.2594 -59.7409 -55.2531 -50.8259 -46.4698 -42.1885 -37.9838 -33.8573 -29.8098 -25.8419 -21.9539 -18.1458 -14.4184 -10.7738 -7.21279 -3.70791 0 0 0 
0 0 -1.94217 -4.85461 -8.03816 -11.3636 -14.8002 -18.3384 -21.9756 -25.7122 -29.5499 -33.4915 -37.5399 -41.6984 -45.9699 -50.3572 -54.8629 -59.4907 -64.2539 -69.1878 -74.1266 -78.2258 -82.2512 -86.3221 -90.3801 -94.4589 -98.572 -102.6 -106.402 -109.975 -113.041 -115.461 -117.266 -118.343 -118.857 -118.818 -118.215 -117.06 -115.361 -113.137 -110.027 -106.189 -102.137 -97.9219 -93.6342 -89.4149 -85.2167 -81.0765 -76.9861 -72.6057 -68.0347 -63.2575 -58.504 -53.8347 -49.2614 -44.7829 -40.3981 -36.1069 -31.9095 -27.8058 -23.7963 -19.8816 -16.0634 -12.3464 -8.74206 -5.28502 -2.11686 0 0 
0 0 -2.91408 -6.02344 -9.28454 -12.6718 -16.1743 -19.7877 -23.5108 -27.3444 -31.2908 -35.3536 -39.5366 -43.8442 -48.2811 -52.8513 -57.5573 -62.3987 -67.3689 -72.4292 -77.4604 -81.9306 -86.4349 -90.8207 -95.1222 -99.4513 -103.84 -108.188 -112.35 -116.23 -119.545 -122.352 -124.5 -125.951 -126.757 -126.851 -126.228 -124.889 -122.788 -119.804 -116.194 -112.147 -107.822 -103.258 -98.6121 -94.0954 -89.6656 -85.3386 -81.0917 -76.5594 -71.8774 -66.7351 -61.6588 -56.7475 -51.9583 -47.2834 -42.7188 -38.2629 -33.9152 -29.6756 -25.544 -21.5207 -17.6072 -13.8062 -10.124 -6.57325 -3.18242 0 0 
0 0 -3.6907 -7.04053 -10.4048 -13.8646 -17.4377 -21.1274 -24.9354 -28.8637 -32.9156 -37.0954 -41.4085 -45.8609 -50.459 -55.2094 -60.1163 -65.1713 -70.3539 -75.5676 -80.6467 -85.5492 -90.5465 -95.2145 -99.7743 -104.412 -109.148 -113.882 -118.496 -122.819 -126.531 -129.811 -132.417 -134.35 -135.488 -135.55 -134.816 -133.248 -130.691 -126.936 -122.776 -118.362 -113.651 -108.6 -103.543 -98.6334 -93.8881 -89.2317 -84.7237 -80.2356 -75.4681 -69.9934 -64.6273 -59.5215 -54.541 -49.6738 -44.9306 -40.3106 -35.813 -31.4374 -27.1833 -23.0503 -19.0383 -15.1474 -11.3746 -7.70152 -4.03958 0 0 
0 -1.8602 -4.80817 -8.04323 -11.4294 -14.9443 -18.5843 -22.3489 -26.2397 -30.2594 -34.4123 -38.704 -43.1412 -47.7317 -52.4846 -57.411 -62.5258 -67.8036 -73.2556 -78.7157 -83.9035 -89.02 -94.2805 -99.3093 -104.279 -109.308 -114.472 -119.703 -124.896 -129.825 -134.032 -137.848 -141.051 -143.53 -145.111 -145.102 -144.092 -142.001 -138.675 -134.247 -129.553 -124.632 -119.461 -113.958 -108.454 -103.081 -97.9308 -92.9148 -88.1261 -83.5498 -78.6375 -72.9407 -67.3821 -62.1301 -56.9926 -51.9401 -47.0194 -42.2358 -37.5887 -33.0776 -28.7015 -24.4588 -20.3485 -16.3704 -12.5255 -8.81862 -5.27437 -2.0422 0 
0 -2.63263 -5.63855 -8.89487 -12.3251 -15.899 -19.6062 -23.4443 -27.415 -31.5218 -35.7702 -40.1671 -44.7206 -49.4402 -54.3368 -59.4228 -64.7415 -70.2421 -75.9724 -81.5939 -87.0513 -92.432 -98.0439 -103.454 -108.738 -114.138 -119.767 -125.531 -131.271 -136.836 -141.846 -146.445 -150.419 -153.428 -155.282 -155.21 -153.84 -151.143 -146.992 -141.885 -136.421 -130.728 -124.929 -119.075 -113.215 -107.402 -101.817 -96.4026 -91.2328 -86.2701 -81.189 -75.5135 -69.9368 -64.5676 -59.2864 -54.0653 -48.9711 -44.0244 -39.2284 -34.583 -30.0862 -25.7348 -21.5264 -17.4601 -13.5385 -9.77308 -6.1971 -2.89441 0 
0 -3.03176 -6.21853 -9.57258 -13.0773 -16.7204 -20.4971 -24.4073 -28.4541 -32.6427 -36.9797 -41.4736 -46.1338 -50.9718 -55.9945 -61.1998 -66.6833 -72.4116 -78.3713 -84.1028 -89.9371 -95.6683 -101.738 -107.497 -113.047 -118.794 -124.915 -131.287 -137.683 -144.041 -150.118 -155.771 -160.653 -164.191 -166.231 -166.292 -164.579 -161.13 -155.987 -149.934 -143.526 -136.984 -130.503 -124.196 -117.894 -111.549 -105.484 -99.677 -94.1342 -88.7705 -83.4512 -77.8252 -72.2891 -66.8747 -61.438 -56.0455 -50.7753 -45.6624 -40.7174 -35.94 -31.3254 -26.868 -22.5624 -18.4049 -14.3952 -10.5381 -6.84653 -3.33835 0 
0 -3.27588 -6.63122 -10.0996 -13.691 -17.4083 -21.2544 -25.2336 -29.3514 -33.615 -38.0325 -42.6136 -47.3693 -52.3139 -57.4531 -62.7666 -68.3059 -74.0643 -80.0382 -85.9818 -92.1549 -98.3088 -104.629 -110.542 -116.557 -122.935 -129.728 -136.881 -144.126 -151.483 -158.707 -165.574 -171.63 -176.279 -178.974 -179.102 -176.593 -171.96 -165.62 -158.317 -150.789 -143.301 -136.013 -129.029 -122.159 -115.34 -108.859 -102.712 -96.8067 -91.1097 -85.5882 -80.0114 -74.5495 -69.2171 -63.5366 -57.9051 -52.4221 -47.1324 -42.0388 -37.134 -32.4075 -27.8493 -23.4501 -19.2021 -15.0994 -11.1377 -7.31253 -3.61248 0 
0 -3.44056 -6.93082 -10.5038 -14.1787 -17.9673 -21.8788 -25.9212 -30.1031 -34.4334 -38.9218 -43.5789 -48.416 -53.4454 -58.6804 -64.0985 -69.6729 -75.4592 -81.4453 -87.5416 -93.8912 -100.299 -106.74 -113.011 -119.609 -126.648 -134.218 -142.248 -150.444 -158.958 -167.519 -175.962 -183.771 -190.285 -194.257 -194.42 -190.568 -184.145 -175.937 -166.923 -157.988 -149.376 -141.172 -133.417 -125.921 -118.703 -111.896 -105.454 -99.2574 -93.3179 -87.6609 -82.1182 -76.7476 -71.5568 -65.5556 -59.5966 -53.8757 -48.4062 -43.1717 -38.1495 -33.3214 -28.6717 -24.1866 -19.854 -15.6626 -11.6006 -7.65346 -3.79902 0 
0 -3.55554 -7.14768 -10.8061 -14.5526 -18.4036 -22.3721 -26.4694 -30.7063 -35.0937 -39.6424 -44.3641 -49.2705 -54.3726 -59.6757 -65.1679 -70.861 -76.717 -82.7155 -88.8723 -95.2498 -101.734 -108.345 -115.046 -122.167 -129.75 -137.947 -146.631 -155.756 -165.585 -175.903 -186.573 -197.164 -206.743 -212.998 -213.07 -206.905 -197.523 -186.492 -175.36 -164.865 -155.103 -146.003 -137.414 -129.296 -121.687 -114.597 -107.933 -101.524 -95.394 -89.5701 -83.988 -78.5079 -73.1898 -67.0911 -60.9626 -55.0596 -49.445 -44.092 -38.9711 -34.057 -29.3294 -24.7706 -20.3648 -16.0964 -11.9486 -7.90172 -3.93016 0 
0 -3.63391 -7.29829 -11.0202 -14.8221 -18.7224 -22.7365 -26.8779 -31.1592 -35.5926 -40.1902 -44.9646 -49.9291 -55.0989 -60.4787 -66.0458 -71.8556 -77.8017 -83.8176 -89.9835 -96.3334 -102.842 -109.602 -116.656 -124.104 -132.027 -140.723 -150.083 -160.124 -171.109 -183.266 -196.718 -211.372 -226.262 -237.244 -236.837 -225.938 -211.516 -196.78 -183.193 -171.009 -160.176 -150.232 -140.882 -132.187 -124.213 -116.868 -110.047 -103.481 -97.1955 -91.2564 -85.584 -79.9295 -74.4403 -68.3202 -62.048 -55.963 -50.2222 -44.7804 -39.5857 -34.6062 -29.8182 -25.2017 -20.7382 -16.4094 -12.1957 -8.07468 -4.01988 0 
0 -3.68181 -7.39136 -11.1543 -14.9933 -18.9274 -22.9736 -27.1466 -31.46 -35.9272 -40.5611 -45.3751 -50.3826 -55.5962 -61.0266 -66.678 -72.6045 -78.7384 -84.888 -90.9597 -97.2121 -103.712 -110.543 -117.834 -125.493 -133.689 -142.72 -152.609 -163.446 -175.501 -189.376 -205.7 -225.412 -249.137 -268.234 -267.516 -248.378 -225.545 -205.947 -189.632 -175.758 -163.938 -153.187 -143.346 -134.306 -126.103 -118.675 -111.82 -105.08 -98.5394 -92.4238 -86.5151 -80.6859 -74.973 -68.7558 -62.4901 -56.4529 -50.7005 -45.2218 -39.985 -34.9638 -30.1355 -25.4797 -20.977 -16.6075 -12.3501 -8.18141 -4.07467 0 
0 -3.70196 -7.43101 -11.2125 -15.0691 -19.0205 -23.0839 -27.2747 -31.6071 -36.095 -40.7519 -45.592 -50.63 -55.8815 -61.3615 -67.0786 -73.1217 -79.4646 -85.8071 -91.7646 -97.843 -104.292 -111.145 -118.513 -126.314 -134.739 -143.902 -154.044 -165.42 -178.111 -192.965 -211.198 -234.924 -265.639 -290.123 -291.081 -267.051 -236.147 -211.947 -193.447 -178.367 -165.814 -154.634 -144.67 -135.589 -127.315 -119.927 -113.155 -106.287 -99.4901 -93.1854 -86.946 -80.8688 -74.8588 -68.6758 -62.5438 -56.6224 -50.9051 -45.4212 -40.1688 -35.1284 -30.2802 -25.6047 -21.0825 -16.6934 -12.4159 -8.22616 -4.09739 0 
0 -3.69501 -7.41819 -11.1956 -15.0502 -19.0016 -23.0668 -27.2612 -31.5989 -36.0937 -40.7596 -45.6112 -50.6638 -55.9336 -61.4284 -67.1447 -73.1952 -79.5538 -86.0559 -92.1913 -98.1239 -104.424 -111.222 -118.555 -126.434 -135.001 -144.125 -154.32 -165.844 -178.408 -193.005 -210.9 -233.921 -263.383 -287.311 -289.582 -266.906 -236.502 -212.285 -193.648 -178.444 -165.8 -154.798 -145.022 -136.078 -127.719 -120.178 -113.176 -106.237 -99.6489 -93.4762 -87.0676 -80.8073 -74.6922 -68.5626 -62.486 -56.5729 -50.8635 -45.3893 -40.1405 -35.1009 -30.2523 -25.5765 -21.0548 -16.6677 -12.3939 -8.20994 -4.08872 0 
0 -3.65989 -7.35113 -11.1016 -14.9345 -18.8688 -22.9206 -27.1044 -31.4334 -35.9213 -40.5816 -45.4292 -50.4805 -55.7544 -61.2647 -66.998 -73.0264 -79.3853 -86.0066 -92.2638 -97.9735 -104.02 -110.665 -117.793 -125.518 -133.979 -143.05 -153.065 -164.035 -175.921 -189.398 -204.987 -223.52 -245.34 -264.067 -266.406 -248.784 -226.182 -206.573 -190.155 -176.063 -164.079 -153.7 -144.321 -135.666 -127.315 -119.683 -112.542 -105.576 -99.0601 -92.904 -86.5938 -80.4445 -74.4729 -68.305 -62.1911 -56.2712 -50.5838 -45.1318 -39.9032 -34.8822 -30.0516 -25.3942 -20.8926 -16.5285 -12.2822 -8.13095 -4.04757 0 
0 -3.59342 -7.22484 -10.9252 -14.7173 -18.6184 -22.6426 -26.8022 -31.1093 -35.5763 -40.2163 -45.0437 -50.0744 -55.3268 -60.8196 -66.5452 -72.5082 -78.8317 -85.3457 -91.3731 -97.1037 -103.056 -109.539 -116.464 -123.976 -132.114 -140.938 -150.516 -160.553 -171.367 -183.276 -196.004 -209.746 -223.687 -234.349 -235.484 -225.48 -211.435 -197.05 -183.807 -171.548 -160.667 -151.037 -142.209 -134.034 -125.939 -118.339 -111.181 -104.345 -97.9178 -91.8402 -85.8134 -79.9069 -74.1617 -67.9054 -61.6743 -55.7338 -50.0687 -44.6507 -39.4584 -34.4732 -29.6778 -25.0562 -20.5927 -16.2716 -12.0755 -7.98406 -3.97059 0 
0 -3.48893 -7.02968 -10.6569 -14.391 -18.245 -22.229 -26.3525 -30.6253 -35.0584 -39.6637 -44.4549 -49.4467 -54.654 -60.0919 -65.7635 -71.6718 -77.8448 -84.0314 -89.8456 -95.775 -101.616 -107.865 -114.578 -121.819 -129.539 -137.824 -146.721 -155.846 -165.457 -175.553 -185.728 -195.836 -204.959 -211.02 -211.53 -205.938 -196.656 -186.144 -175.627 -165.377 -155.896 -147.24 -139.173 -131.502 -123.791 -116.354 -109.329 -102.693 -96.4207 -90.5399 -84.8112 -78.996 -73.2439 -67.0346 -60.8274 -54.921 -49.3066 -43.9439 -38.8065 -33.8742 -29.1302 -24.56 -20.1506 -15.8895 -11.7643 -7.75917 -3.85075 0 
0 -3.33263 -6.74802 -10.2818 -13.945 -17.7417 -21.676 -25.7533 -29.981 -34.3681 -38.9253 -43.6654 -48.6033 -53.7562 -59.1346 -64.7317 -70.6343 -76.7402 -82.601 -88.183 -94.0349 -99.7428 -105.753 -112.203 -119.115 -126.424 -134.186 -142.361 -150.539 -159.015 -167.471 -175.443 -182.872 -189.03 -192.848 -193.277 -189.822 -183.189 -175.255 -166.868 -158.406 -150.28 -142.722 -135.501 -128.391 -121.125 -113.88 -107.084 -100.695 -94.627 -88.8283 -83.2196 -77.5872 -71.7693 -65.6549 -59.6078 -53.8161 -48.2928 -43.012 -37.9496 -33.0869 -28.4088 -23.9031 -19.56 -15.3717 -11.3328 -7.43762 -3.67323 0 
0 -3.09356 -6.34799 -9.77723 -13.3653 -17.1008 -20.9799 -25.0039 -29.1774 -33.5077 -38.004 -42.6781 -47.5451 -52.6274 -57.9417 -63.4551 -69.1989 -75.0128 -80.5636 -86.0322 -91.691 -97.3687 -103.252 -109.45 -116.011 -122.805 -129.83 -137.156 -144.572 -152.17 -159.28 -165.554 -171.156 -175.461 -177.958 -178.155 -175.725 -170.858 -164.752 -158.004 -150.988 -144.047 -137.441 -131.017 -124.527 -117.659 -110.791 -104.346 -98.271 -92.5445 -86.8774 -81.3791 -76.0041 -70.2082 -64.0562 -58.0934 -52.4368 -47.0363 -41.8615 -36.8929 -32.1149 -27.515 -23.0837 -18.8144 -14.7046 -10.7576 -6.98527 -3.40455 0 
0 -2.69361 -5.77317 -9.11383 -12.6382 -16.3164 -20.139 -24.1049 -28.2171 -32.4813 -36.905 -41.4979 -46.2716 -51.2402 -56.4181 -61.7777 -67.2576 -72.7781 -78.2416 -83.7209 -89.1923 -94.6975 -100.406 -106.33 -112.551 -118.899 -125.159 -131.662 -138.24 -144.857 -150.895 -156.155 -160.718 -163.868 -165.466 -165.327 -163.335 -159.645 -154.852 -149.383 -143.515 -137.579 -131.814 -126.137 -120.158 -113.628 -107.242 -101.19 -95.5256 -90.178 -84.6758 -79.1971 -73.7419 -67.9563 -62.0137 -56.2855 -50.8082 -45.5542 -40.5049 -35.6457 -30.9648 -26.4527 -22.1022 -17.9094 -13.8747 -10.0078 -6.34128 -2.95971 0 
0 -1.90771 -4.93724 -8.26668 -11.7574 -15.3876 -19.1547 -23.0595 -27.1048 -31.2953 -35.6368 -40.1367 -44.8032 -49.6438 -54.6625 -59.8464 -65.1347 -70.4735 -75.8812 -81.345 -86.6407 -91.8783 -97.3163 -102.956 -108.805 -114.678 -120.319 -126.114 -131.914 -137.62 -142.817 -147.41 -151.329 -153.866 -154.752 -154.31 -152.566 -149.613 -145.728 -141.173 -136.158 -131.049 -125.976 -120.944 -115.499 -109.382 -103.394 -97.6858 -92.37 -87.2328 -81.9297 -76.4968 -70.9843 -65.3331 -59.6952 -54.2314 -48.9565 -43.8674 -38.9581 -34.2203 -29.646 -25.2286 -20.9632 -16.8463 -12.8768 -9.05761 -5.41235 -2.09302 0 
0 0 -3.8014 -7.25827 -10.737 -14.322 -18.0326 -21.8735 -25.8475 -29.9582 -34.2102 -38.6091 -43.1606 -47.8694 -52.7367 -57.7573 -62.9056 -68.1216 -73.4014 -78.7478 -83.8695 -88.8575 -93.9729 -99.2544 -104.636 -109.998 -115.237 -120.477 -125.609 -130.524 -135.047 -139.091 -142.572 -144.931 -145.312 -144.616 -143.025 -140.531 -137.293 -133.439 -129.108 -124.594 -119.985 -115.338 -110.309 -104.775 -99.2839 -93.9591 -88.9935 -84.1241 -78.9629 -73.4792 -68.0297 -62.6064 -57.2323 -51.9958 -46.9187 -42.001 -37.2399 -32.6312 -28.1702 -23.8527 -19.6755 -15.6358 -11.7288 -7.93346 -4.15751 0 0 
0 0 -3.01009 -6.22803 -9.61017 -13.131 -16.7802 -20.5544 -24.4535 -28.4797 -32.6367 -36.9289 -41.3609 -45.9364 -50.6575 -55.5235 -60.527 -65.6399 -70.8272 -75.9689 -80.8379 -85.6281 -90.4917 -95.4208 -100.391 -105.324 -110.169 -114.926 -119.483 -123.756 -127.676 -131.133 -134.032 -135.98 -136.334 -135.784 -134.383 -132.266 -129.487 -126.029 -122.171 -118.111 -113.953 -109.715 -105.138 -100.062 -94.9772 -89.9788 -85.1957 -80.4492 -75.4554 -70.1866 -64.9539 -59.7375 -54.6071 -49.5996 -44.7215 -39.9778 -35.3693 -30.8944 -26.5509 -22.3365 -18.2502 -14.2928 -10.4689 -6.78996 -3.28421 0 0 
0 0 -2.01092 -5.03359 -8.34471 -11.8115 -15.403 -19.1104 -22.9324 -26.8704 -30.9279 -35.1088 -39.4175 -43.8579 -48.4334 -53.1453 -57.9984 -63.0222 -68.2056 -73.2084 -77.8233 -82.3582 -86.9484 -91.5613 -96.1866 -100.772 -105.248 -109.594 -113.61 -117.325 -120.702 -123.62 -126.062 -127.72 -128.234 -127.85 -126.564 -124.717 -122.275 -119.037 -115.478 -111.758 -107.914 -103.994 -99.9084 -95.2108 -90.4281 -85.7221 -81.1043 -76.4698 -71.6993 -66.725 -61.7291 -56.7555 -51.8661 -47.0739 -42.3898 -37.8195 -33.365 -29.0264 -24.8025 -20.6923 -16.6959 -12.8164 -9.06402 -5.47329 -2.18937 0 0 
0 0 0 -3.55069 -6.92359 -10.3673 -13.9096 -17.552 -21.2951 -25.1418 -29.0957 -33.161 -37.3423 -41.6444 -46.073 -50.6369 -55.3534 -60.2745 -65.3985 -70.2697 -74.7833 -79.0787 -83.3731 -87.6441 -91.9657 -96.2871 -100.536 -104.608 -108.102 -111.228 -114.078 -116.571 -118.68 -120.206 -120.97 -120.745 -119.444 -117.547 -115.174 -112.184 -108.928 -105.515 -101.944 -98.2728 -94.4832 -90.2007 -85.7871 -81.3974 -76.9786 -72.5319 -68.0352 -63.2781 -58.463 -53.7053 -49.0289 -44.4402 -39.9444 -35.5454 -31.245 -27.0435 -22.9403 -18.9343 -15.0249 -11.2127 -7.49753 -3.84979 0 0 0 
0 0 0 -2.24558 -5.43163 -8.82452 -12.3164 -15.8926 -19.5544 -23.306 -27.152 -31.0973 -35.1464 -39.3043 -43.5774 -47.9757 -52.5182 -57.2454 -62.1481 -66.8804 -71.4239 -75.6913 -79.8246 -83.7224 -87.7478 -91.8737 -95.9767 -99.8539 -102.858 -105.387 -107.794 -109.98 -111.828 -113.2 -114.085 -113.983 -112.67 -110.656 -108.267 -105.523 -102.554 -99.4107 -96.0873 -92.6409 -89.041 -85.1434 -81.1151 -77.0779 -72.8327 -68.5877 -64.3618 -59.7962 -55.138 -50.575 -46.104 -41.7134 -37.4023 -33.1727 -29.026 -24.9623 -20.9809 -17.0797 -13.2566 -9.51217 -5.86356 -2.42834 0 0 0 
0 0 0 0 -3.73285 -7.18278 -10.6386 -14.1478 -17.724 -21.3756 -25.1092 -28.9298 -32.8416 -36.8489 -40.9565 -45.1704 -49.4989 -53.9486 -58.5022 -63.0018 -67.4634 -71.9043 -76.0454 -79.6507 -83.3783 -87.2884 -90.9055 -94.2169 -96.9671 -99.4031 -101.673 -103.686 -105.419 -106.753 -107.489 -107.264 -105.99 -104.003 -101.7 -99.1314 -96.3541 -93.4269 -90.3204 -87.0902 -83.7419 -80.2224 -76.5561 -72.841 -68.6592 -64.4526 -60.3101 -56.019 -51.6651 -47.3524 -43.099 -38.9069 -34.7788 -30.7172 -26.7238 -22.799 -18.9413 -15.147 -11.4095 -7.71582 -4.0162 0 0 0 0 
0 0 0 0 -2.31699 -5.5351 -8.90762 -12.336 -15.818 -19.3633 -22.9793 -26.6709 -30.4414 -34.2934 -38.2291 -42.2506 -46.3585 -50.5484 -54.804 -59.0735 -63.3022 -67.5461 -71.5831 -75.1924 -78.7329 -82.4053 -85.6512 -88.5971 -91.2647 -93.6428 -95.7839 -97.6753 -99.3222 -100.632 -101.136 -100.66 -99.4442 -97.5531 -95.3271 -92.8698 -90.2732 -87.5463 -84.6658 -81.6663 -78.58 -75.3994 -71.9836 -68.3741 -64.3259 -60.2775 -56.2741 -52.2263 -48.142 -44.0708 -40.0324 -36.0365 -32.0889 -28.1934 -24.353 -20.5685 -16.8384 -13.1576 -9.51856 -5.92542 -2.4854 0 0 0 0 
0 0 0 0 0 -3.73303 -7.12076 -10.4704 -13.8489 -17.2802 -20.7738 -24.3333 -27.9598 -31.654 -35.416 -39.2445 -43.136 -47.0825 -51.0681 -55.0694 -59.0533 -63.0353 -66.8997 -70.4423 -73.8447 -77.3138 -80.3921 -83.1031 -85.7107 -88.1322 -90.1815 -91.9035 -93.4593 -94.6928 -94.9693 -94.2624 -92.9344 -91.1023 -89.0464 -86.7898 -84.3745 -81.8446 -79.1533 -76.3412 -73.432 -70.458 -67.2081 -63.654 -59.8863 -56.1066 -52.2957 -48.4581 -44.606 -40.7562 -36.9234 -33.1179 -29.3466 -25.6148 -21.9262 -18.2835 -14.6861 -11.1266 -7.5817 -3.98189 0 0 0 0 0 
0 0 0 0 0 -2.27625 -5.37198 -8.57598 -11.8271 -15.1347 -18.5025 -21.9285 -25.4105 -28.947 -32.5362 -36.1753 -39.8588 -43.5772 -47.3167 -51.0588 -54.7838 -58.4707 -62.037 -65.4066 -68.7038 -71.9399 -74.9321 -77.6233 -80.301 -82.8784 -84.8143 -86.214 -87.4956 -88.545 -88.6506 -87.9596 -86.6006 -84.8296 -82.922 -80.8556 -78.6609 -76.384 -73.7975 -71.0827 -68.2656 -65.3508 -62.2471 -58.9291 -55.4553 -51.9137 -48.323 -44.7045 -41.0675 -37.4245 -33.7872 -30.165 -26.565 -22.9928 -19.4536 -15.9532 -12.496 -9.08079 -5.6998 -2.42042 0 0 0 0 0 
0 0 0 0 0 0 -3.51494 -6.63446 -9.74864 -12.9292 -16.1728 -19.4677 -22.8068 -26.1872 -29.6067 -33.0618 -36.5464 -40.051 -43.5627 -47.0653 -50.5403 -53.9663 -57.3001 -60.5074 -63.612 -66.5995 -69.462 -72.1643 -74.8832 -77.4812 -79.2398 -80.4161 -81.4458 -82.3819 -82.2724 -81.5107 -80.2578 -78.7206 -76.9607 -75.079 -73.1175 -71.0472 -68.5288 -65.9048 -63.2014 -60.3806 -57.4064 -54.2967 -51.0625 -47.7484 -44.3782 -40.9694 -37.5351 -34.0872 -30.636 -27.19 -23.7555 -20.3377 -16.9424 -13.5796 -10.2639 -7.00078 -3.71629 0 0 0 0 0 0 
0 0 0 0 0 0 -2.05331 -4.6983 -7.60386 -10.6606 -13.792 -16.9626 -20.1618 -23.3882 -26.6415 -29.9188 -33.214 -36.5177 -39.8178 -43.0995 -46.3458 -49.5369 -52.6494 -55.6649 -58.5798 -61.3847 -64.0411 -66.587 -69.1658 -71.5485 -73.0974 -74.2637 -75.1092 -75.8032 -75.6579 -75.0965 -74.1553 -72.8517 -71.1687 -69.4007 -67.6516 -65.7951 -63.3843 -60.8153 -58.2068 -55.5114 -52.6973 -49.7727 -46.746 -43.6394 -40.472 -37.2599 -34.0164 -30.753 -27.4795 -24.2034 -20.9294 -17.66 -14.3987 -11.1588 -7.97936 -4.9421 -2.1646 0 0 0 0 0 0 
0 0 0 0 0 0 0 -2.50156 -5.30794 -8.31722 -11.3719 -14.429 -17.4895 -20.5624 -23.6524 -26.758 -29.873 -32.988 -36.0913 -39.1692 -42.2064 -45.186 -48.0905 -50.905 -53.6201 -56.2287 -58.7026 -61.0562 -63.3494 -65.4285 -66.9657 -68.2364 -68.8526 -69.2199 -69.1405 -68.7526 -68.0496 -66.9453 -65.4166 -63.7808 -62.1278 -60.2864 -58.0888 -55.7355 -53.2905 -50.748 -48.1 -45.3508 -42.5096 -39.5911 -36.6104 -33.5817 -30.5175 -27.4289 -24.3257 -21.2147 -18.0987 -14.9743 -11.8336 -8.67768 -5.55257 -2.62367 0 0 0 0 0 0 0 
0 0 0 0 0 0 0 0 -2.80911 -5.9285 -8.94925 -11.8922 -14.8048 -17.7194 -20.6477 -23.5878 -26.5321 -29.47 -32.3901 -35.2796 -38.1246 -40.9103 -43.6216 -46.2445 -48.7668 -51.1766 -53.4591 -55.6053 -57.6124 -59.4067 -60.877 -62.0931 -62.6698 -62.9496 -62.8932 -62.5508 -61.9285 -60.9611 -59.6928 -58.2688 -56.6911 -54.894 -52.8963 -50.7442 -48.4717 -46.09 -43.6039 -41.0208 -38.3504 -35.6049 -32.7969 -29.939 -27.0429 -24.1196 -21.1795 -18.231 -15.2765 -12.3048 -9.28386 -6.16567 -2.92956 0 0 0 0 0 0 0 0 
0 0 0 0 0 0 0 0 0 -3.63843 -6.60447 -9.38555 -12.1182 -14.8628 -17.6309 -20.4136 -23.1974 -25.9699 -28.7195 -31.4344 -34.1021 -36.7089 -39.2411 -41.6846 -44.0261 -46.2518 -48.3465 -50.2946 -52.0748 -53.6433 -54.9482 -55.9784 -56.5757 -56.8719 -56.8581 -56.568 -56.009 -55.1688 -54.0838 -52.8089 -51.3419 -49.6843 -47.8542 -45.873 -43.7623 -41.5363 -39.205 -36.7782 -34.2665 -31.6811 -29.0334 -26.3346 -23.5955 -20.8271 -18.0418 -15.2534 -12.4714 -9.68445 -6.83137 -3.77158 0 0 0 0 0 0 0 0 0 
0 0 0 0 0 0 0 0 0 -2.02077 -4.44464 -6.92731 -9.41972 -11.9827 -14.5997 -17.2382 -19.874 -22.4927 -25.0836 -27.6366 -30.1403 -32.5823 -34.9492 -37.2269 -39.4013 -41.4578 -43.3805 -45.1517 -46.749 -48.142 -49.2975 -50.1881 -50.769 -51.0653 -51.0865 -50.8463 -50.3559 -49.6221 -48.6649 -47.5095 -46.1672 -44.647 -42.963 -41.1314 -39.1684 -37.0878 -34.9014 -32.6205 -30.2562 -27.8195 -25.321 -22.7706 -20.1774 -17.5514 -14.9073 -12.2694 -9.67117 -7.13028 -4.58558 -2.08929 0 0 0 0 0 0 0 0 0 
0 0 0 0 0 0 0 0 0 0 -2.226 -4.45935 -6.65059 -9.04868 -11.547 -14.0654 -16.5678 -19.0433 -21.4857 -23.888 -26.2403 -28.5309 -30.7463 -32.8724 -34.8944 -36.7976 -38.566 -40.1826 -41.6275 -42.8783 -43.9118 -44.7074 -45.2471 -45.5338 -45.5737 -45.3752 -44.9472 -44.299 -43.444 -42.3972 -41.1702 -39.7737 -38.2195 -36.5211 -34.6919 -32.745 -30.6925 -28.5463 -26.3183 -24.0196 -21.6605 -19.2493 -16.7919 -14.2941 -11.7664 -9.24565 -6.81364 -4.57994 -2.29138 0 0 0 0 0 0 0 0 0 0 
0 0 0 0 0 0 0 0 0 0 0 -2.03349 -3.67463 -6.01442 -8.47413 -10.9085 -13.2885 -15.6271 -17.928 -20.1892 -22.4021 -24.5547 -26.6329 -28.6218 -30.5065 -32.2721 -33.9035 -35.385 -36.7002 -37.832 -38.764 -39.4826 -39.978 -40.2493 -40.2993 -40.1335 -39.7588 -39.1828 -38.4148 -37.465 -36.3429 -35.0579 -33.6203 -32.0415 -30.3333 -28.5078 -26.5772 -24.5541 -22.451 -20.2802 -18.0521 -15.7741 -13.4471 -11.0664 -8.61872 -6.13317 -3.75781 -2.08444 0 0 0 0 0 0 0 0 0 0 0 
0 0 0 0 0 0 0 0 0 0 0 0 0 -2.86026 -5.42663 -7.80595 -10.0507 -12.2485 -14.4098 -16.5387 -18.6242 -20.6529 -22.6086 -24.4754 -26.2377 -27.8808 -29.3908 -30.7539 -31.9563 -32.9853 -33.8297 -34.4808 -34.9333 -35.1859 -35.2405 -35.1009 -34.7717 -34.2585 -33.5674 -32.7051 -31.6784 -30.4947 -29.1624 -27.6913 -26.092 -24.3757 -22.5544 -20.6417 -18.6514 -16.5981 -14.4937 -12.348 -10.1558 -7.90587 -5.50885 -2.91051 0 0 0 0 0 0 0 0 0 0 0 0 0 
0 0 0 0 0 0 0 0 0 0 0 0 0 0 -2.56617 -4.83804 -6.85966 -8.9065 -10.9241 -12.9317 -14.9032 -16.824 -18.6734 -20.4336 -22.088 -23.6226 -25.0251 -26.2834 -27.3858 -28.3232 -29.0887 -29.6777 -30.0883 -30.3205 -30.3761 -30.2578 -29.9686 -29.512 -28.8912 -28.1096 -27.171 -26.08 -24.8433 -23.4693 -21.9677 -20.3485 -18.6232 -16.8067 -14.915 -12.9672 -10.9765 -8.96828 -6.92223 -4.89241 -2.60032 0 0 0 0 0 0 0 0 0 0 0 0 0 0 
0 0 0 0 0 0 0 0 0 0 0 0 0 0 0 -2.12037 -3.64345 -5.59376 -7.44817 -9.36089 -11.2329 -13.0664 -14.8274 -16.4976 -18.058 -19.4964 -20.8038 -21.9686 -22.9804 -23.833 -24.524 -25.0532 -25.4218 -25.6318 -25.6856 -25.5854 -25.3331 -24.9297 -24.3758 -23.6712 -22.8159 -21.8111 -20.6614 -19.3748 -17.9611 -16.4272 -14.7834 -13.047 -11.2346 -9.37905 -7.4769 -5.62641 -3.67247 -2.14122 0 0 0 0 0 0 0 0 0 0 0 0 0 0 0 
0 0 0 0 0 0 0 0 0 0 0 0 0 0 0 0 0 -2.37694 -3.91398 -5.8308 -7.60097 -9.38148 -11.072 -12.6716 -14.1501 -15.5012 -16.7252 -17.8068 -18.7341 -19.5045 -20.1211 -20.5892 -20.9137 -21.0993 -21.1491 -21.0653 -20.8485 -20.498 -20.0111 -19.3835 -18.6102 -17.6873 -16.6164 -15.4076 -14.0748 -12.6159 -11.036 -9.36322 -7.59746 -5.83753 -3.92561 -2.388 0 0 0 0 0 0 0 0 0 0 0 0 0 0 0 0 0 
0 0 0 0 0 0 0 0 0 0 0 0 0 0 0 0 0 0 0 -2.44738 -3.95871 -5.78649 -7.40771 -8.96654 -10.3696 -11.6329 -12.7891 -13.7992 -14.6447 -15.3298 -15.8669 -16.2686 -16.5448 -16.7025 -16.7462 -16.678 -16.4977 -16.2026 -15.787 -15.2416 -14.554 -13.7115 -12.7092 -11.5643 -10.3144 -8.92584 -7.38131 -5.77247 -3.95448 -2.448 0 0 0 0 0 0 0 0 0 0 0 0 0 0 0 0 0 0 0 
0 0 0 0 0 0 0 0 0 0 0 0 0 0 0 0 0 0 0 0 0 -2.39807 -3.80578 -5.41733 -6.72867 -7.87187 -8.9991 -9.95607 -10.7158 -11.3032 -11.7481 -12.0734 -12.2942 -12.4198 -12.4553 -12.4029 -12.2617 -12.0278 -11.6927 -11.2419 -10.6528 -9.89542 -8.9445 -7.82608 -6.69261 -5.39173 -3.79098 -2.39086 0 0 0 0 0 0 0 0 0 0 0 0 0 0 0 0 0 0 0 0 0 
0 0 0 0 0 0 0 0 0 0 0 0 0 0 0 0 0 0 0 0 0 0 0 -2.16832 -3.25595 -4.12679 -5.37935 -6.31018 -6.95934 -7.41893 -7.74892 -7.98283 -8.13892 -8.22707 -8.25232 -8.21647 -8.11852 -7.95415 -7.71407 -7.38042 -6.91995 -6.27291 -5.34735 -4.10292 -3.23826 -2.1575 0 0 0 0 0 0 0 0 0 0 0 0 0 0 0 0 0 0 0 0 0 0 0 
0 0 0 0 0 0 0 0 0 0 0 0 0 0 0 0 0 0 0 0 0 0 0 0 0 0 -2.08133 -2.94598 -3.3924 -3.66429 -3.84582 -3.97005 -4.05156 -4.09727 -4.11044 -4.09216 -4.04173 -3.95622 -3.82902 -3.64577 -3.37366 -2.92891 -2.06906 0 0 0 0 0 0 0 0 0 0 0 0 0 0 0 0 0 0 0 0 0 0 0 0 0 0 
0 0 0 0 0 0 0 0 0 0 0 0 0 0 0 0 0 0 0 0 0 0 0 0 0 0 0 0 0 0 0 0 0 0 0 0 0 0 0 0 0 0 0 0 0 0 0 0 0 0 0 0 0 0 0 0 0 0 0 0 0 0 0 0 0 0 0 0 0 
