0 0 0 0 0 0 0 0 0 0 0 0 0 0 0 0 0 0 0 0 0 0 0 0 0 0 0 0 0 0 0 0 0 0 0 0 0 0 0 0 0 0 0 0 0 0 0 0 0 0 0 0 0 0 0 0 0 0 0 0 0 0 0 0 0 0 0 0 0 
0 0 0 0 0 0 0 0 0 0 0 0 0 0 0 0 0 0 0 0 0 0 0 0 0 0 0 0 0 0 0 0 0 0 0 0 0 0 0 0 0 0 0 0 0 0 0 0 0 0 0 0 0 0 0 0 0 0 0 0 0 0 0 0 0 0 0 0 0 
0 0 0 0 0 0 0 0 0 0 0 0 0 0 0 0 0 0 0 0 0 0 0 0 0 0 0 0 0 0 0 0 0 0 0 0 0 0 0 0 0 0 0 0 0 0 0 0 0 0 0 0 0 0 0 0 0 0 0 0 0 0 0 0 0 0 0 0 0 
0 0 0 0 0 0 0 0 0 0 0 0 0 0 0 0 0 0 0 0 0 0 0 0 0 0 0 0 0 0 0 0 0 0 0 0 0 0 0 0 0 0 0 0 0 0 0 0 0 0 0 0 0 0 0 0 0 0 0 0 0 0 0 0 0 0 0 0 0 
0 0 0 0 0 0 0 0 0 0 0 0 0 0 0 0 0 0 0 0 0 0 0 0 0 0 0 0 0 0 0 0 0 0 0 0 0 0 0 0 0 0 0 0 0 0 0 0 0 0 0 0 0 0 0 0 0 0 0 0 0 0 0 0 0 0 0 0 0 
0 0 0 0 0 0 0 0 0 0 0 0 0 0 0 0 0 0 0 0 0 0 0 0 0 0 0 0 0 0 0 0 0 0 0 0 0 0 0 0 0 0 0 0 0 0 0 0 0 0 0 0 0 0 0 0 0 0 0 0 0 0 0 0 0 0 0 0 0 
0 0 0 0 0 0 0 0 0 0 0 0 0 0 0 0 0 0 0 0 0 0 0 0 0 0 0 0 0 0 0 0 0 0 0 0 0 0 0 0 0 0 0 0 0 0 0 0 0 0 0 0 0 0 0 0 0 0 0 0 0 0 0 0 0 0 0 0 0 
0 0 0 0 0 0 0 0 0 0 0 0 0 0 0 0 0 0 0 0 0 0 0 0 0 0 0 0 0 0 0 0 0 0 0 0 0 0 0 0 0 0 0 0 0 0 0 0 0 0 0 0 0 0 0 0 0 0 0 0 0 0 0 0 0 0 0 0 0 
0 0 0 0 0 0 0 0 0 0 0 0 0 0 0 0 0 0 0 0 0 0 0 0 0 0 0 0 0 0 0 0 0 0 0 0 0 0 0 0 0 0 0 0 0 0 0 0 0 0 0 0 0 0 0 0 0 0 0 0 0 0 0 0 0 0 0 0 0 
0 0 0 0 0 0 0 0 0 0 0 0 0 0 0 0 0 0 0 0 0 0 0 0 0 0 0 0 0 0 0 0 0 0 0 0 0 0 0 0 0 0 0 0 0 0 0 0 0 0 0 0 0 0 0 0 0 0 0 0 0 0 0 0 0 0 0 0 0 
0 0 0 0 0 0 0 0 0 0 0 0 0 0 0 0 0 0 0 0 0 0 0 0 0 0 0 0 0 0 0 0 0 0 0 0 0 0 0 0 0 0 0 0 0 0 0 0 0 0 0 0 0 0 0 0 0 0 0 0 0 0 0 0 0 0 0 0 0 
0 0 0 0 0 0 0 0 0 0 0 0 0 0 0 0 0 0 0 0 0 0 0 0 0 0 0 0 0 0 0 0 0 0 0 0 0 0 0 0 0 0 0 0 0 0 0 0 0 0 0 0 0 0 0 0 0 0 0 0 0 0 0 0 0 0 0 0 0 
0 0 0 0 0 0 0 0 0 0 0 0 0 0 0 0 0 0 0 0 0 0 0 0 0 0 0 0 0 0 0 0 0 0 0 0 0 0 0 0 0 0 0 0 0 0 0 0 0 0 0 0 0 0 0 0 0 0 0 0 0 0 0 0 0 0 0 0 0 
0 0 0 0 0 0 0 0 0 0 0 0 0 0 0 0 0 0 0 0 0 0 0 0 0 0 0 0 0 0 0 0 0 0 0 0 0 0 0 0 0 0 0 0 0 0 0 0 0 0 0 0 0 0 0 0 0 0 0 0 0 0 0 0 0 0 0 0 0 
0 0 0 0 0 0 0 0 0 0 0 0 0 0 0 0 0 0 0 0 0 0 0 0 0 0 0 0 -6.56367e-06 -0.000130243 -0.000278563 -0.000624345 -8.98361e-05 -5.97174e-06 -0.000398984 -0.000652933 -1.83206e-05 -8.31227e-06 -0.000628119 -0.000322542 0 0 0 0 0 0 0 0 0 0 0 0 0 0 0 0 0 0 0 0 0 0 0 0 0 0 0 0 0 
0 0 0 0 0 0 0 0 0 0 0 0 0 0 0 0 0 0 0 0 0 0 0 0 0 0 0 0 -0.000239129 -0.00144777 -0.0002455 -0.00124758 -0.00122255 -0.000205445 -0.00119027 -0.00129355 -0.00102359 -0.000262 -0.000362748 -0.000912676 -9.67223e-05 -0.000373971 -0.000392742 0 0 0 0 0 0 0 0 0 0 0 0 0 0 0 0 0 0 0 0 0 0 0 0 0 0 
0 0 0 0 0 0 0 0 0 0 0 0 0 0 0 0 0 0 0 0 0 0 0 0 0 -0.000484493 -0.000901677 -0.00108038 -0.000533476 -0.00148144 -0.000483586 -0.000469591 -0.000611344 -1.45963e-06 -0.000929334 -0.00155573 -0.00116808 -2.99222e-05 -0.00119512 -0.00225588 -0.000830312 -0.000648944 -0.000162761 -0.000453189 -0.000328831 0 0 0 0 0 0 0 0 0 0 0 0 0 0 0 0 0 0 0 0 0 0 0 0 
0 0 0 0 0 0 0 0 0 0 0 0 0 0 0 0 0 0 0 0 0 0 0 -0.000332659 -0.000140257 -0.000258674 -0.00156058 -0.00178545 -0.00103753 -0.000906694 -0.000741718 -0.000519925 0 -0.000434193 -0.001043 -0.000210511 -0.000976397 -0.00116636 -0.000685088 -0.00145002 -0.000611675 -0.000204217 -0.00104797 -0.00114884 -0.000332694 -0.00116952 -0.000221889 0 0 0 0 0 0 0 0 0 0 0 0 0 0 0 0 0 0 0 0 0 0 
0 0 0 0 0 0 0 0 0 0 0 0 0 0 0 0 0 0 0 0 0 0 -0.000251417 -0.00103084 -0.000163202 -0.000931562 -0.00164687 -0.00164561 -0.000775669 -0.000534882 -0.000130633 -0.000478209 0 -0.000201804 -0.000823221 -0.000790351 -0.000623297 -0.000740352 -0.000271379 -0.000949657 -0.0004594 -4.23795e-06 -1.97674e-05 -0.000180667 -0.00217775 -0.00163899 -0.00118476 -0.000272665 0 0 0 0 0 0 0 0 0 0 0 0 0 0 0 0 0 0 0 0 0 
0 0 0 0 0 0 0 0 0 0 0 0 0 0 0 0 0 0 0 0 -8.56605e-05 -0.000874485 -0.00126873 -0.000607577 -0.000379738 -0.000555435 -0.000500292 -0.00139013 -0.000532679 -0.000538437 -3.47278e-05 -0.000449888 -0.000929471 -0.0012428 -0.000247184 -0.00105035 -0.00036174 -0.000148935 -0.00102806 -0.0022131 -0.000785944 -0.000425717 -0.000557897 -0.000248411 -0.000740608 -0.000740496 -0.00151575 -0.00084351 -0.000130092 0 0 0 0 0 0 0 0 0 0 0 0 0 0 0 0 0 0 0 0 
0 0 0 0 0 0 0 0 0 0 0 0 0 0 0 0 0 0 0 0 -0.000611677 -0.000233928 -0.00079646 -0.00093612 -0.0008977 -0.000863352 -0.000999877 -0.000335473 -1.30241e-05 -0.00050856 -0.00200201 -0.00108173 -0.00190164 -0.00147894 -0.000144497 -0.00072943 -0.00149834 -0.000429908 -0.000295834 -0.00263524 -0.000792479 -0.000549724 -0.00078924 -1.90424e-05 -0.000114482 -0.000864744 -0.000762054 -0.000617609 -0.000646334 -2.62529e-05 0 0 0 0 0 0 0 0 0 0 0 0 0 0 0 0 0 0 0 
0 0 0 0 0 0 0 0 0 0 0 0 0 0 0 0 0 0 -0.000109474 -0.000635536 -0.00112906 -0.000500138 -0.00044795 -0.000909701 -0.00273464 -0.000667679 -0.000907618 -0.000997849 -0.000319438 -0.00129409 -0.000803145 -0.000665815 -0.0013828 -0.000286325 -0.00106052 -0.00189562 -0.0018592 -0.00061903 -0.000657544 -0.000658838 -0.000373431 -0.00100726 -0.00100095 -0.0005042 -0.00125725 -0.000448464 -0.00096405 -0.00126699 -0.000385623 -4.55469e-05 -0.000227281 0 0 0 0 0 0 0 0 0 0 0 0 0 0 0 0 0 0 
0 0 0 0 0 0 0 0 0 0 0 0 0 0 0 0 0 0 -0.000245287 -0.00194054 -0.00133315 -0.000943738 -0.00153012 -0.000177193 -0.000720323 -0.0017942 -0.00139534 -0.000158295 -0.00091333 -0.000450694 0 -0.000136362 -0.000617876 -0.000455897 -0.000821047 -0.00125864 -0.00112134 -0.000877686 -0.000190179 -0.00115097 -0.00116394 -0.000296459 -0.00190992 -0.0011522 -0.000760581 -0.000539108 -0.00115336 -0.000743334 -0.000616608 -0.000610012 -0.000764453 0 0 0 0 0 0 0 0 0 0 0 0 0 0 0 0 0 0 
0 0 0 0 0 0 0 0 0 0 0 0 0 0 0 0 0 -5.2466e-05 -0.000178865 -0.000687737 -0.00163862 -0.000993033 -0.00295232 -0.00228615 -0.000810357 -0.000898972 -0.00059231 -0.000221893 -0.000518725 -0.000491535 -0.000205161 -0.00027758 -0.00106845 -0.00071307 -0.000170322 -0.000168112 -0.000779113 -0.000984118 -0.00130735 -0.00102056 -0.000432276 -1.48922e-05 -0.000972306 -0.000962926 -0.000545429 -0.0012913 -0.000441141 -0.00112732 -0.000911333 -0.000799296 -0.000562716 -0.000544708 0 0 0 0 0 0 0 0 0 0 0 0 0 0 0 0 0 
0 0 0 0 0 0 0 0 0 0 0 0 0 0 0 0 0 -0.000250262 -0.000429473 -0.000563344 0 -2.83842e-05 -0.00120938 -0.000813463 -0.000772301 -0.000680779 -0.000439101 -0.00283823 -0.000800049 -0.0010041 -0.00150213 -0.000427414 -0.000526849 -0.00175558 -0.00111205 -0.00151953 -0.000537347 -7.58282e-05 -0.0013015 -0.00188089 -0.00051478 -0.000176524 -0.000507807 -0.000213792 -0.00012742 -0.00057156 -0.000955753 -0.0013665 -0.00100337 -0.00142085 -0.00150448 -0.000752223 -0.00178401 -0.000242822 0 0 0 0 0 0 0 0 0 0 0 0 0 0 0 
0 0 0 0 0 0 0 0 0 0 0 0 0 0 0 0 0 0 -0.0006665 -0.000954315 -0.000100901 -0.00221152 -0.00176854 -0.000216983 -0.000560884 -0.000887541 -0.00100888 -0.0027438 -0.000186611 -0.000918763 -0.00142416 -0.000927886 -0.000167588 -0.000581867 -0.000941296 -0.00102059 -0.000920322 -0.000171117 -0.001182 -0.00150396 -0.000554208 -0.000884393 -0.000441478 -0.000705784 -0.00022043 -0.000461665 -0.00157134 -0.00146228 -0.000296919 -0.000773495 -0.000554107 -0.000499072 -0.00179595 -0.000143587 0 0 0 0 0 0 0 0 0 0 0 0 0 0 0 
0 0 0 0 0 0 0 0 0 0 0 0 0 0 0 0 0 0 -0.00114456 -0.00166717 -0.00142659 -0.00298848 -0.00165583 -0.000263206 -8.28434e-05 -0.000977189 -0.00140202 -0.00102504 -0.000537005 0 -9.5118e-05 -0.000850349 -0.000572362 -0.000886844 -0.000285754 -9.05722e-05 -0.000290143 -9.44444e-05 -0.000827885 -0.000583973 -0.000143782 -0.00175588 -0.000632352 -0.000141441 -0.000199252 -0.000454909 -0.00101764 -0.00108693 -0.000335679 -0.000445417 -0.000816048 -0.000672049 -0.000349544 -0.000116052 0 0 0 0 0 0 0 0 0 0 0 0 0 0 0 
0 0 0 0 0 0 0 0 0 0 0 0 0 0 0 -0.000150829 -0.000321503 -0.000474263 -0.000403494 -0.00164266 -0.00147434 -0.000662698 -0.000537669 -0.000379813 -0.000847514 0 -0.00186147 -0.00177253 -0.00167682 -0.000584404 -0.000577642 -0.000302839 -0.000793736 -0.00187843 -0.00135249 -0.00090563 -0.000217853 -2.02583e-05 -0.000622895 -0.00116397 -0.000571581 -0.000187603 -9.61875e-05 0 -0.000573008 -0.000953122 -0.000757757 -0.000545137 -0.00109879 -0.000334827 -0.000558858 -0.000338738 -0.001771 -0.00115663 -0.00060266 0 0 0 0 0 0 0 0 0 0 0 0 0 0 
0 0 0 0 0 0 0 0 0 0 0 0 0 0 0 -0.00112836 -0.00242888 -0.000224221 -0.000677542 -0.00111766 -0.000493497 -0.000643842 -0.000689922 -0.000546692 -0.000887878 0 -0.000429252 -0.0013273 -7.51518e-05 -0.00103024 -0.0022319 -0.00068541 -0.00078636 -0.000656178 -0.000156727 -0.000940782 -0.000814457 -1.71284e-06 -0.000379583 -0.00194669 -0.00108944 -0.00051022 -0.000242063 -0.000147603 -0.00079093 -0.00116825 -0.000743385 -6.90349e-05 -0.000165715 -0.000622135 -0.00112746 -0.00012748 -0.002579 -0.0019091 -0.000758617 0 0 0 0 0 0 0 0 0 0 0 0 0 0 
0 0 0 0 0 0 0 0 0 0 0 0 0 0 0 0 -0.000978873 -0.00200449 -0.000738407 -0.000773365 -0.000458445 -0.00112068 -0.000755619 -0.000805834 -5.97485e-05 -3.77652e-05 -0.0026139 -0.0018603 -0.000729877 -0.00118926 -0.000320268 -0.000336321 -0.000736088 -0.000838728 -0.00036204 -0.00022972 -0.0011261 -0.000818448 -0.00117803 -0.000911951 -0.00150178 -0.000910253 -0.000433286 -0.000621016 -0.000625971 -0.00137847 -0.000902611 -0.000647063 -0.000803205 -0.000195748 -0.00220401 -0.00097319 -0.00140125 -0.00270287 -0.001523 -0.000131666 0 0 0 0 0 0 0 0 0 0 0 0 0 
0 0 0 0 0 0 0 0 0 0 0 0 0 0 -0.000121446 -0.000734784 -0.00228366 -0.00208868 -0.000684075 -0.000248869 -0.00122274 -0.0012802 -0.00119238 -0.0005616 0 -0.000571347 -0.00309839 -0.00126281 -0.000936944 -0.000455569 -0.00063175 -0.000588486 -0.000868206 -0.00128123 -0.000352094 -0.0007186 -0.000159758 -0.000979181 -0.000268264 -9.75656e-05 -0.000239493 -0.000897962 -0.00013082 -2.94514e-05 -0.00102724 -0.00106964 -0.000687078 -0.00130959 -0.000800774 -0.000494693 -0.00118725 -0.000444103 -0.00116534 -0.00134136 -0.000803707 -0.00010879 0 0 0 0 0 0 0 0 0 0 0 0 0 
0 0 0 0 0 0 0 0 0 0 0 0 0 0 -0.000683082 -0.00110873 -0.000582234 -0.00230547 -0.000521131 -0.00108443 -0.000533409 -0.00125718 -0.00212578 -0.000282079 -4.37528e-05 -0.00032796 -0.000294569 -0.000786796 -0.000516953 -6.20946e-05 -0.000219027 -9.20308e-05 -0.00138373 -0.00135979 -0.000265371 -0.000733313 -2.89829e-05 -0.000377548 -0.00048459 -0.000868203 -0.00071022 -0.00150673 -0.00369415 -0.00295778 -0.000999723 -0.000297383 -0.000855748 -0.00136209 -0.000754579 -0.00125202 -0.000378416 -0.00137225 -0.000493944 -0.00101839 -0.000807296 -0.000870337 0 0 0 0 0 0 0 0 0 0 0 0 0 
0 0 0 0 0 0 0 0 0 0 0 0 0 0 -0.000680088 -0.00046363 -0.000620359 -0.000176518 -2.7425e-06 -0.000434541 -0.000714964 -0.00193705 -0.00183997 -0.000551876 -0.00110161 -0.00161093 -0.000704383 -0.000636016 -0.000974929 -3.77275e-05 -0.00127678 -0.000877821 -0.00128628 -0.00080609 -0.000230807 -0.00124346 -0.000145778 -0.000511615 -0.000397287 -0.0011365 -0.000766542 -0.00109798 -0.00133388 -0.00364344 -0.00064618 -2.5386e-05 -0.000734412 -0.000354265 -0.000321089 -0.000774677 -0.00169423 -0.00103695 -0.00126022 -0.000898917 -0.000650677 -0.000940918 0 0 0 0 0 0 0 0 0 0 0 0 0 
0 0 0 0 0 0 0 0 0 0 0 0 0 0 -0.000187101 -0.00113753 -0.000319185 -1.18545e-05 -0.000178927 -0.00019813 -0.000481721 -0.00185798 -0.000346744 -0.00018315 -0.00144369 -0.000382737 -0.000698378 -0.000554116 -0.000927107 -0.000388456 -9.4808e-06 -0.000731898 -0.000990526 -0.00772592 -0.0842306 -0.181371 -0.045274 -0.00013866 -0.000404097 -0.000946302 -0.000870591 -0.000473824 -0.000119688 -0.000348301 -0.00165289 -0.00140296 -0.000786856 -0.000599935 -0.000262551 -0.000785122 -0.00105926 -0.000133721 -0.00106003 -0.000825023 -0.000251071 -6.05117e-05 0 0 0 0 0 0 0 0 0 0 0 0 0 
0 0 0 0 0 0 0 0 0 0 0 0 0 0 -5.43607e-05 -0.000321452 -0.00128674 -0.000555225 -0.000644277 -0.000259537 -0.00207368 -0.00180437 -0.000637405 -0.000709213 -0.000241151 -0.000254605 -0.000976135 -0.0011959 -0.000320935 -0.000126456 -0.000773852 -0.00133998 -0.00146988 -0.0405654 -0.241489 -0.291889 -0.0691876 -0.000531397 -0.000210275 -0.000671328 -0.000817347 -0.00048515 -0.000599577 -0.000535103 -0.000708453 -0.000607924 -0.00182142 -0.00196068 -0.0011168 -0.000314485 -0.000447215 -5.68611e-06 -0.00087855 -0.00357925 -0.00103655 0 0 0 0 0 0 0 0 0 0 0 0 0 0 
0 0 0 0 0 0 0 0 0 0 0 0 0 0 -0.000575737 -9.98412e-05 -0.000859738 -0.00144143 -0.00102022 -0.000384476 -0.000835491 -0.000710503 -4.24333e-05 -0.000235143 -0.00126353 -0.00159083 -0.00207238 -0.000834326 -0.000830677 -0.00123083 -0.000753598 -0.000916205 -0.00144139 -0.0261853 -0.249938 -0.218214 -0.0175183 -0.000397506 -0.00101155 -0.000243687 -0.000131358 -0.000141656 -8.85624e-05 -0.000975056 -0.00193146 -0.000760172 -0.000924513 -0.00074555 -0.000810273 -0.000136757 -0.000912141 -0.000604558 -0.00212864 -0.00147225 -0.000506065 0 0 0 0 0 0 0 0 0 0 0 0 0 0 
0 0 0 0 0 0 0 0 0 0 0 0 0 0 -0.000110455 -1.85081e-05 -0.000184651 -0.000386143 -0.000526569 -0.000304229 -0.000571282 -0.00107739 -0.0014578 -0.000346226 -0.00100464 -0.00197367 -0.00110839 -0.000166963 -0.000421075 -2.91858e-05 -0.000107225 -0.000283498 -0.000727984 -0.00732393 -0.158795 -0.106638 -0.00280054 -0.000572797 -0.00117577 -0.000325827 -3.95253e-05 -0.000224014 -0.000717292 -0.000773239 -0.0014553 -0.000790099 -0.00223618 -0.00137861 -0.000924718 -0.000383773 -0.0004779 -0.00044208 -0.00152321 -0.000234696 -0.000828292 -7.75798e-05 -3.9778e-06 0 0 0 0 0 0 0 0 0 0 0 0 
0 0 0 0 0 0 0 0 0 0 0 0 0 0 -0.000120319 -0.000302959 -0.000136301 -0.00142643 -0.00208154 -0.000656629 -0.00106252 -0.000663564 -0.000721788 -0.00104086 -0.00235943 -0.00250345 -0.000386227 -8.78422e-05 -0.00119791 -0.00133386 -0.000980733 -0.000985663 -0.000639552 -0.000326642 -0.0137011 -0.007811 -0.00135144 -0.000707214 -0.000529423 -0.00109771 -0.000878927 -0.000657411 -0.000659347 -0.00108017 -0.00208532 -0.000899795 -0.000733381 -0.000846352 -0.000397281 -0.00026295 -0.000445232 -8.89497e-05 -0.00162096 -0.00196482 -0.00239161 -0.000811708 -4.49612e-05 0 0 0 0 0 0 0 0 0 0 0 0 
0 0 0 0 0 0 0 0 0 0 0 0 0 0 -0.000523936 -0.000770683 -0.000474591 -0.00179753 -0.00398563 -0.000862078 -0.000303367 0 -0.000599194 -0.00123381 -0.00115325 -0.00118975 -0.000492028 -1.58295e-05 -0.00124274 -0.00220948 -0.000844138 -0.000911214 -0.000466724 -0.00081433 -0.000362691 -0.000432485 -0.00135642 -0.000559401 -0.000501428 -0.000359598 -0.000243912 -0.000443308 -0.000883312 -0.000243707 -0.00147984 -0.00145427 -0.000454491 -0.000477666 -0.000145981 -0.00026058 -0.000625547 -0.000200628 -0.000869656 -0.00140097 -0.000871138 -6.59238e-05 0 0 0 0 0 0 0 0 0 0 0 0 0 
0 0 0 0 0 0 0 0 0 0 0 0 0 0 -0.000195623 -0.00130527 -0.000789115 -0.000306908 -0.000529093 -0.00187826 -0.00378101 -0.000869843 -1.29631e-05 -0.000320793 -0.00184143 -0.00190808 -0.001093 -0.000102321 -0.00134142 -0.000633045 -0.000156456 -0.000620355 -0.000555471 -0.000553493 -0.000905069 -0.00122575 -0.00143599 -0.000277829 -0.00102059 -0.00206923 -0.000556483 -0.000630494 -0.000790065 -0.00143857 -0.000961271 -0.000656568 -0.00106106 -0.00157604 -0.000305031 -0.00128903 -0.000947742 -0.00069286 -0.000293796 -0.000781305 -0.000651391 0 0 0 0 0 0 0 0 0 0 0 0 0 0 
0 0 0 0 0 0 0 0 0 0 0 0 0 0 -1.08242e-05 -0.000773677 -0.000620552 -5.46934e-05 -0.00203107 -0.00351654 -0.00167389 -0.00134101 -0.000461479 -0.000474646 -0.00244345 -0.00133877 -0.00114115 -0.000508046 -0.00215426 -0.0005708 -0.000211316 -0.000605989 -0.0015536 -0.00125275 -0.00114496 -0.000531448 -0.0010477 -0.00098072 -0.00114892 -0.000745802 -0.00104305 -0.00063495 -0.00239062 -0.0015053 -0.000501925 -0.000294594 -0.00042105 -0.000456911 -0.000927541 -0.000584345 -0.000998638 -0.000828416 -0.000143884 -0.000757186 -0.00106213 -0.000263912 0 0 0 0 0 0 0 0 0 0 0 0 0 
0 0 0 0 0 0 0 0 0 0 0 0 0 0 -0.000189718 -0.000763911 -0.000589173 -0.00033553 -0.000796315 -0.00166901 -0.0013361 -0.000926012 -0.000530307 -0.000225319 -0.000260473 -0.000585283 -0.000833177 -0.000843095 -0.000505093 -0.000879861 -0.000289596 -0.00049075 -0.00154038 -0.00145345 -0.00119954 -0.000151752 -5.95785e-05 -0.000513418 -0.00151834 -0.000533291 -0.00108233 -0.000349455 -0.000316603 -0.00149749 -0.00102954 -0.000256531 -0.000571726 -0.00102227 -0.00210179 -0.00136297 -0.00086436 -0.001778 -0.000653133 -0.000766918 -0.00052476 -1.74476e-05 0 0 0 0 0 0 0 0 0 0 0 0 0 
0 0 0 0 0 0 0 0 0 0 0 0 0 0 0 -0.00123703 -0.000755728 -0.0015091 -0.00359357 -0.00251062 -0.000599992 -0.000391995 -0.000652131 -0.00132369 -0.000758697 -0.00106293 -0.000718697 -0.000964703 -0.0016542 -0.00118727 -0.00116571 -0.000700313 -0.000823717 -0.00138248 -0.00147531 -0.00047273 -0.000604952 -0.00147649 -0.00108962 -0.00048399 -0.00134223 -0.00150937 -0.00117371 -0.00143825 -0.00117688 -0.000312668 -0.00184537 -0.00109167 -0.000633196 -0.00142778 -0.00101548 -0.000143277 -0.00030392 -0.000620549 -0.000133409 0 0 0 0 0 0 0 0 0 0 0 0 0 0 
0 0 0 0 0 0 0 0 0 0 0 0 0 0 0 -0.000396943 -0.000332706 -0.00183086 -0.00316343 -0.000271082 -0.000627198 -0.000573588 -0.000315814 -0.000171605 -0.000602521 -4.97043e-05 -0.000795551 -0.00214278 -0.00111796 -0.000287896 -0.00102793 -0.000346032 -0.000501944 -0.00071009 -0.00137302 -0.000931414 -0.00069898 -0.00113914 -0.000846234 -0.000927798 -0.00113321 -0.00159768 -0.000859371 -0.00163333 -0.000565118 -0.000105119 -0.00175179 -0.00100738 -0.000750789 -0.000396177 -0.000757523 -0.000527358 -0.000670435 0 0 0 0 0 0 0 0 0 0 0 0 0 0 0 0 
0 0 0 0 0 0 0 0 0 0 0 0 0 0 0 0 -0.000291863 -0.00110118 -0.00040322 -9.72497e-05 -0.000449385 -0.00101382 -0.00126636 -0.000353465 -0.00130206 -0.000967627 -0.00147311 -0.00399629 -0.00273205 -0.000724427 -0.000130165 -0.000272506 -0.000788015 -0.00112852 -0.00144339 -0.00154322 -0.000902931 -0.00101256 -0.000750337 -0.00136513 -0.000679602 -0.00138715 -0.000144771 -0.000968088 -0.000869725 -0.0010564 -0.000560762 -0.000506204 -0.00104283 -0.000374497 -0.000390197 -0.000126654 -0.000346529 0 0 0 0 0 0 0 0 0 0 0 0 0 0 0 0 
0 0 0 0 0 0 0 0 0 0 0 0 0 0 0 0 0 -7.98124e-05 -0.000342366 -0.00112397 -0.00101588 -0.00223618 -0.00136595 -0.000773872 -0.000858156 -0.000996961 -0.00233085 -0.00074403 -0.000269059 -0.000607938 0 -0.00051232 -0.00101966 -0.000741173 -0.00155942 -0.000287821 -0.000725452 -0.000806424 -0.00232524 -0.00217256 -0.00273304 -0.00108625 -0.000519635 -0.00187756 -0.00049793 -5.50056e-05 -0.000168787 -0.000676372 -0.000769792 -0.000497383 -0.000819511 -0.000160989 -0.000722659 0 0 0 0 0 0 0 0 0 0 0 0 0 0 0 0 
0 0 0 0 0 0 0 0 0 0 0 0 0 0 0 0 0 -0.000269088 -0.00107688 -0.00137322 -0.00155384 -0.00136013 -0.00109528 -0.000126876 -0.000831669 -0.000768706 -4.53762e-05 -0.000127383 -0.000315231 -5.52601e-05 -0.000336403 -1.83043e-05 -0.000512078 -0.00087155 -0.0019436 -0.00204484 -0.00191795 -0.000666619 -0.00114684 -0.000978586 -0.000941457 -0.00025651 -0.00209553 -0.000521244 -0.000629355 -1.7018e-05 -2.61495e-05 -0.000865231 -0.00110974 -0.00111568 -0.000269398 -0.000446866 -0.000716323 0 0 0 0 0 0 0 0 0 0 0 0 0 0 0 0 
0 0 0 0 0 0 0 0 0 0 0 0 0 0 0 0 0 -0.000126649 -0.00107083 -0.000396624 -0.0014886 -0.000623505 -0.00080782 -0.000354915 -0.000404401 -0.000458166 -0.000924264 -0.00335418 -0.00239071 -0.000129524 -0.00177266 -0.000649399 -0.000562763 -0.000259127 -0.000857052 -0.00178394 -0.0011487 -0.00195972 -0.00128023 -0.000760959 -0.00151435 -0.000858847 -0.000478582 -0.000302943 0 -0.000475923 -0.000638201 -0.0014819 -0.0017334 -0.00110064 -0.00020962 -0.000333081 0 0 0 0 0 0 0 0 0 0 0 0 0 0 0 0 0 
0 0 0 0 0 0 0 0 0 0 0 0 0 0 0 0 0 0 0 -0.00122053 -0.0027581 -0.00167805 -0.00211185 -0.00101991 -0.00116962 -5.10042e-05 -0.000465038 -0.00137942 -0.00170915 -0.00155988 -0.00211285 -0.000933673 -0.000921811 -8.36232e-05 -0.000264325 -0.000568555 -0.00129113 -0.00176206 -0.00185357 -0.000502666 -0.00113105 -0.000350141 -0.00131925 -0.000961962 -8.53871e-05 -0.000483028 -0.000624142 -0.00178711 -0.00142595 -0.000943641 -0.000293541 -0.000160056 0 0 0 0 0 0 0 0 0 0 0 0 0 0 0 0 0 
0 0 0 0 0 0 0 0 0 0 0 0 0 0 0 0 0 0 0 -9.56707e-05 -0.00101878 -0.000660749 -0.00245448 -0.000714223 -0.00122975 -0.000575823 -0.00111575 -0.00173866 -0.00103949 -0.000787427 -0.00066422 -0.00150166 -0.00136081 -0.000472305 -0.000635031 -0.000595921 -0.00105716 -0.00238284 -0.00214471 -1.91074e-06 -0.00228367 -0.000595996 -3.06271e-05 -0.000816492 -0.00121482 0 0 -4.77724e-05 -8.09177e-05 -0.000105408 -4.45854e-05 0 0 0 0 0 0 0 0 0 0 0 0 0 0 0 0 0 0 
0 0 0 0 0 0 0 0 0 0 0 0 0 0 0 0 0 0 0 0 0 -0.000702898 -0.00141872 -0.00134966 -0.00122173 -0.00098083 -0.000700718 -0.000791623 -0.00239257 -0.00101847 -0.00184422 -0.001316 -0.000303205 -0.000669886 -0.000320614 -0.00147071 -0.00279162 -0.000815674 -0.000329208 -0.000707314 -0.000802024 -0.000634962 -0.000102966 -0.000641462 -0.00025489 -0.000505695 -0.000306537 -0.000761678 -0.000422843 0 0 0 0 0 0 0 0 0 0 0 0 0 0 0 0 0 0 0 0 
0 0 0 0 0 0 0 0 0 0 0 0 0 0 0 0 0 0 0 0 0 -0.000160396 -0.000530882 -0.000285767 -0.00108085 -0.00112234 -0.000416763 -0.000483905 -0.000714151 -0.000811254 -0.00163612 -0.000524946 -0.00133086 -0.00102467 -0.000563375 -0.000838139 -0.0013891 -0.000259489 -0.000773049 -0.000441461 -0.000765477 -0.000670277 -0.000625007 -0.000388676 -0.000506897 -0.000988858 -0.000114244 -0.000252539 0 0 0 0 0 0 0 0 0 0 0 0 0 0 0 0 0 0 0 0 0 
0 0 0 0 0 0 0 0 0 0 0 0 0 0 0 0 0 0 0 0 0 0 0 -0.000199294 -0.00131822 -0.00101548 -0.000289896 -0.000467366 -0.000673895 -0.00104955 -0.000599689 -0.00147088 -0.00101142 -0.00158503 -0.001909 -0.000331139 -0.00148099 -0.000775952 -0.00172048 -0.0018669 -0.000783122 -0.00056025 -0.000847329 -0.001164 -0.00105717 -0.000125229 0 0 0 0 0 0 0 0 0 0 0 0 0 0 0 0 0 0 0 0 0 0 0 
0 0 0 0 0 0 0 0 0 0 0 0 0 0 0 0 0 0 0 0 0 0 0 0 -0.000316329 -0.000914882 -0.000951002 -8.69181e-05 -0.00102028 -0.000685733 -0.000256064 -0.000378868 -0.000956902 -0.0021987 -0.000581186 -0.00133117 -0.00118597 -0.00152752 -0.000868906 -0.00187736 -0.00111377 -0.000233483 -0.00193914 -0.00036068 -0.000195717 0 0 0 0 0 0 0 0 0 0 0 0 0 0 0 0 0 0 0 0 0 0 0 0 
0 0 0 0 0 0 0 0 0 0 0 0 0 0 0 0 0 0 0 0 0 0 0 0 0 0 0 -6.66116e-05 -0.00112837 -0.000798528 -0.00105773 -0.00034818 -0.00143486 -0.000634061 -0.00142405 -0.00176184 -0.0020106 -0.000987663 -0.000871123 -0.000997216 0 -2.11483e-05 -0.000448804 -3.22505e-07 0 0 0 0 0 0 0 0 0 0 0 0 0 0 0 0 0 0 0 0 0 0 0 0 0 
0 0 0 0 0 0 0 0 0 0 0 0 0 0 0 0 0 0 0 0 0 0 0 0 0 0 0 0 -3.99154e-05 -0.000195633 0 0 -0.000222718 -0.00062254 -0.0014529 -0.000716335 -0.000236321 -0.000622559 -0.000559786 -0.000689789 0 0 0 0 0 0 0 0 0 0 0 0 0 0 0 0 0 0 0 0 0 0 0 0 0 0 0 0 0 
0 0 0 0 0 0 0 0 0 0 0 0 0 0 0 0 0 0 0 0 0 0 0 0 0 0 0 0 0 0 0 0 0 0 0 0 0 0 0 0 0 0 0 0 0 0 0 0 0 0 0 0 0 0 0 0 0 0 0 0 0 0 0 0 0 0 0 0 0 
0 0 0 0 0 0 0 0 0 0 0 0 0 0 0 0 0 0 0 0 0 0 0 0 0 0 0 0 0 0 0 0 0 0 0 0 0 0 0 0 0 0 0 0 0 0 0 0 0 0 0 0 0 0 0 0 0 0 0 0 0 0 0 0 0 0 0 0 0 
0 0 0 0 0 0 0 0 0 0 0 0 0 0 0 0 0 0 0 0 0 0 0 0 0 0 0 0 0 0 0 0 0 0 0 0 0 0 0 0 0 0 0 0 0 0 0 0 0 0 0 0 0 0 0 0 0 0 0 0 0 0 0 0 0 0 0 0 0 
0 0 0 0 0 0 0 0 0 0 0 0 0 0 0 0 0 0 0 0 0 0 0 0 0 0 0 0 0 0 0 0 0 0 0 0 0 0 0 0 0 0 0 0 0 0 0 0 0 0 0 0 0 0 0 0 0 0 0 0 0 0 0 0 0 0 0 0 0 
0 0 0 0 0 0 0 0 0 0 0 0 0 0 0 0 0 0 0 0 0 0 0 0 0 0 0 0 0 0 0 0 0 0 0 0 0 0 0 0 0 0 0 0 0 0 0 0 0 0 0 0 0 0 0 0 0 0 0 0 0 0 0 0 0 0 0 0 0 
0 0 0 0 0 0 0 0 0 0 0 0 0 0 0 0 0 0 0 0 0 0 0 0 0 0 0 0 0 0 0 0 0 0 0 0 0 0 0 0 0 0 0 0 0 0 0 0 0 0 0 0 0 0 0 0 0 0 0 0 0 0 0 0 0 0 0 0 0 
0 0 0 0 0 0 0 0 0 0 0 0 0 0 0 0 0 0 0 0 0 0 0 0 0 0 0 0 0 0 0 0 0 0 0 0 0 0 0 0 0 0 0 0 0 0 0 0 0 0 0 0 0 0 0 0 0 0 0 0 0 0 0 0 0 0 0 0 0 
0 0 0 0 0 0 0 0 0 0 0 0 0 0 0 0 0 0 0 0 0 0 0 0 0 0 0 0 0 0 0 0 0 0 0 0 0 0 0 0 0 0 0 0 0 0 0 0 0 0 0 0 0 0 0 0 0 0 0 0 0 0 0 0 0 0 0 0 0 
0 0 0 0 0 0 0 0 0 0 0 0 0 0 0 0 0 0 0 0 0 0 0 0 0 0 0 0 0 0 0 0 0 0 0 0 0 0 0 0 0 0 0 0 0 0 0 0 0 0 0 0 0 0 0 0 0 0 0 0 0 0 0 0 0 0 0 0 0 
0 0 0 0 0 0 0 0 0 0 0 0 0 0 0 0 0 0 0 0 0 0 0 0 0 0 0 0 0 0 0 0 0 0 0 0 0 0 0 0 0 0 0 0 0 0 0 0 0 0 0 0 0 0 0 0 0 0 0 0 0 0 0 0 0 0 0 0 0 
0 0 0 0 0 0 0 0 0 0 0 0 0 0 0 0 0 0 0 0 0 0 0 0 0 0 0 0 0 0 0 0 0 0 0 0 0 0 0 0 0 0 0 0 0 0 0 0 0 0 0 0 0 0 0 0 0 0 0 0 0 0 0 0 0 0 0 0 0 
0 0 0 0 0 0 0 0 0 0 0 0 0 0 0 0 0 0 0 0 0 0 0 0 0 0 0 0 0 0 0 0 0 0 0 0 0 0 0 0 0 0 0 0 0 0 0 0 0 0 0 0 0 0 0 0 0 0 0 0 0 0 0 0 0 0 0 0 0 
0 0 0 0 0 0 0 0 0 0 0 0 0 0 0 0 0 0 0 0 0 0 0 0 0 0 0 0 0 0 0 0 0 0 0 0 0 0 0 0 0 0 0 0 0 0 0 0 0 0 0 0 0 0 0 0 0 0 0 0 0 0 0 0 0 0 0 0 0 
