0 0 0 0 0 0 0 0 0 0 0 0 0 0 0 0 0 0 0 0 0 0 0 0 0 0 0 0 0 0 0 0 0 0 0 0 0 0 0 0 0 0 0 0 0 0 0 0 0 0 0 0 0 0 0 0 0 0 0 0 0 0 0 0 0 0 0 0 0 
0 0 0 0 0 0 0 0 0 0 0 0 0 0 0 0 0 0 0 0 0 0 0 0 0 0 0 0 0 0 0 0 0 0 0 0 0 0 0 0 0 0 0 0 0 0 0 0 0 0 0 0 0 0 0 0 0 0 0 0 0 0 0 0 0 0 0 0 0 
0 0 0 0 0 0 0 0 0 0 0 0 0 0 0 0 0 0 0 0 0 0 0 0 0 0 0 0 0 0 0 0 0 0 0 0 0 0 0 0 0 0 0 0 0 0 0 0 0 0 0 0 0 0 0 0 0 0 0 0 0 0 0 0 0 0 0 0 0 
0 0 0 0 0 0 0 0 0 0 0 0 0 0 0 0 0 0 0 0 0 0 0 0 0 0 0 0 0 0 0 0 0 0 0 0 0 0 0 0 0 0 0 0 0 0 0 0 0 0 0 0 0 0 0 0 0 0 0 0 0 0 0 0 0 0 0 0 0 
0 0 0 0 0 0 0 0 0 0 0 0 0 0 0 0 0 0 0 0 0 0 0 0 0 0 0 0 0 0 0 0 0 0 0 0 0 0 0 0 0 0 0 0 0 0 0 0 0 0 0 0 0 0 0 0 0 0 0 0 0 0 0 0 0 0 0 0 0 
0 0 0 0 0 0 0 0 0 0 0 0 0 0 0 0 0 0 0 0 0 0 0 0 0 0 0 0 0 0 0 0 0 0 0 0 0 0 0 0 0 0 0 0 0 0 0 0 0 0 0 0 0 0 0 0 0 0 0 0 0 0 0 0 0 0 0 0 0 
0 0 0 0 0 0 0 0 0 0 0 0 0 0 0 0 0 0 0 0 0 0 0 0 0 0 0 0 0 0 0 0 0 0 0 0 0 0 0 0 0 0 0 0 0 0 0 0 0 0 0 0 0 0 0 0 0 0 0 0 0 0 0 0 0 0 0 0 0 
0 0 0 0 0 0 0 0 0 0 0 0 0 0 0 0 0 0 0 0 0 0 0 0 0 0 0 0 0 0 0 0 0 0 0 0 0 0 0 0 0 0 0 0 0 0 0 0 0 0 0 0 0 0 0 0 0 0 0 0 0 0 0 0 0 0 0 0 0 
0 0 0 0 0 0 0 0 0 0 0 0 0 0 0 0 0 0 0 0 0 0 0 0 0 0 0 0 0 0 0 0 0 0 0 0 0 0 0 0 0 0 0 0 0 0 0 0 0 0 0 0 0 0 0 0 0 0 0 0 0 0 0 0 0 0 0 0 0 
0 0 0 0 0 0 0 0 0 0 0 0 0 0 0 0 0 0 0 0 0 0 0 0 0 0 0 0 0 0 0 0 0 0 0 0 0 0 0 0 0 0 0 0 0 0 0 0 0 0 0 0 0 0 0 0 0 0 0 0 0 0 0 0 0 0 0 0 0 
0 0 0 0 0 0 0 0 0 0 0 0 0 0 0 0 0 0 0 0 0 0 0 0 0 0 0 0 0 0 0 0 0 0 0 0 0 0 0 0 0 0 0 0 0 0 0 0 0 0 0 0 0 0 0 0 0 0 0 0 0 0 0 0 0 0 0 0 0 
0 0 0 0 0 0 0 0 0 0 0 0 0 0 0 0 0 0 0 0 0 0 0 0 0 0 0 0 0 0 0 0 0 0 0 0 0 0 0 0 0 0 0 0 0 0 0 0 0 0 0 0 0 0 0 0 0 0 0 0 0 0 0 0 0 0 0 0 0 
0 0 0 0 0 0 0 0 0 0 0 0 0 0 0 0 0 0 0 0 0 0 0 0 0 0 0 0 0 0 0 0 0 0 0 0 0 0 0 0 0 0 0 0 0 0 0 0 0 0 0 0 0 0 0 0 0 0 0 0 0 0 0 0 0 0 0 0 0 
0 0 0 0 0 0 0 0 0 0 0 0 0 0 0 0 0 0 0 0 0 0 0 0 0 0 0 0 0 0 0 0 0 -0.000101498 -8.68001e-05 0 0 -0.000112589 -2.16332e-05 0 0 0 0 0 0 0 0 0 0 0 0 0 0 0 0 0 0 0 0 0 0 0 0 0 0 0 0 0 0 
0 0 0 0 0 0 0 0 0 0 0 0 0 0 0 0 0 0 0 0 0 0 0 0 0 0 0 0 0 0 -8.94579e-06 -2.65967e-07 0 -0.000330357 -0.00101686 -0.000166605 -6.72847e-05 -0.000589383 -0.000107495 -0.000359804 -7.52074e-05 0 0 0 0 0 0 0 0 0 0 0 0 0 0 0 0 0 0 0 0 0 0 0 0 0 0 0 0 
0 0 0 0 0 0 0 0 0 0 0 0 0 0 0 0 0 0 0 0 0 0 0 0 0 0 -0.000199038 -0.000209101 -9.86976e-06 -8.6002e-05 -0.0010371 -0.000340753 -0.000347777 -0.0003451 -0.00188036 -0.00140671 -0.000865801 -0.000347367 -0.000827556 -0.000571137 -0.000361055 -0.00113487 -0.000244881 -1.49628e-05 0 0 0 0 0 0 0 0 0 0 0 0 0 0 0 0 0 0 0 0 0 0 0 0 0 
0 0 0 0 0 0 0 0 0 0 0 0 0 0 0 0 0 0 0 0 0 0 0 0 -0.000155103 -0.000622984 -0.000576078 -0.00149638 -0.000456597 -0.000732243 -0.00128618 -0.00173309 -0.000445807 -0.000489414 -0.00135569 -0.00120996 -0.000308298 -8.97902e-05 -0.000792753 -0.000584153 -0.00229084 -0.0012763 -0.00136471 -0.000910765 -1.24896e-05 0 0 0 0 0 0 0 0 0 0 0 0 0 0 0 0 0 0 0 0 0 0 0 0 
0 0 0 0 0 0 0 0 0 0 0 0 0 0 0 0 0 0 0 0 0 0 0 0 -0.000459349 -0.000833244 -3.28564e-05 -0.00126311 -0.000527515 -0.000467528 -0.00138962 -0.00081124 -0.00109458 -0.000907449 -0.000265414 -0.00100477 -0.000106076 -8.287e-05 -1.37281e-05 -0.00056962 -0.000759493 -0.00109587 -0.00128717 -0.000994878 -0.00083374 -0.000107435 0 0 0 0 0 0 0 0 0 0 0 0 0 0 0 0 0 0 0 0 0 0 0 
0 0 0 0 0 0 0 0 0 0 0 0 0 0 0 0 0 0 0 0 0 -0.000266619 -0.000733388 -0.000958132 -0.000582377 -0.00246196 -0.000501337 -8.48426e-05 -3.82677e-05 -0.000868723 -0.0004196 -0.000553442 -0.000958616 -0.000579545 -0.00134661 -0.000712202 -0.000474414 -0.00101543 -0.000490319 -5.1742e-06 -0.000395538 -0.000412538 -0.00058477 -0.00122847 -0.000370261 -0.000195617 -0.000308637 -0.000299806 0 0 0 0 0 0 0 0 0 0 0 0 0 0 0 0 0 0 0 0 0 
0 0 0 0 0 0 0 0 0 0 0 0 0 0 0 0 0 0 0 0 0 -0.000290526 -0.00159417 -0.0018445 -0.000767191 -0.00025738 -0.000428043 -7.62576e-05 -3.14303e-05 -0.00106723 -0.000985667 -0.000364077 -9.33119e-05 -0.000214085 -0.00129011 -0.000492301 -0.0011979 -0.000478724 -0.000262756 -0.00112247 -0.00104211 -0.000693622 -0.00104937 -0.00125561 -0.000353626 -0.000453498 -0.000957771 -0.00033009 -0.000189953 0 0 0 0 0 0 0 0 0 0 0 0 0 0 0 0 0 0 0 0 
0 0 0 0 0 0 0 0 0 0 0 0 0 0 0 0 0 0 0 -0.000150508 -0.000430569 -0.000270432 -0.00181715 -0.00103742 -0.000773455 -0.000458112 -0.000550278 -0.000371431 -0.00047972 -0.000333515 -0.000820818 -0.00118073 -0.000877973 -0.000275947 -0.000193608 -0.000483429 -0.00043545 -0.00224481 -0.00129004 -0.000350503 -0.000805166 -0.000978349 -0.000432123 -0.00115366 -0.00146727 -0.000638071 -0.00171957 -0.000698749 -0.000765438 -0.000663235 -0.000274148 0 0 0 0 0 0 0 0 0 0 0 0 0 0 0 0 0 0 
0 0 0 0 0 0 0 0 0 0 0 0 0 0 0 0 0 0 -3.48747e-06 -0.00060357 -0.000466521 -0.000720639 -0.00114978 -0.00192326 -0.000609987 -0.000376315 -0.00279697 -0.00121114 -0.00153304 -0.000245843 -0.00128048 -0.00102535 -0.000377827 -0.00072223 -0.00176342 -0.000356764 -0.000147022 -0.00112053 -0.00078844 -0.000429104 -0.000307939 -0.000846554 -0.00111473 -0.00141977 -0.000499807 -0.000841975 -0.00114943 -0.00087933 -0.00042905 -0.00226059 -0.00098261 0 0 0 0 0 0 0 0 0 0 0 0 0 0 0 0 0 0 
0 0 0 0 0 0 0 0 0 0 0 0 0 0 0 0 0 -8.17172e-05 -0.000561961 -0.00101009 -0.000783159 -0.000320807 -0.000522475 -0.000852382 -0.000365384 -0.00147218 -0.00241458 -0.0017178 -0.000836235 -0.00137402 -0.0018121 -0.00135657 -0.00226033 -0.000569007 -0.000655102 -5.5681e-05 -0.000124991 -0.000499307 -0.000409353 -0.000284809 -9.03816e-06 -0.000940464 -0.00155758 -0.00145699 -0.000225211 -0.000650746 -0.000222001 -0.00075397 -0.000575887 -0.000785582 -6.18094e-05 -4.6668e-05 0 0 0 0 0 0 0 0 0 0 0 0 0 0 0 0 0 
0 0 0 0 0 0 0 0 0 0 0 0 0 0 0 0 0 -7.69135e-05 -0.000811328 -0.00107427 -0.000166617 -0.000398833 -0.00119475 -0.00302153 -0.00081463 -0.00154908 -0.000839853 -0.00133146 -0.000168864 -0.0019011 -0.000945841 -0.00143247 -0.00337394 -0.00114531 -0.000656833 -0.00150563 -0.00118723 -0.000876357 -6.31049e-05 -5.41034e-05 -0.00113561 -0.000495005 -0.000593703 -0.000870035 -0.000316819 -0.00107313 -0.000398352 -0.000778107 -0.000298256 -0.000435157 -0.000529586 -0.00101869 -0.000370099 0 0 0 0 0 0 0 0 0 0 0 0 0 0 0 0 
0 0 0 0 0 0 0 0 0 0 0 0 0 0 0 0 0 -0.000788677 -0.000302085 -0.000489153 -0.000500686 -0.00024353 -0.000970728 -0.000993617 -0.000658535 -0.000497371 -0.000102381 -0.000572485 -0.000184043 -0.000205011 -0.000375954 -0.000939732 -0.00232406 -0.000801944 -0.000189214 -0.0010887 -0.00229481 -0.00100778 -0.000161493 -0.000407785 -0.000826339 -0.00147192 -0.000885771 -0.000765993 -0.000231946 -0.000310646 -0.000214812 -0.00129644 -0.000980058 -7.687e-05 -0.00118064 -0.00241602 -0.00051964 -1.70851e-05 0 0 0 0 0 0 0 0 0 0 0 0 0 0 0 
0 0 0 0 0 0 0 0 0 0 0 0 0 0 0 0 -0.000559324 -0.000907477 -0.000668059 -0.000729843 -0.000261953 -0.00126609 -0.00145969 -0.000248747 -0.000926101 -0.000157892 -0.000343175 -0.00103919 -0.000533059 -0.000318734 -0.000211256 -0.00125381 -0.000871414 -0.000399833 -0.000181721 -0.000260501 -0.000294372 -0.000629603 -0.000241525 -0.000397506 -0.00150507 -0.00139404 -0.00015114 -0.000937215 -0.000952862 -0.000981543 -0.000235463 -0.00139601 -0.00168899 -0.000674412 -0.0038809 -0.00412077 -0.00201573 -0.000403768 0 0 0 0 0 0 0 0 0 0 0 0 0 0 0 
0 0 0 0 0 0 0 0 0 0 0 0 0 0 0 0 -0.000605705 -0.00137926 -0.000559706 -0.00128467 -0.00017113 -0.00110599 -0.00145946 -0.000167098 -0.000443981 -8.97141e-05 -0.000452459 -0.000816971 -0.000777525 -0.000832724 -0.000107905 -0.000572133 -0.00140923 -0.00126263 -0.00156607 -0.000679809 -0.000401578 -0.000902724 -0.000741596 -0.000865481 -0.000873885 -0.000285607 -8.86408e-05 -0.00125554 -0.00154642 -0.000448294 -0.00137507 -0.000825451 -0.000134297 -0.000453094 -0.000777027 -0.000750954 -0.0004737 -0.000392998 -0.000408039 0 0 0 0 0 0 0 0 0 0 0 0 0 0 
0 0 0 0 0 0 0 0 0 0 0 0 0 0 0 0 -0.000398482 -0.00167229 -0.002857 -0.00204756 -0.00188895 -0.000899673 -0.00195595 -0.000734749 -0.000651653 -0.000909202 -9.01216e-05 -0.00188382 -0.00424473 -0.00565423 -0.00204081 -0.00153337 -0.00253934 -0.00136913 -0.00110471 -0.00100423 -0.000480415 -0.000804978 -0.00110193 -0.000553885 -0.00133562 -0.00177064 -6.37047e-05 -0.000475407 -0.0013032 -1.94323e-05 -0.000390943 -0.000739348 -0.00157748 -0.00159807 -0.00123823 -0.000980186 -0.00140026 -0.000870538 -0.0011103 -6.04299e-06 0 0 0 0 0 0 0 0 0 0 0 0 0 
0 0 0 0 0 0 0 0 0 0 0 0 0 0 0 -0.00017243 -0.000547875 -0.000184406 -9.13579e-05 -0.00117524 -0.00166919 -0.000726027 -0.0021187 -0.000699314 -0.000856983 -0.00149142 -0.000756459 -0.000949559 -0.00277036 -0.00137485 -0.000507893 -0.00012904 -0.000440217 -0.000495597 -7.43659e-05 -0.000519912 -0.000640186 -6.72218e-05 -0.000353446 -8.73968e-05 -0.00278603 -0.00350287 -0.000862225 -0.000373324 -0.00268468 -0.000137686 -0.000158456 -0.000268589 -0.00119507 -0.000719684 -8.98091e-05 -0.0013437 -0.000518841 -0.000490846 -0.000361303 -5.09255e-06 0 0 0 0 0 0 0 0 0 0 0 0 0 
0 0 0 0 0 0 0 0 0 0 0 0 0 0 0 -1.93584e-05 -9.59413e-05 -0.000743272 -1.02166e-05 -0.000183997 -0.00120488 -0.000648293 -0.000760612 -0.00125274 -0.000825196 -0.00173101 -0.000731793 -0.000174845 -0.000140332 -0.00236811 -0.000462879 -0.000617276 -0.00100552 -0.000298211 -5.50068e-05 -0.0011626 -0.00150583 0 -3.76165e-06 -0.00010575 -0.00148885 -0.00121655 -0.00138961 -0.000664691 -0.00131401 -0.000458393 -0.000150469 -0.000344993 -0.000867977 -0.000252961 -7.30212e-05 -0.00041255 -0.0015413 -0.00175822 -0.000102225 0 0 0 0 0 0 0 0 0 0 0 0 0 0 
0 0 0 0 0 0 0 0 0 0 0 0 0 0 0 0 -0.000440344 -0.00171685 -0.00048905 -0.000445968 -0.00124075 -6.65557e-05 -0.000612075 -0.00126996 -0.00042302 -0.000188949 -0.00121174 -0.000104929 0 -0.00127061 -0.000759502 -0.00128674 -0.000921029 -0.000864375 -0.00159758 -0.00145588 -0.000155443 -2.90915e-05 -0.000540653 -0.000481975 -0.000620178 -0.000417579 -0.000715122 -0.00177522 -0.00131071 -0.00221211 -0.00146645 -0.00161128 -0.00253615 -0.000504692 -0.000978358 -0.00171184 -0.00104175 -0.000849741 -0.000158562 0 0 0 0 0 0 0 0 0 0 0 0 0 0 
0 0 0 0 0 0 0 0 0 0 0 0 0 0 0 -8.98032e-07 -0.000252633 -0.00147061 -0.0014186 -0.000958228 -0.00105328 -0.000567346 -0.000364423 -0.000950574 -0.000886925 -0.000218113 -0.00017268 -0.000920953 -0.000125264 -1.26309e-05 -3.31407e-06 -0.000885534 -0.00562609 -0.0246565 -0.0192933 -0.0125877 -0.0183227 -0.0118378 -0.00168939 -0.000855862 -0.000392304 -0.000500822 -0.000709259 -0.000790155 -0.00385933 -0.00170981 -0.00185318 -0.00187109 -0.000422735 -5.36717e-05 -0.000446681 -0.00112881 -0.00176353 -0.000179718 -0.000388311 0 0 0 0 0 0 0 0 0 0 0 0 0 0 
0 0 0 0 0 0 0 0 0 0 0 0 0 0 0 -1.49572e-05 -0.000740837 -0.000572158 -0.00177402 -0.00108085 -0.000640319 -0.000415421 -0.000691028 -0.000970784 -0.0022016 -0.000688002 -0.00012127 -0.00166136 -0.00170629 -0.00104626 -0.000813824 -0.000714593 -0.0535334 -0.103761 -0.0422474 -0.0359025 -0.0524419 -0.0352877 -0.0108497 -0.00167594 -0.00102951 -0.000923558 -0.000470262 -0.000709175 -0.00162277 -0.00109936 -0.0012854 -0.00070543 -0.000165752 -8.95373e-05 -0.000456377 -0.00126333 -0.00146462 -0.00136064 -0.00213277 -0.000855616 -0.000124532 0 0 0 0 0 0 0 0 0 0 0 0 
0 0 0 0 0 0 0 0 0 0 0 0 0 0 0 -7.56069e-05 -0.000536419 -0.000678725 -0.00113175 -0.000562185 -0.000419653 -0.000468344 -0.000589493 -0.000274498 -0.00114386 -0.00102234 -0.000661839 -0.000815036 -0.00188431 -0.000678262 -0.00125354 -0.000216043 -0.140541 -0.355689 -0.0937393 -0.0292124 -0.0138386 -0.000682356 -0.000536347 -0.000549233 -0.000460867 -0.001093 -0.00154513 -0.00112202 -0.00115632 -0.00157972 -0.000926063 -0.000678573 -0.00164507 -0.000387461 -0.00132729 -0.000718017 -0.000383052 -0.00186335 -0.00219913 -0.000844084 -2.76305e-05 0 0 0 0 0 0 0 0 0 0 0 0 
0 0 0 0 0 0 0 0 0 0 0 0 0 0 0 -0.000637505 -0.00259941 -0.00100354 -0.000466538 -0.000608156 -0.000888522 -0.00076794 -0.00120999 -7.29418e-05 -0.000825831 -0.000706272 -0.00224812 -0.00172296 -0.000313623 -0.00138642 -0.000779866 -0.000141224 -0.0313574 -0.210666 -0.216859 -0.219092 -0.0946782 -0.0134308 0 -0.000189166 -0.000741552 -0.00034205 -0.000545403 -0.000815155 -0.00129447 -0.00160399 -0.000579045 -0.000280426 -0.000828778 -0.00100397 -0.000763831 -0.000970857 -0.000635185 -0.0003897 -0.000373296 -0.000103967 0 0 0 0 0 0 0 0 0 0 0 0 0 
0 0 0 0 0 0 0 0 0 0 0 0 0 0 -0.000752603 -0.00176728 -0.00225793 -0.00242149 -0.000234121 -0.000770138 -0.00284155 -0.00110352 -0.000650866 -7.24583e-05 -0.000204781 -0.00202846 -0.00297701 -0.000405625 -0.000542897 -0.000865008 -2.96679e-05 -0.000566247 -0.00130886 -0.0261782 -0.150702 -0.19534 -0.0529263 -0.0154005 -0.000730932 -0.000618284 -0.00140353 -0.000895174 -0.000741612 -0.000676081 -0.000666275 -0.000167012 -0.00158924 -0.000188719 -0.000391233 -0.00175083 -0.0028555 -0.00138246 -0.00100465 -0.000202159 -0.00108828 -0.00105326 -6.54763e-05 0 0 0 0 0 0 0 0 0 0 0 0 
0 0 0 0 0 0 0 0 0 0 0 0 0 0 -0.00112356 -0.00034895 -0.000403039 -0.00118175 -0.00038437 -0.00112508 -0.00376094 -0.00299406 -0.00111632 -8.25543e-05 -0.000315085 -0.00115831 -0.00185775 -0.00137699 -0.000738285 -0.000121785 -0.000451007 -0.000776098 -0.00116391 -0.00122103 -0.000402496 -0.00536598 -0.0270027 -0.0176182 -0.00287711 -0.00118587 -0.00140524 -0.000773362 -0.000309959 -0.000368375 -0.00117677 -0.00144277 -0.00118182 -0.00104579 -0.000407815 -0.000933061 -0.00209763 -0.000589521 -0.00117905 -0.000879189 -0.000355431 -0.000730636 -0.00020003 0 0 0 0 0 0 0 0 0 0 0 0 
0 0 0 0 0 0 0 0 0 0 0 0 0 0 -0.000363152 -0.000608534 -0.00070486 -4.03217e-05 -6.23152e-05 -0.000517781 -0.00102166 -0.00211882 -0.00138055 -9.84699e-05 -0.000248496 -0.00111904 -0.00151002 -0.000381429 -5.72999e-05 -5.30466e-05 -0.000952023 -0.00804542 -0.000518699 -0.000411689 -0.00669557 -0.0176227 -0.0258392 -0.00495674 -0.00200131 -0.000691178 -0.000513898 -0.00173296 -0.00152527 -0.00167388 -0.00175015 -0.00135377 -0.00213424 -0.000604942 -0.00144187 -0.00168553 -0.000833632 -0.00177769 -0.000745755 -0.000934291 -0.00180851 -0.000699329 0 0 0 0 0 0 0 0 0 0 0 0 0 
0 0 0 0 0 0 0 0 0 0 0 0 0 0 -2.13848e-05 -0.00107068 -0.000366997 -3.43611e-05 -0.00011078 -0.000380627 -0.000708117 -0.00185833 -0.000543764 -0.000543704 -0.000210949 -0.000776524 -0.000306146 -0.000657524 -0.000180835 -0.000134791 -0.00132044 -0.0381562 -0.0431515 -0.0423355 -0.0515126 -0.0130853 -0.00159322 -0.0012928 -0.000134772 -0.00127532 -0.00155019 -0.00145408 -0.00160911 -0.000753138 -0.000414433 -0.00125202 -0.000798965 -0.000346579 -0.000542948 -0.00140565 -0.00074847 -0.000393749 -0.000621552 -0.00151821 -0.00174388 -1.34439e-05 0 0 0 0 0 0 0 0 0 0 0 0 0 
0 0 0 0 0 0 0 0 0 0 0 0 0 0 -5.27492e-05 -0.00016122 -0.0041967 -0.000889277 -0.000850246 -0.000293726 -0.00102684 -0.00263705 -0.000458951 -0.000451504 -0.000940359 -0.00229035 -0.000574042 -0.000755646 -0.00111936 -0.000699245 -0.0007778 -0.0132078 -0.0354431 -0.0181893 -0.00212894 -0.000713637 -0.000528981 -0.00517751 -0.00409302 -0.00354516 -0.000956455 -0.000281304 -8.97265e-05 -0.000996476 -0.000874148 -0.000676853 -0.000444625 -0.00103749 -0.00119302 -0.000462847 -0.000689687 -0.00078976 -0.000514405 -0.000353142 -0.000259974 0 0 0 0 0 0 0 0 0 0 0 0 0 0 
0 0 0 0 0 0 0 0 0 0 0 0 0 0 -0.000144761 -0.000442442 -0.000518772 -0.0013009 -0.00118381 -0.000930984 -0.000419515 -0.000998975 -0.000676866 -0.00023304 -0.000747839 -0.000214405 -0.0002718 -0.000479402 -0.00061353 -0.000394789 -0.000323635 -0.00113195 -0.000519016 -0.000189615 -0.000174142 -0.000531479 -0.000785808 -0.00350893 -0.00200218 -0.000295995 -0.000405317 -0.0012611 -0.000821842 -0.00156155 -0.00300824 -0.00178506 -0.0009906 -0.00109123 -0.00238001 -0.000400569 -0.000857196 -0.000359844 -0.000414809 -9.82483e-05 -0.00041008 0 0 0 0 0 0 0 0 0 0 0 0 0 0 
0 0 0 0 0 0 0 0 0 0 0 0 0 0 0 0 0 -0.000244891 -0.00034293 -0.000719565 -0.000532336 -0.000133013 -0.000800653 -0.00127096 -0.000394394 -0.000573457 -0.00146812 -0.0011041 -0.000979779 -0.00194054 -0.00149641 -0.000607989 -0.000253942 -0.000905625 -0.000577457 -0.000849277 -0.000568193 -0.000892393 -0.00294787 -0.00129425 -0.0021741 -0.00176641 -0.00111517 -0.00224186 -0.00176017 -0.000578956 -0.00137338 -0.00130018 -0.000715158 0 -0.000851436 -0.000749064 -0.00103544 -0.00024671 -0.00059033 0 0 0 0 0 0 0 0 0 0 0 0 0 0 
0 0 0 0 0 0 0 0 0 0 0 0 0 0 0 -0.000237704 -0.00059477 -0.00034768 -0.000870374 -0.0027074 -0.00264035 -0.000755399 -0.00109361 -0.000979415 -0.000518586 -0.000358782 -0.00179997 -0.00241773 -0.00230276 -0.00112633 -0.000833326 -8.89589e-05 -2.22005e-05 -0.000318018 -0.000972376 -0.00262673 -0.00045137 -0.000768547 -0.000483672 -7.44174e-05 -0.000902603 -0.000565097 -0.00107109 -0.000794061 -0.000703582 -0.000611775 -0.00102638 -0.000350775 -8.43739e-05 -0.000219806 -0.00106486 -0.00116973 -0.000616302 -0.000406782 -0.000729919 0 0 0 0 0 0 0 0 0 0 0 0 0 0 
0 0 0 0 0 0 0 0 0 0 0 0 0 0 0 -0.000271461 -0.000995243 -0.000443148 -0.00090248 -0.00142297 -0.0022223 -0.000548969 -0.000434015 -9.66458e-05 -0.000435498 -0.000684301 -0.00206062 -0.00136943 -0.00139107 -0.00165078 -0.000814058 -0.000215686 0 -0.000347758 -0.000511856 -0.00201346 -0.000963564 -0.00150712 -0.000575496 -0.00123573 -0.00135045 -0.000400986 -0.000897862 -0.000653407 -0.00125167 -0.00140539 -0.000274334 -8.56433e-05 -0.000341257 -0.000746317 -0.000310815 -0.0012558 -0.000424271 -0.000369477 0 0 0 0 0 0 0 0 0 0 0 0 0 0 0 
0 0 0 0 0 0 0 0 0 0 0 0 0 0 0 0 -0.000354245 -0.0012126 -0.000715964 -3.08436e-05 0 -0.000568944 -0.00127489 -0.00146407 -0.000271269 -0.000169898 -0.000246618 -0.00154163 -0.00238811 -0.00144818 -0.00134208 -0.00110792 -0.000411038 -0.00085146 -0.00124431 -0.000916451 -0.000274958 -0.000687794 -0.000385348 -0.000762262 -0.00125518 -0.00145433 -0.00164894 -0.00164785 -0.000937806 -0.000620004 -0.00154562 -0.000602212 -0.000266219 -0.000557268 -0.000391689 -0.000921358 -0.000772952 -0.000413 0 0 0 0 0 0 0 0 0 0 0 0 0 0 0 
0 0 0 0 0 0 0 0 0 0 0 0 0 0 0 0 -0.000141692 -0.000761295 -0.000551714 -0.000290872 -0.000492977 -0.000526612 -0.00115048 -0.00385108 -0.00296132 -0.0008904 -2.24086e-05 -0.000717584 -0.00106951 -0.000557421 -0.00091587 -0.000659531 -0.00132341 -0.00176381 -0.00101334 -0.000552332 0 -0.000454887 -0.00115226 -0.000654961 -0.00028216 -0.00143762 -0.00324361 -0.00151672 -0.000719191 -9.13307e-05 -0.000353654 -0.00132343 -0.000334281 0 0 -2.80451e-05 -0.000390412 0 0 0 0 0 0 0 0 0 0 0 0 0 0 0 0 
0 0 0 0 0 0 0 0 0 0 0 0 0 0 0 0 -1.76683e-05 -0.000976317 -0.000871128 -0.000889837 -0.000855874 -0.0022008 -0.00225936 -0.00365086 -0.00114038 -0.000227865 -0.00119404 -0.000802766 -0.00080615 -0.000265647 -0.000600961 -0.000809031 -0.00126636 -0.00277507 -0.000925298 -0.000539637 0 -2.77306e-05 -0.00037438 -0.000430522 -0.0008876 -0.000787148 -0.00280287 -0.00120941 0 0 -0.00329331 -0.00133027 -0.000266493 -0.000258531 -0.000476463 -0.000317529 0 0 0 0 0 0 0 0 0 0 0 0 0 0 0 0 0 
0 0 0 0 0 0 0 0 0 0 0 0 0 0 0 0 0 -0.000208922 -0.000355915 -0.0007067 -0.00149953 -0.00171625 -0.00208308 -0.00335305 -0.00065168 -0.000524273 -0.000455978 -0.000101868 -0.000972855 -0.000906777 -0.000984232 -0.00239638 -0.000519101 -0.00318623 -0.000786394 -0.000269656 -0.000967342 -0.000411577 -0.000398709 -0.000113473 -0.000167389 -0.000724899 -0.000897564 -0.000214152 0 -0.000154288 -0.000432105 -0.000280949 -0.000456737 -0.000608114 -0.000689108 -0.000119245 0 0 0 0 0 0 0 0 0 0 0 0 0 0 0 0 0 
0 0 0 0 0 0 0 0 0 0 0 0 0 0 0 0 0 0 0 -0.00075961 -0.000870467 -0.00049287 -0.000918275 -0.00138286 -0.000527114 -0.00191122 -0.00111491 -0.000843114 -0.000897014 -0.00299433 -0.000619434 -0.000718804 -0.000244715 -0.00113747 -0.000981229 -0.000569882 -0.00267085 -0.00102771 -0.000734122 -0.00039131 -0.000607774 -0.00142858 -0.00126679 -0.000697165 -0.00104461 -0.000909957 -0.000553883 -0.000511494 -0.000946128 -0.000218572 0 0 0 0 0 0 0 0 0 0 0 0 0 0 0 0 0 0 0 
0 0 0 0 0 0 0 0 0 0 0 0 0 0 0 0 0 0 0 0 -0.000121598 -0.000433136 -0.000939291 -0.00093604 -0.00150388 -0.00173909 -0.00142469 -0.000645878 -0.000491697 -0.00183279 -0.00094708 -0.000752122 -0.00073735 -0.00104444 -0.00212613 -0.000933036 -0.00151762 -0.000957458 -0.000753591 -0.000237107 -0.000442726 -0.000154569 -0.000211848 -0.000208 -0.000730525 -0.00080166 -0.00049034 -0.00129349 -0.000642856 -1.44184e-06 0 0 0 0 0 0 0 0 0 0 0 0 0 0 0 0 0 0 0 
0 0 0 0 0 0 0 0 0 0 0 0 0 0 0 0 0 0 0 0 -0.000143623 -0.00164311 -0.00070439 -0.000954859 -0.00188905 -0.000972163 -0.00087813 -0.000687357 -0.000269061 -0.000234942 -7.35197e-05 -0.000477129 -0.00115993 -0.00360129 -0.0011939 -0.00105236 -0.00140283 -0.000797464 -0.00091598 -0.000849938 -3.09786e-05 -3.35973e-05 -0.000982561 -0.00110834 -0.000815136 -0.000476083 -0.0016743 -0.000637604 -0.000138367 0 0 0 0 0 0 0 0 0 0 0 0 0 0 0 0 0 0 0 0 
0 0 0 0 0 0 0 0 0 0 0 0 0 0 0 0 0 0 0 0 0 -0.000237983 -7.21591e-05 -0.00189588 -0.0024905 -0.00153485 -0.00118346 -0.000975704 -0.00109875 -0.00145972 -0.000300766 -0.000976066 -0.00189963 -0.00259286 -0.00150972 -0.00178097 -0.00054054 -0.00123612 -0.00140021 -0.00161883 -0.0010843 -0.00176942 -0.00127741 -0.00205686 -0.00183392 -8.92215e-05 -0.00103026 -0.000123856 0 0 0 0 0 0 0 0 0 0 0 0 0 0 0 0 0 0 0 0 0 
0 0 0 0 0 0 0 0 0 0 0 0 0 0 0 0 0 0 0 0 0 0 0 -0.000189065 -0.000743739 -0.000537401 -0.000578697 -0.000513127 -0.000442057 -0.00162698 -0.000854853 -0.000709208 -0.000421051 -0.00364965 -0.00100035 -0.00103789 -0.00149843 -0.000957546 -0.00230913 -0.000792213 -0.000960876 -0.00157208 -0.000744947 -0.00111742 -0.000381548 0 0 0 0 0 0 0 0 0 0 0 0 0 0 0 0 0 0 0 0 0 0 0 0 
0 0 0 0 0 0 0 0 0 0 0 0 0 0 0 0 0 0 0 0 0 0 0 0 0 -0.000808698 -0.00109896 -0.000925447 -0.000791279 -0.00123163 -0.000623031 -0.000474858 -0.000562004 -0.00251102 -0.00121895 -0.000467815 -0.000221431 -0.000888301 -0.000738126 -0.00130235 -0.00196589 -0.00196652 -0.000347603 -0.00158387 -0.000550972 0 0 0 0 0 0 0 0 0 0 0 0 0 0 0 0 0 0 0 0 0 0 0 0 
0 0 0 0 0 0 0 0 0 0 0 0 0 0 0 0 0 0 0 0 0 0 0 0 0 0 -7.64713e-05 -8.12123e-05 -0.00103315 -0.00155639 -0.000906403 -0.000290846 -0.000277489 -0.000997859 -0.000663667 -0.000896076 -0.000317997 -0.00165709 -0.00122185 -0.00192915 -0.000705706 -0.000438106 -0.000308201 -0.000181117 0 0 0 0 0 0 0 0 0 0 0 0 0 0 0 0 0 0 0 0 0 0 0 0 0 
0 0 0 0 0 0 0 0 0 0 0 0 0 0 0 0 0 0 0 0 0 0 0 0 0 0 0 0 -6.71962e-05 -0.000325409 -0.00063797 -0.000138329 -0.000234408 -0.00113578 -0.000641262 -0.000412019 0 -0.000107593 -0.000275426 -0.000154759 -8.63253e-05 0 0 0 0 0 0 0 0 0 0 0 0 0 0 0 0 0 0 0 0 0 0 0 0 0 0 0 0 
0 0 0 0 0 0 0 0 0 0 0 0 0 0 0 0 0 0 0 0 0 0 0 0 0 0 0 0 0 0 0 0 0 -1.36153e-06 -2.98661e-06 0 0 0 0 0 0 0 0 0 0 0 0 0 0 0 0 0 0 0 0 0 0 0 0 0 0 0 0 0 0 0 0 0 0 
0 0 0 0 0 0 0 0 0 0 0 0 0 0 0 0 0 0 0 0 0 0 0 0 0 0 0 0 0 0 0 0 0 0 0 0 0 0 0 0 0 0 0 0 0 0 0 0 0 0 0 0 0 0 0 0 0 0 0 0 0 0 0 0 0 0 0 0 0 
0 0 0 0 0 0 0 0 0 0 0 0 0 0 0 0 0 0 0 0 0 0 0 0 0 0 0 0 0 0 0 0 0 0 0 0 0 0 0 0 0 0 0 0 0 0 0 0 0 0 0 0 0 0 0 0 0 0 0 0 0 0 0 0 0 0 0 0 0 
0 0 0 0 0 0 0 0 0 0 0 0 0 0 0 0 0 0 0 0 0 0 0 0 0 0 0 0 0 0 0 0 0 0 0 0 0 0 0 0 0 0 0 0 0 0 0 0 0 0 0 0 0 0 0 0 0 0 0 0 0 0 0 0 0 0 0 0 0 
0 0 0 0 0 0 0 0 0 0 0 0 0 0 0 0 0 0 0 0 0 0 0 0 0 0 0 0 0 0 0 0 0 0 0 0 0 0 0 0 0 0 0 0 0 0 0 0 0 0 0 0 0 0 0 0 0 0 0 0 0 0 0 0 0 0 0 0 0 
0 0 0 0 0 0 0 0 0 0 0 0 0 0 0 0 0 0 0 0 0 0 0 0 0 0 0 0 0 0 0 0 0 0 0 0 0 0 0 0 0 0 0 0 0 0 0 0 0 0 0 0 0 0 0 0 0 0 0 0 0 0 0 0 0 0 0 0 0 
0 0 0 0 0 0 0 0 0 0 0 0 0 0 0 0 0 0 0 0 0 0 0 0 0 0 0 0 0 0 0 0 0 0 0 0 0 0 0 0 0 0 0 0 0 0 0 0 0 0 0 0 0 0 0 0 0 0 0 0 0 0 0 0 0 0 0 0 0 
0 0 0 0 0 0 0 0 0 0 0 0 0 0 0 0 0 0 0 0 0 0 0 0 0 0 0 0 0 0 0 0 0 0 0 0 0 0 0 0 0 0 0 0 0 0 0 0 0 0 0 0 0 0 0 0 0 0 0 0 0 0 0 0 0 0 0 0 0 
0 0 0 0 0 0 0 0 0 0 0 0 0 0 0 0 0 0 0 0 0 0 0 0 0 0 0 0 0 0 0 0 0 0 0 0 0 0 0 0 0 0 0 0 0 0 0 0 0 0 0 0 0 0 0 0 0 0 0 0 0 0 0 0 0 0 0 0 0 
0 0 0 0 0 0 0 0 0 0 0 0 0 0 0 0 0 0 0 0 0 0 0 0 0 0 0 0 0 0 0 0 0 0 0 0 0 0 0 0 0 0 0 0 0 0 0 0 0 0 0 0 0 0 0 0 0 0 0 0 0 0 0 0 0 0 0 0 0 
0 0 0 0 0 0 0 0 0 0 0 0 0 0 0 0 0 0 0 0 0 0 0 0 0 0 0 0 0 0 0 0 0 0 0 0 0 0 0 0 0 0 0 0 0 0 0 0 0 0 0 0 0 0 0 0 0 0 0 0 0 0 0 0 0 0 0 0 0 
0 0 0 0 0 0 0 0 0 0 0 0 0 0 0 0 0 0 0 0 0 0 0 0 0 0 0 0 0 0 0 0 0 0 0 0 0 0 0 0 0 0 0 0 0 0 0 0 0 0 0 0 0 0 0 0 0 0 0 0 0 0 0 0 0 0 0 0 0 
0 0 0 0 0 0 0 0 0 0 0 0 0 0 0 0 0 0 0 0 0 0 0 0 0 0 0 0 0 0 0 0 0 0 0 0 0 0 0 0 0 0 0 0 0 0 0 0 0 0 0 0 0 0 0 0 0 0 0 0 0 0 0 0 0 0 0 0 0 
