0 0 0 0 0 0 0 0 0 0 0 0 0 0 0 0 0 0 0 0 0 0 0 0 0 0 0 0 0 0 0 0 0 0 0 0 0 0 0 0 0 0 0 0 0 0 0 0 0 0 0 0 0 0 0 0 0 0 0 0 0 0 0 0 0 0 0 0 0 
0 0 0 0 0 0 0 0 0 0 0 0 0 0 0 0 0 0 0 0 0 0 0 0 0 0 0 0 0 0 0 0 0 0 0 0 0 0 0 0 0 0 0 0 0 0 0 0 0 0 0 0 0 0 0 0 0 0 0 0 0 0 0 0 0 0 0 0 0 
0 0 0 0 0 0 0 0 0 0 0 0 0 0 0 0 0 0 0 0 0 0 0 0 0 0 0 0 0 0 0 0 0 0 0 0 0 0 0 0 0 0 0 0 0 0 0 0 0 0 0 0 0 0 0 0 0 0 0 0 0 0 0 0 0 0 0 0 0 
0 0 0 0 0 0 0 0 0 0 0 0 0 0 0 0 0 0 0 0 0 0 0 0 0 0 0 0 0 0 0 0 0 0 0 0 0 0 0 0 0 0 0 0 0 0 0 0 0 0 0 0 0 0 0 0 0 0 0 0 0 0 0 0 0 0 0 0 0 
0 0 0 0 0 0 0 0 0 0 0 0 0 0 0 0 0 0 0 0 0 0 0 0 0 0 0 0 0 0 0 0 0 0 0 0 0 0 0 0 0 0 0 0 0 0 0 0 0 0 0 0 0 0 0 0 0 0 0 0 0 0 0 0 0 0 0 0 0 
0 0 0 0 0 0 0 0 0 0 0 0 0 0 0 0 0 0 0 0 0 0 0 0 0 0 0 0 0 0 0 0 0 0 0 0 0 0 0 0 0 0 0 0 0 0 0 0 0 0 0 0 0 0 0 0 0 0 0 0 0 0 0 0 0 0 0 0 0 
0 0 0 0 0 0 0 0 0 0 0 0 0 0 0 0 0 0 0 0 0 0 0 0 0 0 0 0 0 0 0 0 0 0 0 0 0 0 0 0 0 0 0 0 0 0 0 0 0 0 0 0 0 0 0 0 0 0 0 0 0 0 0 0 0 0 0 0 0 
0 0 0 0 0 0 0 0 0 0 0 0 0 0 0 0 0 0 0 0 0 0 0 0 0 0 0 0 0 0 0 0 0 0 0 0 0 0 0 0 0 0 0 0 0 0 0 0 0 0 0 0 0 0 0 0 0 0 0 0 0 0 0 0 0 0 0 0 0 
0 0 0 0 0 0 0 0 0 0 0 0 0 0 0 0 0 0 0 0 0 0 0 0 0 0 0 0 0 0 0 0 0 0 0 0 0 0 0 0 0 0 0 0 0 0 0 0 0 0 0 0 0 0 0 0 0 0 0 0 0 0 0 0 0 0 0 0 0 
0 0 0 0 0 0 0 0 0 0 0 0 0 0 0 0 0 0 0 0 0 0 0 0 0 0 0 0 0 0 0 0 0 0 0 0 0 0 0 0 0 0 0 0 0 0 0 0 0 0 0 0 0 0 0 0 0 0 0 0 0 0 0 0 0 0 0 0 0 
0 0 0 0 0 0 0 0 0 0 0 0 0 0 0 0 0 0 0 0 0 0 0 0 0 0 0 0 0 0 0 0 0 0 0 0 0 0 0 0 0 0 0 0 0 0 0 0 0 0 0 0 0 0 0 0 0 0 0 0 0 0 0 0 0 0 0 0 0 
0 0 0 0 0 0 0 0 0 0 0 0 0 0 0 0 0 0 0 0 0 0 0 0 0 0 0 0 0 0 0 0 0 0 0 0 0 0 0 0 0 0 0 0 0 0 0 0 0 0 0 0 0 0 0 0 0 0 0 0 0 0 0 0 0 0 0 0 0 
0 0 0 0 0 0 0 0 0 0 0 0 0 0 0 0 0 0 0 0 0 0 0 0 0 0 0 0 0 -0.00118661 -0.000866375 0 0 0 0 0 0 -5.16362e-05 -5.29647e-05 0 0 0 0 0 0 0 0 0 0 0 0 0 0 0 0 0 0 0 0 0 0 0 0 0 0 0 0 0 0 
0 0 0 0 0 0 0 0 0 0 0 0 0 0 0 0 0 0 0 0 0 0 0 0 0 0 0 0 0 -0.00112875 -0.00082413 -0.0034599 -0.00223204 -0.000471842 0 0 0 -0.00192586 -0.0019754 0 0 0 0 0 0 0 0 0 0 0 0 0 0 0 0 0 0 0 0 0 0 0 0 0 0 0 0 0 0 
0 0 0 0 0 0 0 0 0 0 0 0 0 0 0 0 0 0 0 0 0 0 0 0 0 0 0 0 0 0 0 -0.00014988 -0.00135668 -0.000341383 -0.00286688 -0.000199531 0 0 0 0 0 0 0 0 0 0 0 0 0 0 0 0 0 0 0 0 0 0 0 0 0 0 0 0 0 0 0 0 0 
0 0 0 0 0 0 0 0 0 0 0 0 0 0 0 0 0 0 0 0 0 0 0 0 0 -0.000528281 -0.00268423 -0.000216034 -0.000422064 -0.00168617 0 0 0 0 -0.00110104 -0.000312799 0 0 0 0 -0.00174672 -0.000591515 0 0 0 0 0 0 0 0 0 0 0 0 0 0 0 0 0 0 0 0 0 0 0 0 0 0 0 
0 0 0 0 0 0 0 0 0 0 0 0 0 0 0 0 0 0 0 0 0 0 0 0 0 -0.000334744 -0.00357819 -0.000670245 -0.0003799 -0.00151772 0 0 -0.000122943 -0.000627201 -0.00165799 -0.00187349 0 0 0 0 -0.00124576 -0.000421866 0 0 0 0 0 0 0 0 0 0 0 0 0 0 0 0 0 0 0 0 0 0 0 0 0 0 0 
0 0 0 0 0 0 0 0 0 0 0 0 0 0 0 0 0 0 0 0 0 0 0 0 0 0 -0.0413595 -0.028806 0 0 0 0 -0.000533588 -0.00272213 0 -2.13226e-05 -5.48586e-06 0 0 0 0 0 0 0 0 0 0 0 0 0 0 0 0 0 0 0 0 0 0 0 0 0 0 0 0 0 0 0 0 
0 0 0 0 0 0 0 0 0 0 0 0 0 0 0 0 0 0 0 0 0 0 0 0 0 0 -0.01295 -0.00901936 0 0 0 -0.000314541 -0.000241149 0 0 -0.00316481 -0.00121633 -0.000194821 0 0 0 0 0 0 0 0 0 0 0 0 0 0 0 0 0 0 0 0 0 0 0 0 0 0 0 0 0 0 0 
0 0 0 0 0 0 0 0 0 0 0 0 0 0 0 0 0 0 0 0 0 0 0 0 0 0 -0.000406816 -0.000943689 0 0 0 -0.00195292 -0.00149725 0 0 0 -0.0035468 -0.00240476 0 0 0 0 0 0 -0.000436673 -0.00138006 -0.00208157 -0.00168984 -0.00108526 -0.000287811 0 0 0 0 0 0 0 0 0 0 0 0 0 0 0 0 0 0 0 
0 0 0 0 0 0 0 0 0 0 0 0 0 0 0 0 0 0 0 0 0 0 0 0 0 0 -0.00079988 -0.00201976 -0.00374856 0 0 0 0 0 0 -0.000491584 -0.00413678 -0.000743618 0 0 0 -0.0035374 -0.000519073 -0.00257305 -0.00187355 -0.00166294 -0.000129401 -0.000105049 -0.00208093 -0.000551866 0 0 0 0 0 0 0 0 0 0 0 0 0 0 0 0 0 0 0 
0 0 0 0 0 0 0 0 0 0 0 0 0 0 0 0 0 0 0 0 0 0 0 -0.000412467 -0.000532206 -0.00114427 -0.00199773 -3.90522e-06 -8.91077e-05 -0.000443383 -0.00249795 0 -0.00320844 -0.00148355 -0.000232899 -0.00329934 -0.000803655 -0.00166703 -0.00281528 -0.00109644 0 -0.000406191 -0.000193949 -0.00185548 -0.00486634 0 0 0 0 0 0 0 0 0 0 0 0 0 0 0 0 0 0 0 0 0 0 0 0 
0 0 0 0 0 0 0 0 0 0 0 0 0 0 0 0 0 0 0 0 0 0 0 -0.00133659 -0.0017246 -0.00142586 -0.00108465 0 -0.000126066 -0.000520965 -0.000904058 0 -0.000636743 -0.00209339 -0.000356694 -0.000542886 -0.00332246 -0.00138339 -0.000850231 -0.000199351 0 -0.00289766 -0.000630422 -0.000210696 -0.000594254 0 0 0 0 0 0 0 0 0 0 0 0 0 0 0 0 0 0 0 0 0 0 0 0 
0 0 0 0 0 0 0 0 0 0 0 0 0 0 0 0 0 0 -0.000231734 -0.00127925 -0.00122454 0 0 0 0 -0.00159213 -0.000767077 0 -0.000911832 -0.00260747 0 -0.000675086 -0.0022927 -0.00307788 -0.00238445 -0.00132524 -0.00290628 -0.000445051 0 0 0 -0.000552291 -0.0026548 -0.00124445 0 0 0 0 0 0 0 0 0 0 0 0 0 0 0 0 0 0 0 0 0 0 0 0 0 
0 0 0 0 0 0 0 0 0 0 0 0 0 0 0 0 0 0 -0.00098394 -0.0030292 -0.00126306 0 0 0 0 -0.00260794 -0.000608339 0 0 0 0 -0.000300943 -0.000978181 -0.000686934 -0.00020414 -0.000111768 -0.000668496 -0.00201894 -0.00150188 0 0 0 -0.00356828 -0.00038932 0 -0.000353581 -0.000469661 0 0 0 0 0 0 0 0 0 0 0 0 0 0 0 0 0 0 0 0 0 0 
0 0 0 0 0 0 0 0 0 0 0 0 0 0 0 0 0 0 -0.000624133 -0.00033092 0 0 0 -0.00240045 -0.00156688 -0.000640236 -0.000149344 0 0 0 0 0 0 -0.00270352 -0.000582427 0 -0.000573607 -0.00224867 -0.000260363 -0.000321604 -6.06008e-05 0 0 0 0 -0.00284825 -0.00206813 0 0 0 0 0 0 0 0 0 0 0 0 0 0 0 0 0 0 0 0 0 0 
0 0 0 0 0 0 0 0 0 0 0 0 0 0 0 0 0 0 -0.00199372 -0.00145589 -0.00247573 -0.00238459 0 -2.33183e-05 -1.52209e-05 0 0 0 0 0 0 -0.00228299 -0.00136306 -0.000592309 -0.000587697 -0.000185556 -0.000348906 -0.00116616 0 -0.00304911 -0.000967239 -0.00107349 0 -0.000340602 -2.12705e-05 -0.00194129 -0.000330822 0 0 0 0 0 0 0 0 0 0 0 0 0 0 0 0 0 0 0 0 0 0 
0 0 0 0 0 0 0 0 0 0 0 0 0 0 0 -0.000855049 -0.000544403 0 -3.51721e-06 -0.000464536 -0.00183853 -0.000485487 0 0 -0.000491522 -0.000190736 0 0 0 0 0 -0.000225303 -0.000134517 0 -0.0023945 -0.000965706 0 0 0 0 -0.000680205 -0.00185948 0 -0.0034298 -0.00021419 -0.00135838 -0.000816597 0 0 0 0 0 -0.000361158 -0.000398011 0 0 0 0 0 0 0 0 0 0 0 0 0 0 0 
0 0 0 0 0 0 0 0 0 0 0 0 0 0 0 -0.00159249 -0.00101392 0 -0.000353322 -0.00361305 0 0 -0.00101351 -0.00138638 -0.00319888 -0.00512336 -0.00218133 -0.00169483 0 -0.00248755 -0.00372276 -0.00197441 0 0 0 0 -7.79679e-05 -0.00305841 0 0 0 0 0 -0.000998619 -0.00226231 -0.00114348 -0.00072433 -0.000297881 0 0 -0.000299803 -0.00213964 -0.00154454 -0.00531339 -2.74241e-05 0 0 0 0 0 0 0 0 0 0 0 0 0 0 
0 0 0 0 0 0 0 0 0 0 0 0 0 0 0 0 -0.00075146 -0.00140653 0 -0.00013954 -0.00244848 0 -0.000678223 -0.000927743 -0.00151145 -0.00321467 -0.000635073 -0.00018528 0 -0.000471666 -0.00330776 -5.34422e-05 0 -0.00134952 -0.00231269 0 -2.16148e-05 -0.000847873 0 0 0 0 0 -0.000228125 -0.000516804 0 -0.00040488 -0.00404779 -0.00305514 -0.00299003 -0.000192509 -0.0013739 0 -0.000364424 -2.76747e-06 0 0 0 0 0 0 0 0 0 0 0 0 0 0 
0 0 0 0 0 0 0 0 0 0 0 0 0 0 0 0 -0.00064347 -0.0012044 0 -7.64469e-05 -0.00146786 -5.34329e-05 0 0 -0.000967235 -0.000634947 0 0 0 -0.000554901 -0.00207513 0 0 -0.000126636 -0.00161527 -0.00095886 0 0 0 0 0 -0.00174292 -0.000500149 0 0 0 0 -8.11208e-05 -0.0635099 -0.00973861 0 0 0 0 0 0 0 0 0 0 0 0 0 0 0 0 0 0 0 
0 0 0 0 0 0 0 0 0 0 0 0 0 0 0 0 0 0 0 0 -0.00268957 -0.0011364 0 0 0 0 0 -0.000587968 -0.00216487 -0.000290283 -0.00108555 0 0 -0.0012042 -0.00338133 -0.000670701 0 0 0 0 0 -0.00136973 -0.000393059 -0.00362246 -0.000283401 0 0 0 -0.0247529 -0.00354076 -0.000523699 -0.000393418 0 0 0 0 0 0 0 0 0 0 0 0 0 0 0 0 0 
0 0 0 0 0 0 0 0 0 0 0 0 0 0 0 0 -0.00124145 -0.00273169 -0.000171993 0 0 -0.00167058 -0.00400991 -0.00150754 -0.000951915 0 -0.000510402 -0.00654589 -0.0021607 -0.000204598 -0.00327184 0 0 -0.000132979 -0.000711997 -0.00405975 -0.000640736 0 0 -0.000251181 -2.53849e-05 0 0 -0.000413097 -2.22747e-05 0 0 0 -0.00263374 -0.00108026 -0.00176376 -0.00132498 0 0 0 0 0 0 0 0 0 0 0 0 0 0 0 0 0 
0 0 0 0 0 0 0 0 0 0 0 0 0 0 0 0 -5.20284e-05 -0.00169305 -0.00212151 0 0 -0.00118065 -0.00111939 -0.000962403 -0.000949233 -0.00099049 -5.01066e-05 -0.00315388 -0.000849634 -3.11578e-05 -0.000498263 0 0 -0.000875112 -0.000725429 -0.00575938 -0.000481562 0 0 -0.003387 -0.000342297 0 0 -0.00364283 -0.00109228 -0.00137361 -0.000703979 0 0 0 0 0 0 0 0 0 0 0 0 0 0 0 0 0 0 0 0 0 0 
0 0 0 0 0 0 0 0 0 0 0 0 0 0 0 0 0 -0.000713461 -0.00135993 -0.000737122 -0.00242034 -0.0020166 0 0 -0.000676219 -0.00208296 -0.00658406 -0.00130223 0 0 0 0 0 -0.00273519 -0.000299677 0 0 0 0 0 0 0 0 -0.000478466 -0.00651734 -0.00482756 -0.000762559 0 0 0 0 0 -0.00105969 -0.00189906 0 0 0 0 0 0 0 0 0 0 0 0 0 0 0 
0 0 0 0 0 0 0 0 0 0 0 0 0 0 -0.000410277 -0.000873672 -0.00106236 -0.000747355 -0.0012675 -0.00170672 -0.00111057 -2.03759e-05 0 0 0 -0.00189144 -0.00806738 -0.000907675 0 0 0 0 0 0 0 0 -0.00181305 -0.000570631 0 0 0 0 0 0 -0.000182198 -0.000825499 0 0 -0.000138067 -0.000425997 -0.00269566 0 -0.000375028 -0.000672084 0 0 0 0 0 0 0 0 0 0 0 0 0 0 0 
0 0 0 0 0 0 0 0 0 0 0 0 0 0 -0.00118515 -0.00249843 -0.00790386 -0.00123977 0 0 0 -1.39391e-05 -0.000185548 0 0 -0.000328931 -0.000869743 -0.000306609 -0.00444282 -0.000209962 -0.000511266 0 0 0 0 0 -0.00123384 -0.000388334 0 0 0 -0.00308767 -0.000619855 -0.000924414 -0.00110819 -0.00316199 0 0 -0.0017305 -0.00357023 -0.00112713 0 0 0 -0.000338755 -0.0010069 0 0 0 0 0 0 0 0 0 0 0 0 0 
0 0 0 0 0 0 0 0 0 0 0 0 0 0 0 0 -0.000683339 -8.41924e-05 0 0 0 -0.000265969 -0.00354041 0 -0.000494254 -0.000603218 0 -0.000121366 -0.00314092 -0.000956215 -0.00232842 0 0 0 0 0 -0.0182101 -0.045752 0 0 0 -0.000248457 -0.00259822 -0.00240769 -0.00290797 0 0 0 -0.00387325 -0.00555875 -0.0631515 0 0 0 -0.00066968 -0.00199053 0 0 0 0 0 0 0 0 0 0 0 0 0 
0 0 0 0 0 0 0 0 0 0 0 0 0 0 0 0 0 0 0 0 0 0 0 0 -0.00130981 -0.00176264 -0.000220711 0 0 0 0 0 0 0 0 0 -0.0080208 -0.0201519 -0.000359225 -0.00147346 -0.000480886 0 -0.000661259 -0.00290917 -0.00111847 -0.0342714 -0.000926236 0 -0.000120123 -0.00254141 -0.0248547 0 0 0 0 0 0 0 0 0 0 0 0 0 0 0 0 0 0 
0 0 0 0 0 0 0 0 0 0 0 0 0 -8.10063e-05 -5.74349e-05 0 0 0 0 0 0 -0.00171018 -0.00311752 -0.00127672 0 -0.001544 -0.00207709 0 0 0 0 0 0 0 -0.00127343 -0.00174007 0 0 -0.000613104 -0.00325508 -0.00182997 0 0 -0.00150015 -0.00206236 -0.0537002 -0.00141399 -0.000277779 -6.01219e-05 -0.00182438 -0.000552393 0 0 0 0 0 0 0 0 0 0 0 0 0 0 0 0 0 0 
0 0 0 0 0 0 0 0 0 0 0 0 0 -0.00226295 -0.00160447 0 -0.000607575 -0.00337005 -0.000288481 -0.00194997 -1.85529e-05 -0.00307134 -0.00270543 -0.000327519 -0.00126406 -9.31926e-05 0 0 -6.69096e-06 -8.15067e-06 0 0 0 0 -0.000419344 -0.000573009 0 0 0 0 0 0 0 0 -0.000372699 -0.000258372 0 -0.00420404 -0.00129588 -0.00282194 -0.000214559 0 0 0 0 0 0 0 0 0 0 0 0 0 0 0 0 0 0 
0 0 0 0 0 0 0 0 0 0 0 0 0 0 0 0 -0.000435668 -0.00141333 -0.000276733 -0.0051467 -0.000331286 -0.00223926 -0.00157548 0 -0.00246674 -0.00018186 0 0 -0.00179925 -0.00219177 0 0 0 -0.00193215 -0.00167961 0 0 0 0 0 0 0 0 0 0 0 -0.00037532 -0.00189519 -0.000763316 -0.000900867 -6.84951e-05 0 0 0 0 0 0 0 0 0 0 0 0 0 0 0 0 0 0 
0 0 0 0 0 0 0 0 0 0 0 0 0 0 0 0 -0.000517669 -0.00256073 -0.00054192 -0.00102003 -0.00143389 0 0 -0.00187413 -1.02236e-06 0 0 0 -0.00024628 -5.64767e-05 0 -0.00724341 -0.0112492 -0.000210829 -0.00174564 -0.000696494 -0.00209668 -0.00123908 -0.000313158 -0.00132009 0 0 0 0 -0.00239077 -0.000690088 -0.00137307 -0.00177287 0 0 -0.00157864 -0.00168397 -0.000217381 -0.00107112 0 0 0 0 0 0 0 0 0 0 0 0 0 0 0 
0 0 0 0 0 0 0 0 0 0 0 0 0 0 -2.3393e-05 -0.00180177 -0.00153192 -0.0016 -0.00156863 -0.00349331 -0.00101409 0 0 -0.00212955 -1.1617e-06 -5.34021e-05 -5.70853e-05 0 -0.00301232 -0.00180225 -0.00169416 -0.0288451 -0.0447971 0 -0.00120833 -0.000538667 -0.000421189 -0.000248911 -0.000662867 -0.00456644 0 -0.000299773 -0.00118936 0 -0.000891445 -0.00153767 0 0 -0.000345351 -0.00282573 -0.000359625 -0.000383621 -0.000458442 -0.00225892 0 0 0 0 0 0 0 0 0 0 0 0 0 0 0 
0 0 0 0 0 0 0 0 0 0 0 0 0 0 -0.000811559 -0.00442866 -0.00209054 0 -0.000979162 -0.0033752 -0.000103909 0 0 0 0 -0.00345635 -0.00279398 0 -0.00194084 -0.000517055 -0.000724749 0 0 0 0 0 -0.00108484 -0.000254224 -8.36497e-05 -0.00106551 0 -0.000506634 -0.00201009 0 -0.000288802 -0.00221295 -0.00221503 -0.00207349 -0.000146443 -0.000883234 -0.00146561 -0.00116649 0 0 0 0 0 0 0 0 0 0 0 0 0 0 0 0 0 
0 0 0 0 0 0 0 0 0 0 0 0 0 -8.74828e-05 -0.00319077 -0.00428531 -0.0033887 0 0 0 0 -0.00311995 -4.69942e-05 0 0 -0.00124796 -0.0032828 0 -0.001981 -4.24363e-05 0 0 0 -0.000266602 -0.000293094 0 -0.0021605 -0.000578684 -0.000411012 0 -0.00209378 -0.00116928 -0.000433045 -0.00197141 0 0 -0.00245146 -0.00127174 -0.00108582 -0.00272514 -0.000764935 -0.000783939 -0.00237222 0 0 0 0 0 0 0 0 0 0 0 0 0 0 0 0 
0 0 0 0 0 0 0 0 0 0 0 0 0 -7.56589e-05 -0.00178211 -0.00030086 -0.00023644 0 -0.00296453 -2.31941e-05 0 -0.000826469 -1.24487e-05 0 -0.000261219 -0.000316752 -0.00106938 0 0 0 0 0 0 -0.00164153 -0.00180464 0 0 -0.000527473 -0.00299499 0 -0.000476631 -0.000266176 -0.00212638 -0.00320227 0 0 -0.00198922 -0.000873021 0 -0.000114226 -6.16294e-05 -0.000100269 -0.00135825 0 0 0 0 0 0 0 0 0 0 0 0 0 0 0 0 
0 0 0 0 0 0 0 0 0 0 0 0 0 0 0 0 0 0 -0.00101023 -0.000374146 -0.00173419 0 -0.00159989 -0.00103956 -0.00174591 -0.00173861 0 -1.66022e-06 -0.000588071 -3.10454e-05 0 0 0 0 0 -0.000630682 -0.000508781 0 0 0 -0.000820948 -7.04881e-05 -0.00213343 -0.00215106 0 0 -0.00148178 -0.000364649 0 -0.00248776 -0.00134224 -0.00283111 -0.00206698 0 0 0 0 0 0 0 0 0 0 0 0 0 0 0 0 
0 0 0 0 0 0 0 0 0 0 0 0 0 0 0 0 0 -0.000937879 -0.000457413 -0.000332242 -0.00157319 0 -0.00165279 -0.000602624 0 0 0 -0.000317522 -0.00689718 -0.000176248 -7.03307e-05 -0.000760227 -0.00187308 -0.00149213 0 -0.00325829 -0.00361397 0 0 0 -0.00286816 -0.000246265 -0.0685478 -0.0125726 0 0 -0.00322866 -7.43921e-05 0 0 0 -0.00193949 -0.00117414 0 0 0 0 0 0 0 0 0 0 0 0 0 0 0 0 
0 0 0 0 0 0 0 0 0 0 0 0 0 0 0 0 0 -0.00175476 -0.000855813 0 0 -0.00196886 -0.00336103 -0.000225989 -0.000777709 -0.000128859 -0.00071076 -0.00278215 0 0 -0.000268881 -0.00290642 -0.000356589 -0.000284065 -0.005665 -0.000871776 0 -0.00188842 -0.000114712 0 0 0 -0.00930737 -0.00170709 0 0 0 -0.000786197 -0.00320246 -0.00359165 0 0 0 0 0 0 0 0 0 0 0 0 0 0 0 0 0 0 0 
0 0 0 0 0 0 0 0 0 0 0 0 0 0 0 0 0 0 0 0 0 -0.00126482 -0.000302034 0 -0.00265876 -0.000440532 -0.000104378 -0.00356389 -0.000686369 0 0 0 0 0 -0.00112162 -0.000353322 0 -0.00188804 -0.000114688 -0.000344706 -5.84534e-05 0 0 0 0 0 0 -0.00195494 -0.00205072 -0.000431617 0 0 0 0 0 0 0 0 0 0 0 0 0 0 0 0 0 0 0 
0 0 0 0 0 0 0 0 0 0 0 0 0 0 0 0 0 0 0 -0.0028519 -0.00119719 -0.00348441 -0.00341002 -0.00181206 0 0 0 -0.000134839 -2.93313e-05 -0.0014319 -0.000651039 0 0 -0.00278955 -0.00055219 -0.0013002 -0.00101758 -0.00150564 0 -0.00308035 -0.000522349 0 0 0 -0.00037626 -0.001309 -1.35155e-05 0 0 0 0 0 0 0 0 0 0 0 0 0 0 0 0 0 0 0 0 0 0 
0 0 0 0 0 0 0 0 0 0 0 0 0 0 0 0 0 0 0 -0.000506695 -0.000321712 -0.000809144 -0.000397579 -0.00123274 0 0 -0.00267854 -0.00132506 0 -0.0013219 -0.000601022 0 0 -0.000554379 -0.0012574 -0.00408884 -0.00108125 -0.00186221 -0.00171582 0 0 0 0 0 -0.000746801 -0.00542787 -0.000138273 0 0 0 0 0 0 0 0 0 0 0 0 0 0 0 0 0 0 0 0 0 0 
0 0 0 0 0 0 0 0 0 0 0 0 0 0 0 0 0 0 0 0 0 0 -0.000873496 -0.00408416 -0.00116607 0 -1.51661e-06 -0.0346536 -0.0413293 -0.000461193 0 0 0 0 -0.00166207 -0.00216605 0 -0.000422648 -0.00131658 0 0 0 -0.000947103 -0.000735198 0 0 0 0 0 0 0 0 0 0 0 0 0 0 0 0 0 0 0 0 0 0 0 0 0 
0 0 0 0 0 0 0 0 0 0 0 0 0 0 0 0 0 0 0 0 0 0 -3.69375e-05 -0.000968738 -0.00339476 -0.00194164 -0.000533416 -0.00775505 -0.0136764 -0.00227165 -0.000630071 -2.10619e-05 0 0 -0.000335435 -0.000407336 0 0 0 0 0 -0.000786605 -0.0048825 -0.00167618 0 0 0 0 0 0 0 0 0 0 0 0 0 0 0 0 0 0 0 0 0 0 0 0 0 
0 0 0 0 0 0 0 0 0 0 0 0 0 0 0 0 0 0 0 0 0 0 0 0 -0.00401881 -0.00248868 -0.000558414 -0.000108157 0 -0.00312812 -0.00392708 -0.000108514 0 0 0 0 0 0 0 0 0 -0.00034858 -0.00212366 -0.000517757 0 0 0 0 0 0 0 0 0 0 0 0 0 0 0 0 0 0 0 0 0 0 0 0 0 
0 0 0 0 0 0 0 0 0 0 0 0 0 0 0 0 0 0 0 0 0 0 0 0 0 0 -0.000960806 -0.00290108 0 -0.000161678 -3.51909e-05 0 0 0 0 0 0 0 0 0 0 0 0 0 0 0 0 0 0 0 0 0 0 0 0 0 0 0 0 0 0 0 0 0 0 0 0 0 0 
0 0 0 0 0 0 0 0 0 0 0 0 0 0 0 0 0 0 0 0 0 0 0 0 0 0 0 0 0 0 0 0 0 0 0 0 0 0 0 0 0 0 0 0 0 0 0 0 0 0 0 0 0 0 0 0 0 0 0 0 0 0 0 0 0 0 0 0 0 
0 0 0 0 0 0 0 0 0 0 0 0 0 0 0 0 0 0 0 0 0 0 0 0 0 0 0 0 0 0 0 0 0 0 0 0 0 0 0 0 0 0 0 0 0 0 0 0 0 0 0 0 0 0 0 0 0 0 0 0 0 0 0 0 0 0 0 0 0 
0 0 0 0 0 0 0 0 0 0 0 0 0 0 0 0 0 0 0 0 0 0 0 0 0 0 0 0 0 0 0 0 0 0 0 0 0 0 0 0 0 0 0 0 0 0 0 0 0 0 0 0 0 0 0 0 0 0 0 0 0 0 0 0 0 0 0 0 0 
0 0 0 0 0 0 0 0 0 0 0 0 0 0 0 0 0 0 0 0 0 0 0 0 0 0 0 0 0 0 0 0 0 0 0 0 0 0 0 0 0 0 0 0 0 0 0 0 0 0 0 0 0 0 0 0 0 0 0 0 0 0 0 0 0 0 0 0 0 
0 0 0 0 0 0 0 0 0 0 0 0 0 0 0 0 0 0 0 0 0 0 0 0 0 0 0 0 0 0 0 0 0 0 0 0 0 0 0 0 0 0 0 0 0 0 0 0 0 0 0 0 0 0 0 0 0 0 0 0 0 0 0 0 0 0 0 0 0 
0 0 0 0 0 0 0 0 0 0 0 0 0 0 0 0 0 0 0 0 0 0 0 0 0 0 0 0 0 0 0 0 0 0 0 0 0 0 0 0 0 0 0 0 0 0 0 0 0 0 0 0 0 0 0 0 0 0 0 0 0 0 0 0 0 0 0 0 0 
0 0 0 0 0 0 0 0 0 0 0 0 0 0 0 0 0 0 0 0 0 0 0 0 0 0 0 0 0 0 0 0 0 0 0 0 0 0 0 0 0 0 0 0 0 0 0 0 0 0 0 0 0 0 0 0 0 0 0 0 0 0 0 0 0 0 0 0 0 
0 0 0 0 0 0 0 0 0 0 0 0 0 0 0 0 0 0 0 0 0 0 0 0 0 0 0 0 0 0 0 0 0 0 0 0 0 0 0 0 0 0 0 0 0 0 0 0 0 0 0 0 0 0 0 0 0 0 0 0 0 0 0 0 0 0 0 0 0 
0 0 0 0 0 0 0 0 0 0 0 0 0 0 0 0 0 0 0 0 0 0 0 0 0 0 0 0 0 0 0 0 0 0 0 0 0 0 0 0 0 0 0 0 0 0 0 0 0 0 0 0 0 0 0 0 0 0 0 0 0 0 0 0 0 0 0 0 0 
0 0 0 0 0 0 0 0 0 0 0 0 0 0 0 0 0 0 0 0 0 0 0 0 0 0 0 0 0 0 0 0 0 0 0 0 0 0 0 0 0 0 0 0 0 0 0 0 0 0 0 0 0 0 0 0 0 0 0 0 0 0 0 0 0 0 0 0 0 
0 0 0 0 0 0 0 0 0 0 0 0 0 0 0 0 0 0 0 0 0 0 0 0 0 0 0 0 0 0 0 0 0 0 0 0 0 0 0 0 0 0 0 0 0 0 0 0 0 0 0 0 0 0 0 0 0 0 0 0 0 0 0 0 0 0 0 0 0 
0 0 0 0 0 0 0 0 0 0 0 0 0 0 0 0 0 0 0 0 0 0 0 0 0 0 0 0 0 0 0 0 0 0 0 0 0 0 0 0 0 0 0 0 0 0 0 0 0 0 0 0 0 0 0 0 0 0 0 0 0 0 0 0 0 0 0 0 0 
