0 0 0 0 0 0 0 0 0 0 0 0 0 0 0 0 0 0 0 0 0 0 0 0 0 0 0 0 0 0 0 0 0 0 0 0 0 0 0 0 0 0 0 0 0 0 0 0 0 0 0 0 0 0 0 0 0 0 0 0 0 0 0 0 0 0 0 0 0 
0 0 0 0 0 0 0 0 0 0 0 0 0 0 0 0 0 0 0 0 0 0 0 0 0 0 0 0 0 0 0 0 0 0 0 0 0 0 0 0 0 0 0 0 0 0 0 0 0 0 0 0 0 0 0 0 0 0 0 0 0 0 0 0 0 0 0 0 0 
0 0 0 0 0 0 0 0 0 0 0 0 0 0 0 0 0 0 0 0 0 0 0 0 0 0 0 0 0 0 0 0 0 0 0 0 0 0 0 0 0 0 0 0 0 0 0 0 0 0 0 0 0 0 0 0 0 0 0 0 0 0 0 0 0 0 0 0 0 
0 0 0 0 0 0 0 0 0 0 0 0 0 0 0 0 0 0 0 0 0 0 0 0 0 0 0 0 0 0 0 0 0 0 0 0 0 0 0 0 0 0 0 0 0 0 0 0 0 0 0 0 0 0 0 0 0 0 0 0 0 0 0 0 0 0 0 0 0 
0 0 0 0 0 0 0 0 0 0 0 0 0 0 0 0 0 0 0 0 0 0 0 0 0 0 0 0 0 0 0 0 0 0 0 0 0 0 0 0 0 0 0 0 0 0 0 0 0 0 0 0 0 0 0 0 0 0 0 0 0 0 0 0 0 0 0 0 0 
0 0 0 0 0 0 0 0 0 0 0 0 0 0 0 0 0 0 0 0 0 0 0 0 0 0 0 0 0 0 0 0 0 0 0 0 0 0 0 0 0 0 0 0 0 0 0 0 0 0 0 0 0 0 0 0 0 0 0 0 0 0 0 0 0 0 0 0 0 
0 0 0 0 0 0 0 0 0 0 0 0 0 0 0 0 0 0 0 0 0 0 0 0 0 0 0 0 0 0 0 0 0 0 0 0 0 0 0 0 0 0 0 0 0 0 0 0 0 0 0 0 0 0 0 0 0 0 0 0 0 0 0 0 0 0 0 0 0 
0 0 0 0 0 0 0 0 0 0 0 0 0 0 0 0 0 0 0 0 0 0 0 0 0 0 0 0 0 0 0 0 0 0 0 0 0 0 0 0 0 0 0 0 0 0 0 0 0 0 0 0 0 0 0 0 0 0 0 0 0 0 0 0 0 0 0 0 0 
0 0 0 0 0 0 0 0 0 0 0 0 0 0 0 0 0 0 0 0 0 0 0 0 0 0 0 0 0 0 0 0 0 0 0 0 0 0 0 0 0 0 0 0 0 0 0 0 0 0 0 0 0 0 0 0 0 0 0 0 0 0 0 0 0 0 0 0 0 
0 0 0 0 0 0 0 0 0 0 0 0 0 0 0 0 0 0 0 0 0 0 0 0 0 0 0 0 0 0 0 0 0 0 0 0 0 0 0 0 0 0 0 0 0 0 0 0 0 0 0 0 0 0 0 0 0 0 0 0 0 0 0 0 0 0 0 0 0 
0 0 0 0 0 0 0 0 0 0 0 0 0 0 0 0 0 0 0 0 0 0 0 0 0 0 0 0 0 0 0 0 0 0 0 0 0 0 0 0 0 0 0 0 0 0 0 0 0 0 0 0 0 0 0 0 0 0 0 0 0 0 0 0 0 0 0 0 0 
0 0 0 0 0 0 0 0 0 0 0 0 0 0 0 0 0 0 0 0 0 0 0 0 0 0 0 0 0 0 0 0 0 0 0 0 0 0 0 0 0 0 0 0 0 0 0 0 0 0 0 0 0 0 0 0 0 0 0 0 0 0 0 0 0 0 0 0 0 
0 0 0 0 0 0 0 0 0 0 0 0 0 0 0 0 0 0 0 0 0 0 0 0 0 0 0 0 0 0 0 0 0 0 0 0 0 0 0 0 0 0 0 0 0 0 0 0 0 0 0 0 0 0 0 0 0 0 0 0 0 0 0 0 0 0 0 0 0 
0 0 0 0 0 0 0 0 0 0 0 0 0 0 0 0 0 0 0 0 0 0 0 0 0 0 0 0 0 0 0 0 0 0 0 0 0 0 0 0 0 0 0 0 0 0 0 0 0 0 0 0 0 0 0 0 0 0 0 0 0 0 0 0 0 0 0 0 0 
0 0 0 0 0 0 0 0 0 0 0 0 0 0 0 0 0 0 0 0 0 0 0 0 0 0 0 0 0 0 -3.88461e-05 -0.000722839 -0.000391336 -0.000988852 -0.000192109 -3.21411e-06 -0.000239219 -0.000549643 0 0 -0.000299786 -4.79645e-05 0 0 0 0 0 0 0 0 0 0 0 0 0 0 0 0 0 0 0 0 0 0 0 0 0 0 0 
0 0 0 0 0 0 0 0 0 0 0 0 0 0 0 0 0 0 0 0 0 0 0 0 0 0 0 -0.000493835 -0.000477174 -0.000381722 -0.000492655 -0.00110531 -0.000159051 -0.000932164 -0.00139096 -0.000197433 -0.00119097 -0.00109239 -0.000480855 -0.00020284 -0.000536222 -0.000502937 0 -9.0027e-05 -4.78841e-05 0 0 0 0 0 0 0 0 0 0 0 0 0 0 0 0 0 0 0 0 0 0 0 0 
0 0 0 0 0 0 0 0 0 0 0 0 0 0 0 0 0 0 0 0 0 0 0 0 -8.33609e-07 -0.000514762 0 -0.000442394 -0.00174285 -0.00195867 -0.000636248 -0.00178485 -0.000979837 -0.000404739 -0.000485181 -4.17107e-06 -0.000695086 -0.00177477 -0.00169854 -0.000213814 -0.000674172 -0.00152955 -0.000296639 -0.000486238 -0.000230291 -8.31683e-06 -1.97148e-06 0 0 0 0 0 0 0 0 0 0 0 0 0 0 0 0 0 0 0 0 0 0 
0 0 0 0 0 0 0 0 0 0 0 0 0 0 0 0 0 0 0 0 0 0 -6.29112e-05 -5.51312e-05 -0.000715583 -0.000913919 -0.000161979 -0.0011354 -0.00162126 -0.00121555 -0.00117528 -0.000347112 -0.00034656 -0.000497899 0 -0.000132585 -0.00122807 -0.000281591 -0.000406203 -0.000531397 -0.000944375 -0.00196433 -0.000953682 -0.000623832 -0.000204689 -0.000639332 -0.000151552 0 0 0 0 0 0 0 0 0 0 0 0 0 0 0 0 0 0 0 0 0 0 
0 0 0 0 0 0 0 0 0 0 0 0 0 0 0 0 0 0 0 0 0 0 -0.000364077 -0.00111691 -0.00121866 -0.000468306 -0.000240953 -0.000531288 -0.000811046 -0.00185381 -0.000493868 -0.000689163 -0.000150623 -0.000574471 -0.00021904 -9.01212e-05 -0.000851632 -0.000806497 -0.00101889 -0.00132035 -0.000728579 -0.000965562 -0.000646391 -0.000127433 -0.00131697 -0.000831363 -0.000424891 -0.000827629 0 0 0 0 0 0 0 0 0 0 0 0 0 0 0 0 0 0 0 0 0 
0 0 0 0 0 0 0 0 0 0 0 0 0 0 0 0 0 0 0 0 -0.000212035 -0.000505868 -0.0010129 -9.6608e-05 -0.000661269 -0.000698784 0 -0.00113826 -0.000849881 -0.000295102 -0.000140118 -0.000283374 -0.000748359 -0.000608399 -0.000927766 -0.00131653 -0.000539728 -0.0010183 -0.000461517 -0.000129199 -0.000168699 -0.00104849 -0.000551222 0 -1.03313e-05 -0.000363012 -0.00252937 -0.00138487 -0.00061321 0 0 0 0 0 0 0 0 0 0 0 0 0 0 0 0 0 0 0 0 
0 0 0 0 0 0 0 0 0 0 0 0 0 0 0 0 0 0 0 0 -0.000994188 -0.000697792 -0.000758057 -0.000312428 -0.00106638 -0.000101212 -0.000474505 -0.000898996 -0.000804257 -0.00109105 -4.36107e-05 -0.00106171 -0.00198071 -0.000885001 -0.00171386 -0.00181083 -0.000316293 -0.000483836 -0.000594613 -0.00105979 -0.000502482 -0.00261061 -0.000929494 -0.000454391 -0.000317498 -0.000502814 -0.000873074 -0.000735047 -0.00165416 -0.000189424 0 0 0 0 0 0 0 0 0 0 0 0 0 0 0 0 0 0 0 
0 0 0 0 0 0 0 0 0 0 0 0 0 0 0 0 0 0 0 0 -0.00136303 -0.00203008 -0.00212089 -0.0013469 -0.00064383 -0.000272465 -0.000933219 -0.00183547 -0.00148959 -2.71948e-05 -0.000743961 -0.000986234 -5.24109e-05 -3.62867e-05 -0.00141762 -0.00044428 -0.000130666 -0.00176465 -0.00158344 -0.00084035 -0.000253709 -0.00174705 -0.00129559 -0.000430025 -0.00102708 0 -0.000153078 -0.00146602 -0.000962999 -0.000816722 -2.59953e-05 0 0 0 0 0 0 0 0 0 0 0 0 0 0 0 0 0 0 
0 0 0 0 0 0 0 0 0 0 0 0 0 0 0 0 0 0 -0.000149561 -0.000538662 -0.000245671 -0.000345206 -0.000315187 -0.00037732 -0.00112433 -0.000604835 -0.000865549 -0.000637584 -0.000268904 -0.000201748 -0.000519943 -0.000622518 -0.000141347 -2.01917e-05 -0.000491971 -0.000744972 -0.000510687 -0.00189801 -0.00146361 -0.00135092 -0.000654705 -0.000653613 -0.000227693 -0.00101928 -0.000514522 -0.00036561 -0.000911868 -0.000235181 -0.000818344 -0.000744439 -0.000403204 0 0 0 0 0 0 0 0 0 0 0 0 0 0 0 0 0 0 
0 0 0 0 0 0 0 0 0 0 0 0 0 0 0 0 0 0 -2.45456e-05 -0.000307216 -0.000821895 -0.000104582 -0.000358032 -0.00114872 -0.00105779 -0.000459371 -0.000820951 -0.000615005 -0.000445509 -0.00481948 -0.000637988 -0.00103587 -0.00100394 -0.000684978 -0.000559072 -0.000534349 -0.000803614 -6.98049e-05 -0.000310162 -0.00112936 -0.000277642 -0.000800704 -0.00126047 -0.000599286 -0.00169774 -0.00076455 -0.00111743 -0.00076529 -0.00140841 -0.000328648 -0.000160238 -0.0004886 -9.60655e-05 0 0 0 0 0 0 0 0 0 0 0 0 0 0 0 0 
0 0 0 0 0 0 0 0 0 0 0 0 0 0 0 0 0 0 0 -0.00118828 -0.00200151 -0.00115465 -0.00236387 -0.00293432 -0.00063775 -0.000149794 -0.000226734 -0.00141737 -0.0008984 -0.00162187 -0.00023728 -0.000369281 -0.00130662 -0.00160871 -0.000394239 -0.000761698 -0.00153603 -0.000620441 -0.000814037 -0.000478854 -0.00143929 -0.000932353 -0.00105102 -8.51355e-05 -0.00156019 -0.0011553 -0.000406528 -0.00079341 -0.000966329 -0.000631464 -0.000600741 -0.000720245 -6.10047e-05 0 0 0 0 0 0 0 0 0 0 0 0 0 0 0 0 
0 0 0 0 0 0 0 0 0 0 0 0 0 0 0 0 0 0 -0.000440076 -0.000324236 -0.00148563 -0.00155165 -0.000956808 -0.000448126 -0.000435372 -0.000780871 -0.000405409 -0.000125519 -0.0020988 -0.00160671 -0.00156515 -0.000485538 -2.00077e-05 -0.000103014 -0.00127742 -9.35204e-05 -0.000435198 -0.00139417 -0.00198707 -0.00017804 -0.00049701 -0.00172041 -0.000113425 -5.64674e-05 -0.000650635 -0.000802888 -0.000889343 -0.000843017 -0.000898406 -0.00150391 -0.000849927 -0.000784439 -0.00081267 -0.000176803 -1.94051e-05 0 0 0 0 0 0 0 0 0 0 0 0 0 0 
0 0 0 0 0 0 0 0 0 0 0 0 0 0 0 0 0 -2.24449e-05 -0.000294151 -0.000809575 -0.00122409 -0.000435486 -0.000861724 -0.000494929 -0.00072552 -0.00060752 -0.000499192 0 -0.000276887 -0.00167888 -0.000565422 -0.000195796 -0.00107735 -0.00157971 -0.000390774 -0.000587388 -0.000907379 -0.000338777 -0.00051881 -0.000785511 -0.00065671 -0.00235677 -0.00140033 -0.000396725 -0.000210534 -7.59395e-05 -9.38445e-05 -0.000847756 -0.00134308 -0.000794299 -0.00121393 -0.00173577 -0.000668797 -0.0020004 -0.000147311 0 0 0 0 0 0 0 0 0 0 0 0 0 0 
0 0 0 0 0 0 0 0 0 0 0 0 0 0 0 0 -0.000121454 -0.0014185 -0.00169547 -0.000494884 -0.000829447 -0.000471218 -0.00119494 -0.000688738 -0.000964317 -0.000222735 -6.88611e-05 -0.000432041 -0.00425732 -0.00144515 -0.00192407 -0.000183513 -0.0010772 -0.00152718 -0.000624236 -0.0006062 -0.000941353 -0.00173915 -0.000395637 -0.000344394 -0.00018605 -0.000508757 -0.000372293 -0.000923755 -0.000503631 -0.000745489 -0.000104579 -0.00140613 -0.00168279 -0.000366821 -0.000677767 -0.000423819 -0.000588777 -0.00149609 -3.98854e-05 0 0 0 0 0 0 0 0 0 0 0 0 0 0 
0 0 0 0 0 0 0 0 0 0 0 0 0 0 0 -0.000335617 -0.00142481 -0.0023607 -0.00186016 -0.000239656 -0.000536832 -0.00127828 -0.00148141 -0.00131183 -0.0005337 -1.65063e-05 -6.79817e-05 -0.000400348 -0.00108245 -0.000564022 -0.00100273 -0.000209181 -0.000242538 -0.00068215 -0.000111527 -0.000544832 -0.000477663 -0.00146056 -0.000452985 -8.41852e-05 -0.000261245 -0.00109226 -0.000171373 -0.00169817 -0.000702731 -6.35654e-05 -0.000350569 -0.000666153 -0.00117424 -0.000326942 -0.000399539 -0.000932759 -0.000601211 -0.000287853 -9.9686e-05 0 0 0 0 0 0 0 0 0 0 0 0 0 0 
0 0 0 0 0 0 0 0 0 0 0 0 0 0 -0.000189482 -0.00125483 -0.000541069 -0.00128179 -0.00169623 -0.00037297 -0.0010094 -0.000234754 -0.00165086 -0.00186609 -0.000526521 -0.00047547 -0.00132718 -0.000854645 -0.00073925 -0.000473825 -0.00130017 -0.000782741 0 0 -0.000640136 -0.000790683 -0.00112489 -0.000537378 -0.000450374 -0.00172213 -0.000119848 -0.000563944 -0.00096902 -0.000107672 -2.94909e-07 0 -0.00120686 -0.000532323 -0.000731143 -0.00111882 -0.00033933 -0.00052225 -0.000631311 -0.00168963 -0.0011069 -0.000316463 0 0 0 0 0 0 0 0 0 0 0 0 0 
0 0 0 0 0 0 0 0 0 0 0 0 0 0 -0.000354116 -0.000782546 -0.000459145 -0.000366655 -2.26444e-05 -3.98088e-05 -0.000892409 -0.00144057 -0.00218661 -0.000679198 -0.000577548 -0.00177607 -0.000332415 -0.00058828 -0.00115084 -0.000240443 -0.000427927 -0.000948893 -1.49941e-05 -0.000563247 -0.00053483 -0.000812282 -0.000146695 -7.12251e-05 -0.000708652 -0.000218191 -0.0001423 -0.000633395 -0.000542888 -0.00045529 -0.000142001 -0.000367355 -0.00122709 -0.000467106 -3.9e-05 -0.000217142 -0.000841257 -0.000884771 -0.000561247 -0.00250961 -0.00170442 -0.000329082 0 0 0 0 0 0 0 0 0 0 0 0 0 
0 0 0 0 0 0 0 0 0 0 0 0 0 0 -4.2783e-05 -0.00106527 -0.000520668 -5.67284e-05 -0.000178585 -0.000242567 -0.000521732 -0.00190286 -0.000717586 -0.000413801 -0.000318835 -0.000452866 -0.000351179 -0.00194239 -0.00112531 -0.000650962 -0.000343469 -0.000475012 -0.000438686 -0.000610128 -0.000718186 -0.000391363 -0.00100271 -0.000724769 -0.00139493 -0.000523154 -0.000637017 -0.00115141 -0.00209938 -0.000386711 -0.000264936 -0.000528485 -0.00117038 -0.00147504 -0.000709162 -0.000375937 -0.000637472 -0.00203621 -0.000716203 -0.00217449 -0.00223539 -0.000465049 0 0 0 0 0 0 0 0 0 0 0 0 0 
0 0 0 0 0 0 0 0 0 0 0 0 0 0 0 -0.000225845 -0.00126053 -0.000806527 -0.000702948 -0.000295596 -0.00136604 -0.00158565 -0.000311563 -0.000421077 -0.00103737 -0.00170724 -0.00155926 -0.00047762 -0.000489527 -0.000865736 -0.000964307 -0.000325975 -0.000566273 -0.000861848 -0.00091003 -0.000606236 -0.00118439 -0.000671637 -0.00140085 -0.000449987 -0.000909582 -0.000947343 -0.00175881 -0.000587009 -0.000659637 -0.000891108 -0.00108988 -0.000313301 -0.000749955 -0.000596055 -0.000933437 -0.00101583 -0.000813015 -0.00186348 -0.00127497 -0.00048936 0 0 0 0 0 0 0 0 0 0 0 0 0 
0 0 0 0 0 0 0 0 0 0 0 0 0 0 -0.000542472 -0.00014384 -0.000617442 -0.00142451 -0.000961305 -0.000572866 -0.000322606 -0.000867441 -0.000794273 -0.000150419 -0.000884536 -0.00158878 -0.00122651 -0.000471833 -0.00130956 -0.00109566 -0.00158138 -0.000828435 -0.000123712 -0.00188829 -0.0456222 -0.0556474 -0.01462 -0.00140112 -0.0022181 -0.00092239 -0.00127794 -0.000302821 -0.000780897 -0.000273353 0 -0.000816632 -0.000600684 -0.00166053 -0.00123646 -0.00155457 -0.000184943 -0.00057028 -0.000575225 -0.000702126 -0.000646814 -0.000829275 -5.38735e-05 0 0 0 0 0 0 0 0 0 0 0 0 
0 0 0 0 0 0 0 0 0 0 0 0 0 0 -9.07869e-05 -2.40728e-05 -0.000117287 -0.000357592 -0.000645116 -0.000291255 -0.000923643 -0.00114445 -0.00078312 -0.00138215 -0.00242901 -0.00174966 -2.87293e-05 -0.000754902 -0.00207577 -0.00038138 -0.00049109 -0.00103 -0.000341051 -0.028412 -0.173991 -0.198797 -0.0830197 -0.000943461 -0.000819955 -0.000788638 -0.000152642 -4.55716e-06 -0.000717797 -0.00169185 -0.00142655 -0.000790661 -0.000527578 -0.000704311 -0.00032108 -0.000795254 -0.00171394 -0.00133242 -0.00138718 -0.000953767 -0.000975136 -0.00115032 -3.80412e-05 0 0 0 0 0 0 0 0 0 0 0 0 
0 0 0 0 0 0 0 0 0 0 0 0 0 0 -0.000177556 -0.000371026 -0.000169123 -0.00200652 -0.00233175 -0.000758166 -0.00078628 -0.000522361 -0.00101556 -0.00151292 -0.00120704 -0.0010596 -1.62021e-05 -0.000592662 -0.000666944 -0.000580365 -0.000523693 -0.000593485 -0.000336072 -0.0440749 -0.188877 -0.174884 -0.0445977 -0.00133168 -0.000364146 -0.000395854 -0.000671241 -0.000807031 -0.00123918 -0.00314633 -0.00261484 -0.000124361 -0.000339001 -0.000570765 -0.0004498 -0.000798533 -0.00120543 -0.000128531 -0.00131863 -0.000630151 -0.000175868 -0.000176857 0 0 0 0 0 0 0 0 0 0 0 0 0 
0 0 0 0 0 0 0 0 0 0 0 0 0 0 -0.000744995 -0.000647528 -0.000631451 -0.00202414 -0.00341289 -0.000527866 -8.91483e-05 0 -0.00042369 -0.000909349 -0.00169757 -0.00136346 -0.000506103 -0.00116046 -0.000209234 -0.000254784 -0.00109906 -0.00168386 -0.000818594 -0.00861291 -0.0424893 -0.0306021 -0.00258648 -0.00153532 -0.000195359 -0.000350686 -0.000567835 -0.00082297 -0.000106625 -0.000496244 -0.00205524 -0.00128769 -0.00132525 -0.00043558 0 -0.000482345 -0.000458485 -2.75132e-05 -0.000737449 -0.00331736 -0.0007827 0 0 0 0 0 0 0 0 0 0 0 0 0 0 
0 0 0 0 0 0 0 0 0 0 0 0 0 0 -0.000610522 -0.00113429 -0.000533971 -0.000118455 -0.000740462 -0.00398283 -0.002754 -0.000210104 -0.000179369 -0.00211438 -0.00158061 -0.000931493 -0.00132229 -0.00115613 -0.000281914 -0.00163062 -0.000968401 -0.00151304 -0.000722606 -0.000155867 0 -0.000110019 -0.000690852 -0.000937861 -0.000555738 -0.000965261 -0.00105209 -0.00068709 -0.00033823 -0.000245598 -0.00083306 -0.000460771 -0.00191551 -0.000166547 -8.35053e-05 -0.000250281 -0.000834882 -0.000761096 -0.00177213 -0.00230274 -0.000512519 0 0 0 0 0 0 0 0 0 0 0 0 0 0 
0 0 0 0 0 0 0 0 0 0 0 0 0 0 -0.00019367 -0.000885725 -0.000336616 -0.0001589 -0.00330462 -0.00145353 -0.00140595 -0.0010888 -0.000183857 -0.00155761 -0.00139201 -0.000834604 -0.000328823 -0.000882251 -0.000400994 -0.00193179 -0.00173484 -0.000963861 -0.000428293 -0.000463017 -0.000437712 -0.000466648 -0.000590187 -0.000419998 -0.00132887 -0.000643238 -3.41608e-05 -0.000454779 -0.000952908 -0.00177653 -0.00131328 -0.00103439 -0.000701828 -0.000587588 -0.0008774 -9.06105e-05 -0.000703348 -0.00100788 -0.0010576 -0.000346298 -0.000242858 0 0 0 0 0 0 0 0 0 0 0 0 0 0 
0 0 0 0 0 0 0 0 0 0 0 0 0 0 -0.000658997 -0.000500309 -0.000545148 -0.000590014 -0.00117819 -0.00173516 -0.000646749 -0.00072226 -0.000297234 -0.000101854 -0.000344592 -0.0010188 -0.00132801 -0.000705593 -0.000498466 -0.000979468 -0.000865125 -0.000677357 -0.000274231 -0.000779752 -0.000355111 -0.000178879 -9.11771e-05 -0.0004417 -0.000426077 -0.000505882 -0.000367824 -0.000297131 -0.00107492 -0.00160005 -0.000597654 -0.00185659 -0.00193948 -0.000814642 -0.000382134 -0.000653607 -9.18985e-05 -0.000747033 -0.00186878 -0.0019326 -0.00160038 -0.000495345 0 0 0 0 0 0 0 0 0 0 0 0 0 
0 0 0 0 0 0 0 0 0 0 0 0 0 0 -0.000591001 -0.00107585 -0.00112999 -0.00322381 -0.00301916 -0.000934775 -0.00036803 -0.000722879 -0.00130067 -0.000736333 -0.00111482 -0.00069489 -0.00142423 -0.00141233 -0.00121423 -0.000745214 -0.0013474 -0.000713842 -0.000746088 -0.000267296 -0.000351359 -0.000836879 -0.00145848 -7.80223e-05 -0.000280544 -0.000496179 -0.000957033 -0.000328438 -0.00161913 -0.00242802 -0.000756666 -9.11299e-05 -0.000340643 -0.000281419 -0.000142227 -0.000409458 -0.000383863 -0.000458512 -0.00159251 -0.00138312 -0.000613788 -2.82351e-05 0 0 0 0 0 0 0 0 0 0 0 0 0 
0 0 0 0 0 0 0 0 0 0 0 0 0 0 -0.000165459 -0.000428164 -0.00103691 -0.00328892 -0.00042502 -0.00058429 -0.000663978 -0.000300433 -0.000326539 -0.000366013 -0.000199374 -0.00210227 -0.00114834 -0.00040995 -0.000595598 -0.000724506 -0.00159485 -0.000620776 0 -0.000767019 -0.00123414 -0.000462059 -4.84671e-05 -0.00038994 -0.000573222 -0.000589891 -0.000983241 -0.000638015 -0.000649932 -0.00112168 -0.00110615 -0.000989856 -0.00138278 -0.00024218 -0.00107548 -0.000871355 -0.000943187 -0.0001409 -0.000754449 -0.000675136 -7.94965e-05 0 0 0 0 0 0 0 0 0 0 0 0 0 0 
0 0 0 0 0 0 0 0 0 0 0 0 0 0 0 -0.000226528 -0.00114646 -0.000380693 -9.4337e-05 -0.000327966 -0.00064113 -0.000918991 -0.000387076 -0.00134542 -0.000899805 -0.00301965 -0.00317642 -0.00038388 -0.000645764 -0.000347456 -0.000768506 -0.000899913 -0.000732324 -0.000601958 -0.000902792 -0.00143222 -0.000556472 -0.0013256 -0.000846296 -0.000559573 -0.00201584 -0.00156269 -0.00070359 -0.000916083 -0.000148195 -0.000804299 -0.000682052 -0.00084236 -0.000571327 -0.00110767 -0.000930419 -0.00013309 -0.000528282 -0.0012144 -0.000498166 0 0 0 0 0 0 0 0 0 0 0 0 0 0 
0 0 0 0 0 0 0 0 0 0 0 0 0 0 0 0 -0.000113422 -0.000443944 -0.000836447 -0.00126145 -0.00254671 -0.00119591 -0.000655212 -0.00118956 -0.0023812 -0.00186505 -0.000985364 -0.000528805 -2.37072e-05 -0.000592361 -0.00115205 -0.00128625 -0.00166878 -0.000966205 -0.00206296 -0.000950622 -0.000346769 -0.000790237 -0.000893673 -0.000553454 -0.000717987 -0.00156718 -0.00104702 -0.00011248 -0.000597881 -0.000235574 -0.00162984 -0.00186661 -0.00104587 -0.00090772 -0.00173595 -0.000639484 -0.000685756 -0.000660097 -3.47541e-05 0 0 0 0 0 0 0 0 0 0 0 0 0 0 
0 0 0 0 0 0 0 0 0 0 0 0 0 0 0 0 -0.000268172 -0.000838585 -0.00146064 -0.00145459 -0.00120335 -0.00092796 -0.000310544 -0.000884904 -0.000437893 -0.000135567 -6.21774e-05 -0.000189236 -0.000122072 -0.000971653 -0.000878165 -0.00153703 -0.00122587 -0.000639361 -0.000764074 -0.000678713 -0.00092674 -0.000951707 -0.00209235 -0.00129443 -0.00112792 -0.00176392 -0.001157 -0.000388908 -0.00154738 -0.00129848 -0.00116685 -0.000741481 -0.00153283 -0.000830622 -0.000166914 -0.000364937 -0.000524144 -0.000138015 0 0 0 0 0 0 0 0 0 0 0 0 0 0 0 
0 0 0 0 0 0 0 0 0 0 0 0 0 0 0 0 -0.00036903 -0.00113358 -0.00059824 -0.00114757 -0.000969495 -0.000376369 -0.00057801 -0.000903694 -0.00037426 -0.000549424 -0.00093676 -0.000167629 -0.000359485 -0.000143097 -0.00062038 -0.0012614 -0.000659741 -0.000441014 -0.00120921 -0.00074503 -0.00167485 -0.000829383 -0.00114776 -0.000939935 -0.000636652 -0.00125561 -0.000681467 -0.00028851 -0.000956791 -0.00107141 -0.000786452 -0.000746333 -0.000161065 -0.000844624 -0.000343775 -0.000532754 0 0 0 0 0 0 0 0 0 0 0 0 0 0 0 0 0 
0 0 0 0 0 0 0 0 0 0 0 0 0 0 0 0 -1.61171e-05 -8.96988e-05 -0.00202038 -0.00238169 -0.000758767 -0.00126763 -0.000220779 -8.68275e-05 -0.000813108 -0.00304007 -0.00253495 -0.000343774 -0.00163494 -0.000477246 -0.000729157 -0.000803743 -0.00278713 -0.00213107 -0.00102523 -0.00133527 -0.00230852 -0.00213945 -0.00261308 -0.000655822 -0.000358593 -0.00156846 -0.000603373 -0.000813716 -0.000538975 -0.00065623 -0.000849254 -0.000832662 -0.000243374 -0.000333658 -0.000169356 -0.000404959 0 0 0 0 0 0 0 0 0 0 0 0 0 0 0 0 0 
0 0 0 0 0 0 0 0 0 0 0 0 0 0 0 0 0 0 -0.00108118 -0.00157481 -0.00246858 -0.00235203 -0.00165319 -0.000538011 -0.000317429 -0.000663194 -0.00148418 -0.00152631 -0.00231922 -0.000738876 -0.000317362 -0.000197956 -0.00121852 -0.00097899 -0.00142672 -0.00106605 -0.00109322 -0.000989515 -0.000510886 -0.000554975 -0.00178222 -0.00120493 -0.000731716 0 -5.61199e-06 -8.20016e-05 -0.00145554 -0.000524047 -0.000809062 -0.000466624 -0.00063354 -0.000590852 0 0 0 0 0 0 0 0 0 0 0 0 0 0 0 0 0 
0 0 0 0 0 0 0 0 0 0 0 0 0 0 0 0 0 0 -2.40908e-05 -0.00017165 -0.00077697 -0.00120642 -0.000736115 -0.00105352 -0.00100926 -0.00172559 -0.00113644 -0.000798257 -0.000790824 -0.00123066 -0.00139585 -0.000177806 -0.000334881 -0.000494245 -0.00193297 -0.00125851 -0.00157143 -0.000888132 -0.00147068 -0.000667227 -0.000576501 -0.000174743 -0.000162342 -9.49593e-05 -0.000441966 -0.00019646 -0.00127682 -0.00138044 -0.000738859 -9.6518e-05 -0.000430718 -0.000194513 0 0 0 0 0 0 0 0 0 0 0 0 0 0 0 0 0 
0 0 0 0 0 0 0 0 0 0 0 0 0 0 0 0 0 0 0 -0.000224631 -0.0012974 -0.00131424 -0.000845768 -0.000903385 -0.000722105 -0.000666222 -0.00226819 -0.000977493 -0.00197431 -0.00149014 -0.000454014 -0.000613872 -0.000375381 -0.00117109 -0.0010332 -0.00329945 -0.00112404 -0.000278976 -0.000140232 -0.000342303 -0.00133218 -0.000997481 -1.54707e-05 -0.000557668 -0.000893536 -0.000326442 -0.000714973 -0.00110909 -0.000462207 -0.000541652 -0.000176393 0 0 0 0 0 0 0 0 0 0 0 0 0 0 0 0 0 0 
0 0 0 0 0 0 0 0 0 0 0 0 0 0 0 0 0 0 0 0 -0.000122143 -0.000215633 -0.000939036 -0.0014464 -0.000385716 -0.000502007 -0.000711881 -0.000986793 -0.00149566 -0.000246928 -0.000949779 -0.00044795 -0.000495887 -0.00232239 -0.00206716 -0.000862416 -0.000398391 -8.15454e-05 -1.784e-06 -2.01789e-05 -0.000136974 -0.000699219 -0.00122289 -1.47128e-05 -4.46741e-05 -2.95583e-05 -0.000115149 -0.000227418 -0.000459557 0 0 0 0 0 0 0 0 0 0 0 0 0 0 0 0 0 0 0 0 
0 0 0 0 0 0 0 0 0 0 0 0 0 0 0 0 0 0 0 0 0 -6.50312e-05 -0.00104691 -0.00119393 -0.000278539 -0.000478728 -0.000734063 -0.00101257 -0.00120648 -0.00126785 -0.00133162 -0.00128264 -0.0007471 -0.00129213 -0.000725859 -0.000317966 -0.000463981 -0.000655114 -0.00107594 -0.00046913 -0.000126519 -0.000703967 -0.000424617 -0.000281341 -0.000363006 -0.000316167 -0.000778205 0 0 0 0 0 0 0 0 0 0 0 0 0 0 0 0 0 0 0 0 0 0 
0 0 0 0 0 0 0 0 0 0 0 0 0 0 0 0 0 0 0 0 0 0 -0.000106678 -0.00079664 -0.00111758 -0.000101377 -0.000840815 -0.000739192 -0.000124512 -0.000833938 -0.000912646 -0.00226353 -0.00128208 -0.000374218 -0.00148531 -0.000714045 -0.00151079 -0.000657934 -0.000983088 -0.000484625 -0.000686818 -0.000397745 -0.000469499 -0.00104259 -0.000300539 -0.000319158 -0.000188815 0 0 0 0 0 0 0 0 0 0 0 0 0 0 0 0 0 0 0 0 0 0 
0 0 0 0 0 0 0 0 0 0 0 0 0 0 0 0 0 0 0 0 0 0 0 -6.35199e-06 -1.97966e-05 -4.73732e-05 -0.00135392 -0.000715681 -0.000911679 -0.000524274 -0.00126353 -0.00129145 -0.000654923 -0.00111316 -0.00192704 -0.00092748 -0.0012775 -0.00215959 -0.00102567 -0.000350532 -0.00107596 -0.00111199 -0.0011776 -0.000191545 0 0 0 0 0 0 0 0 0 0 0 0 0 0 0 0 0 0 0 0 0 0 0 0 0 
0 0 0 0 0 0 0 0 0 0 0 0 0 0 0 0 0 0 0 0 0 0 0 0 0 -2.33351e-06 -0.000153558 -0.00049391 -0.000219211 -0.000255417 -0.00103057 -0.000766914 -0.00193318 -0.00162116 -0.00218404 -0.00065524 -0.00104401 -0.0010734 -0.000452242 -0.000108428 -0.00198246 -0.00024508 -0.000159471 -2.46707e-06 0 0 0 0 0 0 0 0 0 0 0 0 0 0 0 0 0 0 0 0 0 0 0 0 0 
0 0 0 0 0 0 0 0 0 0 0 0 0 0 0 0 0 0 0 0 0 0 0 0 0 0 0 0 0 0 -0.000135106 -0.000486208 -0.00103091 -0.000707535 -0.000552762 -0.000684924 -0.0012091 -0.000984947 0 -2.7501e-06 -6.33273e-05 -5.94533e-07 0 0 0 0 0 0 0 0 0 0 0 0 0 0 0 0 0 0 0 0 0 0 0 0 0 0 0 
0 0 0 0 0 0 0 0 0 0 0 0 0 0 0 0 0 0 0 0 0 0 0 0 0 0 0 0 0 0 0 0 0 0 0 0 -3.04722e-06 -6.5375e-07 0 0 0 0 0 0 0 0 0 0 0 0 0 0 0 0 0 0 0 0 0 0 0 0 0 0 0 0 0 0 0 
0 0 0 0 0 0 0 0 0 0 0 0 0 0 0 0 0 0 0 0 0 0 0 0 0 0 0 0 0 0 0 0 0 0 0 0 0 0 0 0 0 0 0 0 0 0 0 0 0 0 0 0 0 0 0 0 0 0 0 0 0 0 0 0 0 0 0 0 0 
0 0 0 0 0 0 0 0 0 0 0 0 0 0 0 0 0 0 0 0 0 0 0 0 0 0 0 0 0 0 0 0 0 0 0 0 0 0 0 0 0 0 0 0 0 0 0 0 0 0 0 0 0 0 0 0 0 0 0 0 0 0 0 0 0 0 0 0 0 
0 0 0 0 0 0 0 0 0 0 0 0 0 0 0 0 0 0 0 0 0 0 0 0 0 0 0 0 0 0 0 0 0 0 0 0 0 0 0 0 0 0 0 0 0 0 0 0 0 0 0 0 0 0 0 0 0 0 0 0 0 0 0 0 0 0 0 0 0 
0 0 0 0 0 0 0 0 0 0 0 0 0 0 0 0 0 0 0 0 0 0 0 0 0 0 0 0 0 0 0 0 0 0 0 0 0 0 0 0 0 0 0 0 0 0 0 0 0 0 0 0 0 0 0 0 0 0 0 0 0 0 0 0 0 0 0 0 0 
0 0 0 0 0 0 0 0 0 0 0 0 0 0 0 0 0 0 0 0 0 0 0 0 0 0 0 0 0 0 0 0 0 0 0 0 0 0 0 0 0 0 0 0 0 0 0 0 0 0 0 0 0 0 0 0 0 0 0 0 0 0 0 0 0 0 0 0 0 
0 0 0 0 0 0 0 0 0 0 0 0 0 0 0 0 0 0 0 0 0 0 0 0 0 0 0 0 0 0 0 0 0 0 0 0 0 0 0 0 0 0 0 0 0 0 0 0 0 0 0 0 0 0 0 0 0 0 0 0 0 0 0 0 0 0 0 0 0 
0 0 0 0 0 0 0 0 0 0 0 0 0 0 0 0 0 0 0 0 0 0 0 0 0 0 0 0 0 0 0 0 0 0 0 0 0 0 0 0 0 0 0 0 0 0 0 0 0 0 0 0 0 0 0 0 0 0 0 0 0 0 0 0 0 0 0 0 0 
0 0 0 0 0 0 0 0 0 0 0 0 0 0 0 0 0 0 0 0 0 0 0 0 0 0 0 0 0 0 0 0 0 0 0 0 0 0 0 0 0 0 0 0 0 0 0 0 0 0 0 0 0 0 0 0 0 0 0 0 0 0 0 0 0 0 0 0 0 
0 0 0 0 0 0 0 0 0 0 0 0 0 0 0 0 0 0 0 0 0 0 0 0 0 0 0 0 0 0 0 0 0 0 0 0 0 0 0 0 0 0 0 0 0 0 0 0 0 0 0 0 0 0 0 0 0 0 0 0 0 0 0 0 0 0 0 0 0 
0 0 0 0 0 0 0 0 0 0 0 0 0 0 0 0 0 0 0 0 0 0 0 0 0 0 0 0 0 0 0 0 0 0 0 0 0 0 0 0 0 0 0 0 0 0 0 0 0 0 0 0 0 0 0 0 0 0 0 0 0 0 0 0 0 0 0 0 0 
0 0 0 0 0 0 0 0 0 0 0 0 0 0 0 0 0 0 0 0 0 0 0 0 0 0 0 0 0 0 0 0 0 0 0 0 0 0 0 0 0 0 0 0 0 0 0 0 0 0 0 0 0 0 0 0 0 0 0 0 0 0 0 0 0 0 0 0 0 
0 0 0 0 0 0 0 0 0 0 0 0 0 0 0 0 0 0 0 0 0 0 0 0 0 0 0 0 0 0 0 0 0 0 0 0 0 0 0 0 0 0 0 0 0 0 0 0 0 0 0 0 0 0 0 0 0 0 0 0 0 0 0 0 0 0 0 0 0 
