0 0 0 0 0 0 0 0 0 0 0 0 0 0 0 0 0 0 0 0 0 0 0 0 0 0 0 0 0 0 0 0 0 0 0 0 0 0 0 0 0 0 0 0 0 0 0 0 0 0 0 0 0 0 0 0 0 0 0 0 0 0 0 0 0 0 0 0 0 
0 0 0 0 0 0 0 0 0 0 0 0 0 0 0 0 0 0 0 0 0 0 0 0 0 0 0 0 0 0 0 0 0 0 0 0 0 0 0 0 0 0 0 0 0 0 0 0 0 0 0 0 0 0 0 0 0 0 0 0 0 0 0 0 0 0 0 0 0 
0 0 0 0 0 0 0 0 0 0 0 0 0 0 0 0 0 0 0 0 0 0 0 0 0 0 0 0 0 0 0 0 0 0 0 0 0 0 0 0 0 0 0 0 0 0 0 0 0 0 0 0 0 0 0 0 0 0 0 0 0 0 0 0 0 0 0 0 0 
0 0 0 0 0 0 0 0 0 0 0 0 0 0 0 0 0 0 0 0 0 0 0 0 0 0 0 0 0 0 0 0 0 0 0 0 0 0 0 0 0 0 0 0 0 0 0 0 0 0 0 0 0 0 0 0 0 0 0 0 0 0 0 0 0 0 0 0 0 
0 0 0 0 0 0 0 0 0 0 0 0 0 0 0 0 0 0 0 0 0 0 0 0 0 0 0 0 0 0 0 0 0 0 0 0 0 0 0 0 0 0 0 0 0 0 0 0 0 0 0 0 0 0 0 0 0 0 0 0 0 0 0 0 0 0 0 0 0 
0 0 0 0 0 0 0 0 0 0 0 0 0 0 0 0 0 0 0 0 0 0 0 0 0 0 0 0 0 0 0 0 0 0 0 0 0 0 0 0 0 0 0 0 0 0 0 0 0 0 0 0 0 0 0 0 0 0 0 0 0 0 0 0 0 0 0 0 0 
0 0 0 0 0 0 0 0 0 0 0 0 0 0 0 0 0 0 0 0 0 0 0 0 0 0 0 0 0 0 0 0 0 0 0 0 0 0 0 0 0 0 0 0 0 0 0 0 0 0 0 0 0 0 0 0 0 0 0 0 0 0 0 0 0 0 0 0 0 
0 0 0 0 0 0 0 0 0 0 0 0 0 0 0 0 0 0 0 0 0 0 0 0 0 0 0 0 0 0 0 0 0 0 0 0 0 0 0 0 0 0 0 0 0 0 0 0 0 0 0 0 0 0 0 0 0 0 0 0 0 0 0 0 0 0 0 0 0 
0 0 0 0 0 0 0 0 0 0 0 0 0 0 0 0 0 0 0 0 0 0 0 0 0 0 0 0 0 0 0 0 0 0 0 0 0 0 0 0 0 0 0 0 0 0 0 0 0 0 0 0 0 0 0 0 0 0 0 0 0 0 0 0 0 0 0 0 0 
0 0 0 0 0 0 0 0 0 0 0 0 0 0 0 0 0 0 0 0 0 0 0 0 0 0 0 0 0 0 0 0 0 0 0 0 0 0 0 0 0 0 0 0 0 0 0 0 0 0 0 0 0 0 0 0 0 0 0 0 0 0 0 0 0 0 0 0 0 
0 0 0 0 0 0 0 0 0 0 0 0 0 0 0 0 0 0 0 0 0 0 0 0 0 0 0 0 0 0 0 0 0 0 0 0 0 0 0 0 0 0 0 0 0 0 0 0 0 0 0 0 0 0 0 0 0 0 0 0 0 0 0 0 0 0 0 0 0 
0 0 0 0 0 0 0 0 0 0 0 0 0 0 0 0 0 0 0 0 0 0 0 0 0 0 0 0 0 0 0 0 0 0 0 0 0 0 0 0 0 0 0 0 0 0 0 0 0 0 0 0 0 0 0 0 0 0 0 0 0 0 0 0 0 0 0 0 0 
0 0 0 0 0 0 0 0 0 0 0 0 0 0 0 0 0 0 0 0 0 0 0 0 0 0 0 0 0 0 0 0 0 0 -0.00184448 -0.000373267 0 0 0 0 0 0 0 0 0 0 0 0 0 0 0 0 0 0 0 0 0 0 0 0 0 0 0 0 0 0 0 0 0 
0 0 0 0 0 0 0 0 0 0 0 0 0 0 0 0 0 0 0 0 0 0 0 0 0 -0.00190505 -0.00192081 -0.00197725 -0.0024484 -0.00147776 -4.39432e-05 -2.39429e-05 0 0 -0.00148716 -0.000300955 0 0 0 0 0 0 0 0 0 0 0 0 0 0 0 0 0 0 0 0 0 0 0 0 0 0 0 0 0 0 0 0 0 
0 0 0 0 0 0 0 0 0 0 0 0 0 0 0 0 0 0 0 0 0 0 0 0 0 -8.96321e-05 -9.03735e-05 -0.000437049 -0.000891934 -0.00077934 -0.00254908 -0.00138889 0 0 0 0 -0.000184641 -0.000902628 0 0 0 0 0 0 0 0 0 0 0 0 0 0 0 0 0 0 0 0 0 0 0 0 0 0 0 0 0 0 0 
0 0 0 0 0 0 0 0 0 0 0 0 0 0 0 0 0 0 0 0 0 0 0 -0.00017018 -0.00168238 0 0 0 0 0 -0.00017956 -0.00146234 0 0 0 0 -0.000495639 -0.00242295 0 0 0 0 0 0 0 0 0 0 0 0 0 0 0 0 0 0 0 0 0 0 0 0 0 0 0 0 0 0 0 
0 0 0 0 0 0 0 0 0 0 0 0 0 0 0 0 0 0 0 0 0 0 0 -0.000197807 -0.00195549 0 0 0 0 -0.000530612 -0.000587389 -0.00210544 0 0 0 0 0 0 0 0 0 0 0 0 0 0 0 0 0 0 0 0 0 0 0 0 0 0 0 0 0 0 0 0 0 0 0 0 0 
0 0 0 0 0 0 0 0 0 0 0 0 0 0 0 0 0 0 0 0 0 0 0 0 0 0 0 0 0 -0.00194248 -0.00120391 -0.000172679 -0.000249297 0 0 0 0 0 0 0 0 0 -0.000412982 -0.00204923 -0.00037803 -0.00113331 0 0 0 0 0 0 0 0 0 0 0 0 0 0 0 0 0 0 0 0 0 0 0 
0 0 0 0 0 0 0 0 0 0 0 0 0 0 0 0 0 0 0 0 0 0 0 -0.0167851 -0.0223306 0 0 0 -0.000536377 -0.000426822 0 -0.00146658 -0.00321541 -0.00176777 0 0 0 0 0 0 -0.000292695 -0.00310904 -0.000258913 -0.00128474 -0.000623949 -0.00187057 0 0 0 0 0 0 0 0 0 0 0 0 0 0 0 0 0 0 0 0 0 0 0 
0 0 0 0 0 0 0 0 0 0 0 0 0 0 0 0 0 0 0 0 0 0 0 -0.0296271 -0.0394155 0 -0.00189995 -0.000485646 -0.00169437 -0.00134829 0 0 -0.00123568 -0.00391016 0 0 0 -0.00100569 -0.000327073 -0.00182709 -0.00260345 -0.00134885 0 0 0 0 0 0 0 0 0 0 0 0 0 0 0 0 0 0 0 0 0 0 0 0 0 0 0 
0 0 0 0 0 0 0 0 0 0 0 0 0 0 0 0 0 0 0 0 0 0 -0.00119719 -0.00308417 -0.00276945 0 -0.00415204 -0.00147408 0 0 0 0 -0.00130469 -0.00269101 -0.000392086 -0.0020091 0 -0.00201709 -0.000656006 -0.0018065 -0.00347223 -0.00156359 0 0 0 0 0 0 0 0 0 0 0 0 0 0 0 0 0 0 0 0 0 0 0 0 0 0 0 
0 0 0 0 0 0 0 0 0 0 0 0 0 0 0 0 0 0 0 0 0 0 -0.000333973 -0.000565335 -6.15995e-05 0 0 -4.75908e-05 -0.000344606 -0.000581796 -0.00053897 0 -0.00292377 -0.000431705 -0.00368855 -0.00192198 0 -0.000218655 -0.000894275 0 0 0 0 0 0 0 0 0 0 0 0 0 0 0 0 0 0 0 0 0 0 0 0 0 0 0 0 0 0 
0 0 0 0 0 0 0 0 0 0 0 0 0 0 0 0 0 0 0 0 0 0 0 0 0 0 0 -0.000438497 -0.00317517 -0.00149767 -0.00301592 -0.00181562 -0.000576658 -0.00352357 -0.000511016 0 0 -0.000568368 -0.0026667 -0.00275388 0 0 0 0 0 0 0 0 0 0 0 0 0 0 0 0 0 0 0 0 0 0 0 0 0 0 0 0 0 
0 0 0 0 0 0 0 0 0 0 0 0 0 0 0 0 0 0 0 0 0 0 0 0 -0.000635538 -0.00334266 0 0 0 0 -0.00033515 -0.000591648 -0.00174062 -0.00133077 -0.00218799 0 0 0 -0.000388227 -0.0020536 0 -0.000517285 -0.000223851 0 0 0 0 0 -0.000159706 -0.00101431 -0.000471466 0 0 0 0 0 0 0 0 0 0 0 0 0 0 0 0 0 0 
0 0 0 0 0 0 0 0 0 0 0 0 0 0 0 0 0 0 0 0 0 0 -0.000899666 -0.000682048 -0.00105345 -0.00048052 0 -0.00205968 -0.00100501 -0.000596143 -0.00288126 -0.00294729 -0.00184787 -0.000461618 -0.00112179 -0.00318515 0 0 -0.000464556 -0.00200933 0 -0.00227866 -0.000986069 0 0 -0.000163471 -0.00178839 0 -0.00057464 -0.00382386 -0.00196774 0 0 0 0 0 0 0 0 0 0 0 0 0 0 0 0 0 0 
0 0 0 0 0 0 0 0 0 0 0 0 0 0 0 0 0 0 0 0 0 0 -0.00137883 -0.00104531 -0.00174075 -0.000758797 0 -0.000632529 -0.000308638 -0.000261675 -0.000960301 -7.11425e-05 -1.1237e-05 0 -0.000685223 -0.000671595 0 0 0 0 0 -0.00345031 -0.000285141 0 0 -0.000172026 -0.00203194 -0.00021319 0 0 0 0 0 0 0 0 0 0 0 0 0 0 0 0 0 0 0 0 0 
0 0 0 0 0 0 0 0 0 0 0 0 0 0 0 0 0 0 -0.0013453 -0.000280795 0 0 0 0 -0.00263967 -0.000215149 0 0 0 0 0 -0.0033883 -0.000535185 0 -0.00160218 -0.0012438 -0.00193771 -0.00149491 -0.000366278 0 0 -0.00024977 -2.06416e-05 0 0 0 -0.00150423 -0.00213848 0 0 0 0 0 0 0 0 0 0 0 0 0 0 0 0 0 0 0 0 0 
0 0 0 0 0 0 0 0 0 0 0 0 0 0 0 0 0 -0.00242363 -0.00319461 -0.000410942 0 0 -0.00109785 -0.000227054 -0.00106429 -8.67463e-05 0 0 0 -0.00106707 -0.000929547 0 -0.00147575 -0.000225156 0 0 -0.000362301 -0.000756622 -0.00309391 -0.000818997 -0.00234755 0 0 -0.000395424 -0.00572979 0 0 0 0 0 0 0 0 0 0 0 0 0 0 0 0 0 0 0 0 0 0 0 0 
0 0 0 0 0 0 0 0 0 0 0 0 0 0 0 0 0 -0.000236725 -0.000119726 0 0 0 -0.00222151 -0.000459445 0 0 0 0 0 -0.00107382 -0.000935425 0 -0.00199984 -0.000305116 -0.000279253 -0.000558044 0 0 0 -0.00021708 -0.000622232 -0.00145306 -0.00111278 -8.31927e-05 -0.0269619 -0.0594755 -0.000321047 0 0 -0.000901644 -0.00163611 0 0 0 0 0 0 0 0 0 0 0 0 0 0 0 0 0 0 
0 0 0 0 0 0 0 0 0 0 0 0 0 0 0 0 0 -0.00241765 -0.00129324 -0.00243716 -0.00186582 0 0 0 0 0 0 0 -0.000468301 -0.000928634 0 0 0 0 -0.00105677 -0.00211179 0 0 0 0 -0.0012827 -0.00285556 -0.000624525 0 -0.00907901 -0.0211516 -0.00235869 0 0 -0.000521609 -0.000946502 0 0 0 0 0 0 0 0 0 0 0 0 0 0 0 0 0 0 
0 0 0 0 0 0 0 0 0 0 0 0 0 0 -6.4971e-05 -8.81284e-05 0 -0.000415569 -0.000926676 -0.0023773 -0.000284173 0 -0.000231339 -0.00244712 -0.00120357 -0.00322095 0 -0.00142068 -0.00375202 -0.00209425 0 -0.00136067 -0.00161381 0 0 0 0 0 0 0 -0.000263701 -0.000419401 0 0 -0.00201424 -0.00343651 -0.000585912 0 0 -0.000202195 -0.00111594 0 0 -0.000235175 -0.00199848 0 0 0 0 0 0 0 0 0 0 0 0 0 0 
0 0 0 0 0 0 0 0 0 0 0 0 0 0 -0.001635 -0.00221776 0 0 -0.00228737 -0.000159896 0 -0.000931969 -0.0013094 -0.0038108 -0.00443363 -0.000339033 0 -0.000180735 -0.0022272 -0.000945762 0 -0.000471804 -0.0020303 -0.000358576 0 0 0 0 -0.00103133 -0.0017433 -0.000153474 -0.000205866 0 0 0 -0.000509755 -9.08723e-05 0 0 -0.000412285 -0.00227545 0 0 -0.000186591 -0.00158562 0 0 0 0 0 0 0 0 0 0 0 0 0 0 
0 0 0 0 0 0 0 0 0 0 0 0 0 0 0 0 -0.000616017 -3.27977e-05 -0.00145676 -0.00111224 -0.000213385 -0.00102844 -0.00107305 -0.0015847 -0.00210588 0 0 0 -0.0018657 -0.00122493 0 -0.000258796 -0.00240278 -0.000426644 0 0 0 0 -0.000457648 -0.000773582 -0.00155743 -0.00208909 0 0 0 0 0 0 0 -0.0890448 -0.00792211 -0.000186289 0 0 0 0 0 0 0 0 0 0 0 0 0 0 0 0 0 
0 0 0 0 0 0 0 0 0 0 0 0 0 0 0 0 -0.00318735 -0.000169699 0 -0.00229698 -0.000485092 0 0 -0.000135382 -0.000179906 0 -0.00075822 -0.000908168 -0.000552491 -0.00036274 0 -0.000878358 -0.00228574 -0.000925078 0 0 -0.00129498 -0.000606599 0 0 -6.74552e-05 -0.000701276 0 -0.00175964 -0.00133015 0 0 -0.000110012 -0.00102889 -0.0106914 -0.00548915 -0.00218489 -0.000279796 0 0 0 0 0 0 0 0 0 0 0 0 0 0 0 0 
0 0 0 0 0 0 0 0 0 0 0 0 0 0 0 0 0 0 0 -0.000700108 -0.00154382 0 0 0 0 -0.000670963 -0.00412406 -0.00127499 -0.000621104 -0.00316887 0 0 -0.00118252 -0.00690471 0 0 -0.00143302 -0.000671263 0 0 -0.000284054 -0.00295308 -0.00434154 -0.00492066 -0.000394367 0 0 -0.000276934 -0.00422466 -0.00189798 -0.00177522 -0.00137584 -0.00251578 0 0 0 0 0 0 0 0 0 0 0 0 0 0 0 0 
0 0 0 0 0 0 0 0 0 0 0 0 0 0 0 0 -0.00111864 -0.000338238 0 -0.000549726 -0.00121221 -0.00170292 -0.00169733 -0.0018574 0 -0.00104737 -0.00551113 -0.00123982 -3.53798e-05 -0.000180507 0 0 -0.000224254 -0.00271113 0 0 0 0 0 0 0 0 -0.00209398 -0.00118311 0 -8.66889e-06 -9.94456e-05 0 -0.000218984 -0.000254263 -0.00473263 -0.00113352 0 0 0 0 0 0 0 0 0 0 0 0 0 0 0 0 0 
0 0 0 0 0 0 0 0 0 0 0 0 0 0 0 0 -0.0019572 -0.00248961 -0.000697027 0 0 -0.00417571 -0.00121885 -0.00136538 0 -5.51356e-05 -0.000893786 -0.000172281 0 0 0 -0.000540293 -0.00215385 0 0 0 0 0 -6.38214e-05 -0.00101275 -0.00302822 0 0 -0.00177338 -0.00134986 -0.000312531 -0.019792 -0.00438036 0 0 -0.000577661 -0.000278486 -0.000861646 -0.00122151 0 0 0 0 0 0 0 0 0 0 0 0 0 0 0 
0 0 0 0 0 0 0 0 0 0 0 0 0 0 0 0 0 -0.00122358 -0.000769403 0 -0.000802937 -0.00180342 0 0 -0.00230124 -0.00473193 -0.0071054 0 0 0 0 -0.000263055 -0.00104866 0 0 0 0 0 -0.000943235 -0.00284186 -0.000749946 -0.000338912 -9.67659e-05 -0.00189467 -0.000909051 0 -0.0664156 -0.0179508 0 -0.000915025 -0.00300122 0 -0.000795276 -0.00112742 -0.00206132 -0.00179391 0 0 0 0 0 0 0 0 0 0 0 0 0 
0 0 0 0 0 0 0 0 0 0 0 0 0 0 0 0 0 -0.00112718 -0.00229672 -0.00159109 -0.00280184 -0.000968361 0 0 -0.000394694 -0.00119853 -0.00659495 -0.000335872 -0.000761455 0 0 0 0 0 0 0 -0.0777814 -0.0170795 0 0 -0.00197382 -0.00106503 -0.00100964 -0.00424439 -0.000739831 -0.000334078 -0.00112743 -0.0014267 0 -2.09384e-05 -6.86766e-05 -0.00152057 -0.00121352 0 -8.05383e-05 -7.00902e-05 0 0 0 0 0 0 0 0 0 0 0 0 0 
0 0 0 0 0 0 0 0 0 0 0 0 0 0 -3.97473e-05 -0.00126461 -0.00368175 -0.00248423 0 -1.76987e-05 -2.63707e-05 0 0 0 0 0 -0.00101003 -0.00107264 -0.00545959 -0.00196126 -0.000966594 0 0 0 -0.00136853 -0.00113423 -0.0109032 -0.00239417 0 0 0 0 0 0 0 -0.000943759 -0.00250194 -0.00231291 -0.00176046 0 0 -0.000707302 -0.00105459 -0.00286776 0 0 0 0 0 0 0 0 0 0 0 0 0 0 0 
0 0 0 0 0 0 0 0 0 0 0 0 0 0 -8.23224e-05 -0.00261918 -0.00315637 -0.00269524 0 0 0 -0.000133018 -0.00213431 0 -1.1091e-05 -0.000121199 0 -3.10414e-05 -0.000417048 -0.000722116 -0.00035589 0 0 0 -0.000821911 -0.000681197 -0.000805523 -0.00141202 0 0 0 0 0 0 0 0 0 -0.00065914 -0.00286121 -0.00333804 -0.00132322 -0.00129991 -0.00162409 -0.000553404 -0.00236098 -0.000658184 0 0 0 0 0 0 0 0 0 0 0 0 0 
0 0 0 0 0 0 0 0 0 0 0 0 0 0 0 0 0 0 0 0 0 -0.000101995 -0.00163654 0 -0.000324755 -0.00354882 0 0 0 0 0 0 0 0 0 -0.000143058 -0.0010347 -0.00113871 -0.000531381 -0.000954031 -4.19261e-05 -0.000386201 0 0 0 0 0 -0.000254813 -0.00184101 -0.00308715 -0.000263316 -0.000540491 -0.000635958 0 -0.000771593 -0.000215101 0 0 0 0 0 0 0 0 0 0 0 0 0 
0 0 0 0 0 0 0 0 0 0 0 0 0 0 0 0 0 0 0 0 0 0 -0.000986233 -0.0017999 0 0 -0.00321373 -0.000686217 0 0 0 0 -0.000858353 -0.000113168 0 -0.000941992 -0.00253572 0 -0.000901647 -0.0016188 -0.000350364 -0.00424189 -0.000355143 -0.000510516 -0.000636772 0 0 0 0 -0.00271634 -0.00101805 0 -0.00134913 -0.000896237 -0.00234927 -0.000630984 0 0 0 0 0 0 0 0 0 0 0 0 0 
0 0 0 0 0 0 0 0 0 0 0 0 0 -0.000194389 -0.00172481 0 0 -0.000590983 -8.37883e-05 0 0 -0.00171872 -0.00597684 -0.00106019 -0.000168671 -0.00120502 -8.72767e-05 -1.86359e-05 0 0 0 0 -0.00268088 -0.000353457 0 0 0 0 0 0 0 -0.00195265 -0.000683547 -0.001272 -0.00158658 0 0 0 0 -0.0022388 -0.000980479 0 -0.00105779 -0.000702701 -0.00306647 -0.00164682 0 0 0 0 0 0 0 0 0 0 0 0 0 
0 0 0 0 0 0 0 0 0 0 0 0 0 -0.000211351 -0.00187531 0 0 -0.00291746 -0.000413631 -0.00419484 -0.00178046 -0.000231601 -0.00271804 -0.00137287 -0.000323196 -0.00230897 0 0 0 0 0 0 0 -0.0480713 -0.0189043 0 0 0 -0.000486253 -0.00318203 0 0 0 0 -0.00199174 -1.57893e-05 0 0 0 -0.000732694 -0.000325359 0 -0.00124295 -0.000296415 -0.000194821 -0.000123353 0 0 0 0 0 0 0 0 0 0 0 0 0 
0 0 0 0 0 0 0 0 0 0 0 0 0 0 0 0 0 -0.00138656 -0.00100192 -0.00102686 -0.00179805 -0.00119343 -0.000102287 -5.67626e-05 -0.00128872 -0.000178525 0 0 0 -0.00339645 -0.000445723 0 0 -0.0295585 -0.0116241 0 -0.000538019 -0.00273884 -4.47478e-05 -0.000292829 -0.000183194 -0.00210035 -0.000323388 -0.0022573 -0.00198261 -1.57169e-05 -0.0292645 -0.00766052 0 0 0 -0.00232945 -0.00535978 -0.000474939 0 0 0 0 0 0 0 0 0 0 0 0 0 0 0 
0 0 0 0 0 0 0 0 0 0 0 0 0 0 0 0 0 -0.000938917 -0.00223748 -0.00133803 -0.00185894 -0.00189014 0 0 -0.00222973 -0.000308881 0 0 0 -0.000375365 -0.000945313 0 0 -0.000211288 -0.00305675 0 -0.000119694 -0.000609312 0 0 -0.000138171 -0.00158415 -0.000178589 -0.00124658 0 -4.04933e-06 -0.056457 -0.0147782 0 0 0 -0.00179165 -0.000522395 0 0 0 0 0 0 0 0 0 0 0 0 0 0 0 0 
0 0 0 0 0 0 0 0 0 0 0 0 0 0 0 -0.000189439 -0.0027253 -0.00222929 -0.000596694 -0.000512112 -0.00474276 -0.00154383 0 0 0 0 -0.00100317 -0.0023832 0 -0.000567975 -0.00367516 -0.000400883 0 -4.77022e-05 -0.000690118 0 0 0 -0.000759871 -0.0051932 -0.000392913 0 0 0 0 -0.00335005 -0.00410052 0 0 0 0 0 0 0 0 0 0 0 0 0 0 0 0 0 0 0 0 0 0 
0 0 0 0 0 0 0 0 0 0 0 0 0 0 0 -0.000352463 -0.00436478 -0.00522873 -0.00121186 0 0 0 -0.000954427 -0.00164598 0 0 -0.00125 -0.00407733 -0.00170898 0 -0.00171703 -0.000493685 0 0 0 0 -0.00268758 -0.00032586 -0.000978977 -0.00137278 -0.000106547 -0.00153048 -6.69077e-05 0 0 -0.000982973 -0.00334814 0 0 -0.00219712 -0.00275208 0 0 0 0 0 0 0 0 0 0 0 0 0 0 0 0 0 0 
0 0 0 0 0 0 0 0 0 0 0 0 0 0 0 -0.000668125 -0.00423708 -0.00152429 -0.000441943 0 -0.00122907 -0.000191831 -0.000515846 -0.000889612 0 0 0 -0.000464372 -0.00113053 -7.00902e-06 -0.00036824 0 0 0 -0.00319388 -0.0005857 -0.0011442 -0.000879982 -0.00606635 -0.000121044 0 -0.0023076 -0.000100881 0 -0.00140746 -0.000306807 -0.000176141 0 0 -0.00119268 -0.00186985 0 0 0 0 0 0 0 0 0 0 0 0 0 0 0 0 0 0 
0 0 0 0 0 0 0 0 0 0 0 0 0 0 0 -0.000160334 -0.000701524 0 0 0 -0.00223597 -0.000348986 0 0 -0.00127755 -0.00026182 -0.0023612 -0.000988917 0 -0.000698804 -0.0063709 0 0 0 -0.000191217 -3.50658e-05 0 -0.000819333 -3.30527e-05 -0.000973744 -0.000638439 -0.00291789 0 0 -0.0019881 -0.000357332 0 0 0 0 0 0 0 0 0 0 0 0 0 0 0 0 0 0 0 0 0 0 0 
0 0 0 0 0 0 0 0 0 0 0 0 0 0 0 0 0 0 0 -3.62356e-05 -0.000148949 0 -0.00361207 -0.000376058 -0.00204699 -0.000419508 -0.000462174 -0.000193567 0 -0.000103989 -0.000462783 0 0 0 0 0 0 -0.00303119 -0.000122281 -0.00418301 -0.00113247 -0.00105048 -0.0021314 -0.00185392 0 0 0 -0.0023775 -4.55277e-05 0 0 0 0 0 0 0 0 0 0 0 0 0 0 0 0 0 0 0 0 
0 0 0 0 0 0 0 0 0 0 0 0 0 0 0 0 0 0 0 -0.000747604 -0.00307307 0 -1.60575e-05 -1.67177e-06 -0.00254723 -0.000744672 0 0 -0.00143985 -0.00200218 -0.00210564 -0.000433396 0 -0.000257593 -0.00161737 -0.000491617 0 0 0 -0.00321261 -0.00122438 0 -1.09907e-05 -9.55982e-06 0 0 -0.00152489 -0.00487173 -2.97407e-05 0 0 0 0 0 0 0 0 0 0 0 0 0 0 0 0 0 0 0 0 
0 0 0 0 0 0 0 0 0 0 0 0 0 0 0 0 0 0 0 0 0 0 0 -0.00117154 -0.00304382 -0.000161507 -0.0014492 -0.00209499 -0.000405568 -0.00323881 -0.00121644 -0.000250376 0 -0.000632003 -0.00387266 -0.00114048 0 0 0 -0.000450767 -0.000239652 0 0 0 0 0 -0.00122854 -0.00193965 0 0 0 0 0 0 0 0 0 0 0 0 0 0 0 0 0 0 0 0 0 
0 0 0 0 0 0 0 0 0 0 0 0 0 0 0 0 0 0 0 0 0 0 -0.000958378 -0.000238105 -0.000810835 -0.00221879 -0.00104891 -0.000418889 -5.09763e-05 -0.000874335 -0.00064122 -0.025684 -0.069281 0 0 0 0 0 0 0 0 0 0 0 0 0 0 0 0 0 0 0 0 0 0 0 0 0 0 0 0 0 0 0 0 0 0 0 0 
0 0 0 0 0 0 0 0 0 0 0 0 0 0 0 0 0 0 0 0 0 0 -0.00257415 -0.00034492 -0.00295221 -0.00226315 -0.00256445 -0.000435278 0 0 -0.000948336 -0.00785544 -0.01176 -0.000133682 -0.000360243 0 0 0 0 0 0 0 0 0 0 0 0 0 0 0 0 0 0 0 0 0 0 0 0 0 0 0 0 0 0 0 0 0 0 
0 0 0 0 0 0 0 0 0 0 0 0 0 0 0 0 0 0 0 0 0 0 0 0 0 0 -0.000167309 -0.00185387 -0.000771643 0 0 -0.00123057 -0.00346041 -0.00104736 -0.00256142 0 0 0 0 0 0 0 0 0 0 0 0 0 0 0 0 0 0 0 0 0 0 0 0 0 0 0 0 0 0 0 0 0 0 
0 0 0 0 0 0 0 0 0 0 0 0 0 0 0 0 0 0 0 0 0 0 0 0 0 0 -0.000165178 -0.00184736 -0.00320636 -0.00141591 -0.00256124 -0.000121946 -0.00285942 -0.000242524 0 0 0 0 0 0 0 0 0 0 0 0 0 0 0 0 0 0 0 0 0 0 0 0 0 0 0 0 0 0 0 0 0 0 0 
0 0 0 0 0 0 0 0 0 0 0 0 0 0 0 0 0 0 0 0 0 0 0 0 0 0 0 0 0 -0.00145073 -0.00258383 0 0 0 0 0 0 0 0 0 0 0 0 0 0 0 0 0 0 0 0 0 0 0 0 0 0 0 0 0 0 0 0 0 0 0 0 0 0 
0 0 0 0 0 0 0 0 0 0 0 0 0 0 0 0 0 0 0 0 0 0 0 0 0 0 0 0 0 0 0 0 0 0 0 0 0 0 0 0 0 0 0 0 0 0 0 0 0 0 0 0 0 0 0 0 0 0 0 0 0 0 0 0 0 0 0 0 0 
0 0 0 0 0 0 0 0 0 0 0 0 0 0 0 0 0 0 0 0 0 0 0 0 0 0 0 0 0 0 0 0 0 0 0 0 0 0 0 0 0 0 0 0 0 0 0 0 0 0 0 0 0 0 0 0 0 0 0 0 0 0 0 0 0 0 0 0 0 
0 0 0 0 0 0 0 0 0 0 0 0 0 0 0 0 0 0 0 0 0 0 0 0 0 0 0 0 0 0 0 0 0 0 0 0 0 0 0 0 0 0 0 0 0 0 0 0 0 0 0 0 0 0 0 0 0 0 0 0 0 0 0 0 0 0 0 0 0 
0 0 0 0 0 0 0 0 0 0 0 0 0 0 0 0 0 0 0 0 0 0 0 0 0 0 0 0 0 0 0 0 0 0 0 0 0 0 0 0 0 0 0 0 0 0 0 0 0 0 0 0 0 0 0 0 0 0 0 0 0 0 0 0 0 0 0 0 0 
0 0 0 0 0 0 0 0 0 0 0 0 0 0 0 0 0 0 0 0 0 0 0 0 0 0 0 0 0 0 0 0 0 0 0 0 0 0 0 0 0 0 0 0 0 0 0 0 0 0 0 0 0 0 0 0 0 0 0 0 0 0 0 0 0 0 0 0 0 
0 0 0 0 0 0 0 0 0 0 0 0 0 0 0 0 0 0 0 0 0 0 0 0 0 0 0 0 0 0 0 0 0 0 0 0 0 0 0 0 0 0 0 0 0 0 0 0 0 0 0 0 0 0 0 0 0 0 0 0 0 0 0 0 0 0 0 0 0 
0 0 0 0 0 0 0 0 0 0 0 0 0 0 0 0 0 0 0 0 0 0 0 0 0 0 0 0 0 0 0 0 0 0 0 0 0 0 0 0 0 0 0 0 0 0 0 0 0 0 0 0 0 0 0 0 0 0 0 0 0 0 0 0 0 0 0 0 0 
0 0 0 0 0 0 0 0 0 0 0 0 0 0 0 0 0 0 0 0 0 0 0 0 0 0 0 0 0 0 0 0 0 0 0 0 0 0 0 0 0 0 0 0 0 0 0 0 0 0 0 0 0 0 0 0 0 0 0 0 0 0 0 0 0 0 0 0 0 
0 0 0 0 0 0 0 0 0 0 0 0 0 0 0 0 0 0 0 0 0 0 0 0 0 0 0 0 0 0 0 0 0 0 0 0 0 0 0 0 0 0 0 0 0 0 0 0 0 0 0 0 0 0 0 0 0 0 0 0 0 0 0 0 0 0 0 0 0 
0 0 0 0 0 0 0 0 0 0 0 0 0 0 0 0 0 0 0 0 0 0 0 0 0 0 0 0 0 0 0 0 0 0 0 0 0 0 0 0 0 0 0 0 0 0 0 0 0 0 0 0 0 0 0 0 0 0 0 0 0 0 0 0 0 0 0 0 0 
