0 0 0 0 0 0 0 0 0 0 0 0 0 0 0 0 0 0 0 0 0 0 0 0 0 0 0 0 0 0 0 0 0 0 0 0 0 0 0 0 0 0 0 0 0 0 0 0 0 0 0 0 0 0 0 0 0 0 0 0 0 0 0 0 0 0 0 0 0 
0 0 0 0 0 0 0 0 0 0 0 0 0 0 0 0 0 0 0 0 0 0 0 0 0 0 0 0 0 0 0 0 0 0 0 0 0 0 0 0 0 0 0 0 0 0 0 0 0 0 0 0 0 0 0 0 0 0 0 0 0 0 0 0 0 0 0 0 0 
0 0 0 0 0 0 0 0 0 0 0 0 0 0 0 0 0 0 0 0 0 0 0 0 0 0 0 0 0 0 0 0 0 0 0 0 0 0 0 0 0 0 0 0 0 0 0 0 0 0 0 0 0 0 0 0 0 0 0 0 0 0 0 0 0 0 0 0 0 
0 0 0 0 0 0 0 0 0 0 0 0 0 0 0 0 0 0 0 0 0 0 0 0 0 0 0 0 0 0 0 0 0 0 0 0 0 0 0 0 0 0 0 0 0 0 0 0 0 0 0 0 0 0 0 0 0 0 0 0 0 0 0 0 0 0 0 0 0 
0 0 0 0 0 0 0 0 0 0 0 0 0 0 0 0 0 0 0 0 0 0 0 0 0 0 0 0 0 0 0 0 0 0 0 0 0 0 0 0 0 0 0 0 0 0 0 0 0 0 0 0 0 0 0 0 0 0 0 0 0 0 0 0 0 0 0 0 0 
0 0 0 0 0 0 0 0 0 0 0 0 0 0 0 0 0 0 0 0 0 0 0 0 0 0 0 0 0 0 0 0 0 0 0 0 0 0 0 0 0 0 0 0 0 0 0 0 0 0 0 0 0 0 0 0 0 0 0 0 0 0 0 0 0 0 0 0 0 
0 0 0 0 0 0 0 0 0 0 0 0 0 0 0 0 0 0 0 0 0 0 0 0 0 0 0 0 0 0 0 0 0 0 0 0 0 0 0 0 0 0 0 0 0 0 0 0 0 0 0 0 0 0 0 0 0 0 0 0 0 0 0 0 0 0 0 0 0 
0 0 0 0 0 0 0 0 0 0 0 0 0 0 0 0 0 0 0 0 0 0 0 0 0 0 0 0 0 0 0 0 0 0 0 0 0 0 0 0 0 0 0 0 0 0 0 0 0 0 0 0 0 0 0 0 0 0 0 0 0 0 0 0 0 0 0 0 0 
0 0 0 0 0 0 0 0 0 0 0 0 0 0 0 0 0 0 0 0 0 0 0 0 0 0 0 0 0 0 0 0 0 0 0 0 0 0 0 0 0 0 0 0 0 0 0 0 0 0 0 0 0 0 0 0 0 0 0 0 0 0 0 0 0 0 0 0 0 
0 0 0 0 0 0 0 0 0 0 0 0 0 0 0 0 0 0 0 0 0 0 0 0 0 0 0 0 0 0 0 0 0 0 0 0 0 0 0 0 0 0 0 0 0 0 0 0 0 0 0 0 0 0 0 0 0 0 0 0 0 0 0 0 0 0 0 0 0 
0 0 0 0 0 0 0 0 0 0 0 0 0 0 0 0 0 0 0 0 0 0 0 0 0 0 0 0 0 0 0 0 0 0 0 0 0 0 0 0 0 0 0 0 0 0 0 0 0 0 0 0 0 0 0 0 0 0 0 0 0 0 0 0 0 0 0 0 0 
0 0 0 0 0 0 0 0 0 0 0 0 0 0 0 0 0 0 0 0 0 0 0 0 0 0 0 0 0 0 0 0 0 0 0 0 0 0 0 0 0 0 0 0 0 0 0 0 0 0 0 0 0 0 0 0 0 0 0 0 0 0 0 0 0 0 0 0 0 
0 0 0 0 0 0 0 0 0 0 0 0 0 0 0 0 0 0 0 0 0 0 0 0 0 0 0 0 0 0 0 0 -0.00175442 -0.000667128 0 0 0 0 0 0 0 0 0 0 0 0 0 0 0 0 0 0 0 0 0 0 0 0 0 0 0 0 0 0 0 0 0 0 0 
0 0 0 0 0 0 0 0 0 0 0 0 0 0 0 0 0 0 0 0 0 0 0 -0.000714783 -0.000497376 -0.00107445 -0.00128999 -0.000763665 0 0 0 0 -0.00114784 -0.000436474 0 0 0 0 0 0 0 0 0 0 0 0 0 0 0 0 0 0 0 0 0 0 0 0 0 0 0 0 0 0 0 0 0 0 0 
0 0 0 0 0 0 0 0 0 0 0 0 0 0 0 0 0 0 0 0 0 0 0 -0.00164738 -0.00114632 -0.00153653 -0.00204327 -0.00130382 -0.00264473 -0.000872124 0 0 0 0 -0.000239872 -0.00129767 0 0 0 0 0 0 0 0 0 0 0 0 0 0 0 0 0 0 0 0 0 0 0 0 0 0 0 0 0 0 0 0 0 
0 0 0 0 0 0 0 0 0 0 0 0 0 0 0 0 0 0 0 0 0 0 0 0 0 0 0 0 -0.000590857 -0.00117344 0 0 0 0 -0.000385083 -0.00208324 0 0 0 0 0 0 0 0 0 0 0 0 0 0 0 0 0 0 0 0 0 0 0 0 0 0 0 0 0 0 0 0 0 
0 0 0 0 0 0 0 0 0 0 0 0 0 0 0 0 0 0 0 0 0 -0.00118888 -0.000269424 0 0 0 0 0 -0.000477724 -0.00225284 0 0 0 0 0 0 0 0 0 0 -0.000295443 -0.000599634 -0.000311952 -0.000571904 0 0 0 0 0 0 0 0 0 0 0 0 0 0 0 0 0 0 0 0 0 0 0 0 0 
0 0 0 0 0 0 0 0 0 0 0 0 0 0 0 0 0 0 0 0 0 -0.00207689 -0.000470666 0 0 0 0 -0.0025182 -0.00146142 0 0 0 0 0 0 0 0 0 -0.000396369 -0.000675511 -0.00102679 -0.00208399 -0.00110189 -0.00202011 0 0 0 0 0 0 0 0 0 0 0 0 0 0 0 0 0 0 0 0 0 0 0 0 0 
0 0 0 0 0 0 0 0 0 0 0 0 0 0 0 0 0 0 0 0 0 0 0 0 0 0 -0.000297854 -0.000620134 -9.63738e-06 -0.00153002 -0.00335049 -0.00136995 0 0 0 0 0 0 -0.00114131 -0.00185318 0 0 0 0 0 0 0 0 0 0 0 0 0 0 0 0 0 0 0 0 0 0 0 0 0 0 0 0 0 
0 0 0 0 0 0 0 0 0 0 0 0 0 0 0 0 0 0 0 0 0 0 -0.00544946 -0.00151631 -0.00309815 -0.00412904 -0.00108526 -0.00207863 0 -0.000120706 -0.00178055 -0.00386587 0 0 0 -0.000979723 -0.000258762 -0.00228386 -0.00516327 -0.000864575 0 0 0 0 0 0 0 0 0 0 0 0 0 0 0 0 0 0 0 0 0 0 0 0 0 0 0 0 0 
0 0 0 0 0 0 0 0 0 0 0 0 0 0 0 0 0 0 0 0 0 0 -0.105927 -0.00585819 -0.000770124 -0.00134996 -3.00741e-05 0 0 0 -0.000446507 -0.00272567 -0.000253025 -0.0022869 0 -0.00248458 -0.00045984 -0.00154496 -0.00137509 -0.000548279 0 0 0 0 0 0 0 0 0 0 0 0 0 0 0 0 0 0 0 0 0 0 0 0 0 0 0 0 0 
0 0 0 0 0 0 0 0 0 0 0 0 0 0 0 0 0 0 0 0 0 0 0 -0.00167921 -0.00115103 0 0 0 0 0 -0.00101747 -0.00172611 -0.00290529 -0.00256651 0 -7.35101e-05 -0.000645491 0 0 0 0 0 0 0 0 0 0 0 0 0 0 0 0 0 0 0 0 0 0 0 0 0 0 0 0 0 0 0 0 
0 0 0 0 0 0 0 0 0 0 0 0 0 0 0 0 0 0 0 0 0 0 0 -0.000697507 -0.000478112 0 -0.00040462 -0.00187136 -0.00270431 -0.00163896 -0.00124048 -0.00232634 -0.00189718 0 0 -0.000336046 -0.00329435 -0.00281506 0 0 0 0 0 0 0 0 -0.00202593 -0.00383159 -0.000880905 0 0 0 0 0 0 0 0 0 0 0 0 0 0 0 0 0 0 0 0 
0 0 0 0 0 0 0 0 0 0 0 0 0 0 0 0 0 0 0 0 0 0 0 0 -0.000203221 -0.000142436 -0.000307535 -0.00142234 -0.00069592 -0.00225468 -0.000477594 -0.000523675 -0.00215933 -0.000650842 0 0 -0.000121889 -0.0012119 -3.77693e-05 -0.000460204 0 0 -0.000371186 -0.00126725 0 0 -0.000684934 -0.000526926 -6.14368e-05 0 0 0 0 0 0 0 0 0 0 0 0 0 0 0 0 0 0 0 0 
0 0 0 0 0 0 0 0 0 0 0 0 0 0 0 0 0 0 0 0 0 0 0 0 -0.00215194 -0.00150827 0 0 0 -0.000482132 -0.00173051 -0.00356588 -0.00123921 -0.00206366 -0.0011284 0 -0.00021511 -0.00330422 -0.000266059 -0.00324183 0 0 -0.000536338 -0.00318899 -0.000356046 0 0 0 0 0 0 0 0 0 0 0 0 0 0 0 0 0 0 0 0 0 0 0 0 
0 0 0 0 0 0 0 0 0 0 0 0 0 0 0 0 0 0 0 0 0 0 0 -0.000126864 -0.000693044 0 -0.00131353 -0.00221253 -0.000569775 -0.00374785 -0.00154234 0 0 -0.000762648 -0.000549922 0 0 0 -0.000214645 -0.00165498 0 0 0 -0.0018158 -0.000476107 0 0 0 0 0 0 0 0 0 0 0 0 0 0 0 0 0 0 0 0 0 0 0 0 
0 0 0 0 0 0 0 0 0 0 0 0 0 0 0 0 0 0 0 0 0 0 -0.00324279 -0.000497641 -0.00269299 0 -0.000178738 -0.00030107 -2.85609e-05 -0.000162654 -0.00108652 -0.000209725 0 -0.00229048 -0.000633533 -0.000970668 -2.63035e-05 0 -0.000245255 -0.00189098 0 0 -0.000217163 -0.000305571 0 0 -0.00120981 -0.00266982 0 0 0 0 0 0 0 0 0 0 0 0 0 0 0 0 0 0 0 0 0 
0 0 0 0 0 0 0 0 0 0 0 0 0 0 0 0 0 0 0 0 0 0 -0.000757295 -0.000681023 -0.00111004 0 0 0 0 0 -0.00227122 -0.000438402 0 -0.00084745 -0.0002344 -0.00292951 -0.000961499 -0.000680072 0 0 0 0 -0.00385858 -0.00595413 0 0 -3.93648e-05 -8.68707e-05 0 0 0 0 -0.00150501 -0.00138503 0 0 0 0 0 0 0 0 0 0 0 0 0 0 0 
0 0 0 0 0 0 0 0 0 0 0 0 0 0 0 0 -8.16969e-07 -0.000943615 -0.00145235 0 0 0 0 -0.000841721 -0.00137417 0 0 0 -0.000756458 -0.00116861 0 -0.00246676 -0.000356695 0 0 0 -0.00137986 -0.00106381 -0.00280135 -0.000716501 0 0 -0.0386302 -0.0754192 -0.000661506 -0.000532182 -0.000719834 -0.000478812 -0.00258981 -0.00237089 0 0 -0.00058107 -0.000534747 0 0 0 0 0 0 0 0 0 0 0 0 0 0 0 
0 0 0 0 0 0 0 0 0 0 0 0 0 0 0 0 -0.000709806 -0.00392502 -0.000979709 0 0 -0.000970188 -0.00203899 0 0 0 0 0 -0.000817652 -0.00126314 0 -0.00103303 -0.000149377 -0.000781857 -0.00112526 0 0 0 -0.000388615 -9.93959e-05 -0.000435866 -0.000233269 -0.00399496 -0.00337834 -0.00355047 -0.00326757 -0.00168584 -0.00489308 -0.0249024 -0.00161304 0 -0.000963216 -0.000118967 0 0 0 0 0 0 0 0 0 0 0 0 0 0 0 0 
0 0 0 0 0 0 0 0 0 0 0 0 0 0 0 0 -7.27004e-08 -3.37078e-07 0 -0.000432289 -4.49661e-05 -0.000321339 -0.000675341 0 0 0 0 -0.000125111 -0.000677671 0 0 0 0 -0.000860415 -0.00123833 0 0 0 0 -0.00108626 -0.00370796 -0.00116322 -0.000350239 -8.50449e-05 0 0 0 -0.0123156 -0.0766182 -0.000243895 -0.00099837 -0.00289695 -0.000321406 0 0 0 0 0 0 0 0 0 0 0 0 0 0 0 0 
0 0 0 0 0 0 0 0 0 0 0 0 0 0 0 0 -0.000229287 -0.00337018 -0.00108452 -0.00386612 -0.000332458 0 0 0 -0.00186988 -0.000518992 -0.000259263 -0.00251273 -0.00284298 0 -0.00125177 -0.00200144 0 0 0 0 0 0 0 -0.000574126 -0.000811014 0 0 0 0 0 0 0 -0.000488005 -0.00314519 -0.00454686 -0.00200046 0 0 0 0 0 0 0 0 0 0 0 0 0 0 0 0 0 
0 0 0 0 0 0 0 0 0 0 0 0 0 0 -0.000305437 -0.000170736 -2.58873e-05 -0.000380506 -0.00139165 -0.000859714 0 0 -0.00241242 -0.00516206 -0.00241673 -0.000351298 -0.000211754 -0.00283469 -0.00255338 0 -0.000289605 -0.00197113 -0.000477694 0 0 0 0 -0.00143538 -0.00188996 -0.000332189 -0.00117285 0 0 0 0 0 0 0 -0.000770106 -0.00168193 -0.00078755 -0.00106641 0 0 0 0 0 0 0 0 0 0 0 0 0 0 0 0 0 
0 0 0 0 0 0 0 0 0 0 0 0 0 0 -0.00226409 -0.0012656 0 -0.000383238 -0.00229018 0 0 -0.00200197 -0.00144027 -0.00271461 -0.0011682 0 0 -0.000283669 -0.00171581 0 -1.47168e-06 -0.00154773 -0.000485947 0 0 0 0 -0.000293746 -0.000386776 -0.000551977 -0.00194885 0 -0.000159819 -0.00223796 0 0 0 0 0 0 -0.00127714 -0.00047319 -0.00149322 -0.00248207 -0.000509069 -0.000555772 0 0 0 0 0 0 0 0 0 0 0 0 0 
0 0 0 0 0 0 0 0 0 0 0 0 0 0 0 -1.49195e-05 -0.000841674 -0.000191007 -0.00114143 -0.00156045 -5.99041e-05 -0.00110589 -0.000319542 -0.00165523 -0.00089808 0 0 -0.000284647 -0.00172173 0 -0.000389856 -0.00360094 -8.89196e-08 -7.40067e-09 -6.3665e-05 -0.00264148 0 0 0 0 -0.00166259 -0.000987424 -0.00321113 -0.00296244 0 0 0 0 0 0 -0.00164576 -0.000609765 -1.14831e-05 -1.90874e-05 -0.00140601 -0.00153501 0 0 0 0 0 0 0 0 0 0 0 0 0 
0 0 0 0 0 0 0 0 0 0 0 0 0 0 0 -5.48516e-05 -0.00309442 0 0 -0.00229732 -8.81921e-05 0 0 0 0 -0.00012262 -0.00392267 -0.000136459 -0.00140295 -0.00111825 0 -0.000388719 -0.00643288 -0.000307699 -3.06121e-05 -0.0012701 0 0 0 -3.17115e-05 -0.000969113 -0.00100773 -0.0052962 -0.00154575 0 0 -0.0124592 -0.0508494 -0.00190208 -0.00136623 0 -0.000228676 -0.00347556 -0.000212392 -0.00012105 0 0 0 0 0 0 0 0 0 0 0 0 0 0 
0 0 0 0 0 0 0 0 0 0 0 0 0 0 0 0 0 0 0 -0.000832336 -0.00150836 0 0 0 0 -0.00345076 -0.00475396 -0.000181407 -0.000826158 -0.000658506 0 -0.000109638 -0.00348286 -0.000779346 0 0 0 -0.000192088 -0.00187247 -0.00295346 -0.00100985 0 0 -1.91697e-05 -0.00129098 0 -0.0116992 -0.0406772 -0.000762738 -0.00211956 -0.000381385 -1.86205e-05 -0.000283005 -0.00233922 -0.0013332 0 0 0 0 0 0 0 0 0 0 0 0 0 0 
0 0 0 0 0 0 0 0 0 0 0 0 0 0 0 0 -0.000901836 -0.000352516 0 -0.000592122 -0.00107304 -0.00212614 -0.00244835 -0.0025714 0 -0.00077731 -0.0024669 -0.00021136 0 0 0 0 -0.000401037 -0.000115309 0 0 0 -0.00018062 -0.00176068 0 -0.000905385 -0.00173459 0 -0.000159763 -0.00393087 -0.000820437 -0.000911118 -0.000375018 -0.00301392 -0.00213478 -0.0027795 -0.00128192 -0.00195625 -0.00120016 -0.000701124 -0.00282446 0 0 0 0 0 0 0 0 0 0 0 0 0 
0 0 0 0 0 0 0 0 0 0 0 0 0 0 0 0 -0.00197824 -0.00251572 -0.00106472 0 0 -0.003187 -0.00115539 -0.000529294 0 -0.000997567 -0.00297057 0 0 0 0 -0.00181627 -0.00195025 0 0 0 -0.0355921 -0.00116212 0 0 -0.000468433 -0.000897453 0 -0.000611288 -0.00389408 -0.001291 0 0 0 -0.0024171 -0.00443401 -0.000814706 -0.000526464 -0.000322986 -9.55105e-05 -0.000384762 0 0 0 0 0 0 0 0 0 0 0 0 0 
0 0 0 0 0 0 0 0 0 0 0 0 0 0 0 0 0 -0.000788353 -0.00144065 0 -0.00044222 -0.00279517 -0.000393909 0 -0.00150492 -0.00458488 -0.00691955 -0.000515029 0 0 0 -0.000115418 -0.000123932 0 0 0 -0.0769047 -0.00251102 -0.00196642 -0.000225747 0 0 0 0 0 0 0 0 0 -0.000448727 -0.00165884 -0.00106829 0 -0.00107695 -0.000777672 -0.0026135 -0.000313687 0 0 0 0 0 0 0 0 0 0 0 0 
0 0 0 0 0 0 0 0 0 0 0 0 0 0 0 0 0 -0.000127963 -0.00284758 0 -0.0034457 -0.000831742 -0.000102977 0 -0.000279732 -0.00034816 -0.00386897 -0.00214423 -0.00391842 -0.000675569 -0.000418509 0 0 0 0 -0.000154232 -0.000327875 0 -0.00162692 -0.000263059 -0.000280645 0 0 0 0 0 0 0 0 0 -0.00198468 -0.00154805 0 -0.00124919 -0.000902044 -0.00286088 -0.00166404 0 0 0 0 0 0 0 0 0 0 0 0 
0 0 0 0 0 0 0 0 0 0 0 0 0 0 0 -0.000395057 -0.00136875 -0.0053433 -0.000492365 0 0 0 0 0 0 0 0 -3.20404e-05 -0.00291377 -0.0021174 -0.00184345 0 0 0 0 -0.00112729 -0.00241384 -0.00157337 0 -0.00077988 -0.00286905 -5.29798e-05 -0.00300143 0 0 0 0 0 0 0 -0.00105867 -0.000871691 0 -0.000645216 -0.000519877 -0.000308174 -0.000251444 0 0 0 0 0 0 0 0 0 0 0 0 
0 0 0 0 0 0 0 0 0 0 0 0 0 0 0 -0.00171432 -0.00230357 -0.00396887 -0.000437212 0 0 0 -0.00181918 -0.000742697 0 -0.000497555 -0.000491746 0 0 0 0 0 0 0 0 0 -2.63818e-05 -0.00238874 0 0 0 -1.65032e-05 -0.00291675 -0.00193238 -0.00147903 -0.0018857 0 0 0 0 0 0 -0.000349326 -0.00535639 -0.00176582 0 0 0 0 0 0 0 0 0 0 0 0 0 0 
0 0 0 0 0 0 0 0 0 0 0 0 0 0 0 0 0 0 0 0 0 0 -0.00102537 -0.000418618 0 -0.00151714 -0.00161268 -0.000940737 0 0 0 0 0 0 0 0 0 0 0 0 -0.0018926 -0.000606057 -4.64141e-05 -4.52565e-05 -0.00028182 -0.000359308 0 -7.11126e-05 -0.000543178 0 0 0 -0.000773637 -0.00251587 -9.14466e-05 0 0 0 0 0 0 0 0 0 0 0 0 0 0 
0 0 0 0 0 0 0 0 0 0 0 0 0 0 0 0 0 0 0 0 0 0 -0.000404646 -0.00358443 -0.000704504 0 -0.000317189 -0.00263468 0 0 0 0 0 0 0 0 -0.000430486 -0.000198674 -0.00225337 -0.000877221 -0.00114163 -0.000365577 -0.000333463 -0.000565998 0 -0.000327172 -0.000686777 -0.0133771 -0.102179 -0.00212093 -0.00102635 0 0 0 0 0 0 0 0 0 0 0 0 0 0 0 0 0 0 
0 0 0 0 0 0 0 0 0 0 0 0 0 0 -0.00124613 -0.000995343 0 -0.000146082 -0.000265038 0 0 0 -0.00490547 -0.00338284 -0.000319119 -0.000878007 -0.00196772 0 0 0 0 0 -0.000563835 -0.000648462 -0.0551118 -0.0495408 -0.00231042 -0.00106628 -0.000630014 -0.000245261 0 0 -0.00115166 -0.00195474 -0.000336332 -0.00383185 -0.00202651 0 0 -0.0038223 -0.00116738 -0.000598879 -0.00128289 0 0 0 0 0 0 0 0 0 0 0 0 0 0 0 0 
0 0 0 0 0 0 0 0 0 0 0 0 0 0 -0.000980898 -0.000783488 0 -0.00127731 -0.00231743 -0.00134843 -0.00491282 -0.000438903 -5.75085e-05 -0.00213886 -0.000526072 -0.000357943 -0.000802193 0 0 0 0 0 -0.00129928 -0.00149429 -0.00606525 -0.00545214 0 0 0 0 -0.00118681 -0.00398822 0 0 -8.43333e-05 -0.000718746 0 0 0 -0.00231112 -0.0015695 -0.00141988 -0.00471008 0 0 0 0 0 0 0 0 0 0 0 0 0 0 0 0 
0 0 0 0 0 0 0 0 0 0 0 0 0 0 0 0 0 0 -0.00191501 -0.000357564 -0.00109344 -0.00198331 -0.00150127 0 0 -0.00268062 -0.000301943 0 0 0 -0.00321093 -0.000614075 0 0 0 0 0 0 -0.000758681 -0.000101591 -0.000717555 -0.00211914 0 -0.00133484 -0.000284125 0 0 0 0 0 0 0 0 0 0 0 0 0 0 0 0 0 0 0 0 0 0 0 0 
0 0 0 0 0 0 0 0 0 0 0 0 0 0 0 0 0 0 -0.00148293 -0.0022142 -0.00143086 -0.00279409 -0.00227588 0 0 -0.000919702 -0.000103594 0 0 0 -0.000151821 -0.00230135 -0.000764776 0 0 0 -0.000570252 -0.000156848 -0.00277412 -0.0010653 -0.00580534 -0.0004147 0 -0.001968 -0.000418897 0 -0.000452866 -0.0023963 0 0 0 0 0 0 0 0 0 0 0 0 0 0 0 0 0 0 0 0 0 
0 0 0 0 0 0 0 0 0 0 0 0 0 0 0 0 -0.000340761 -0.00293109 -0.00238874 -0.000630086 -0.000265073 -0.00237397 -0.00129225 -1.01213e-05 -8.06173e-05 0 0 -0.000926579 -0.00422789 0 0 -0.00211933 -0.0028553 0 0 0 -0.00257148 -0.000707285 0 -7.79295e-05 -0.000933119 -0.000688619 -0.00102812 -0.0025581 -0.000987704 -0.000879713 -0.000183852 -0.000972839 0 -0.000788555 -0.000451133 0 0 0 0 0 0 0 0 0 0 0 0 0 0 0 0 0 0 
0 0 0 0 0 0 0 0 0 0 0 0 0 0 0 0 -0.000597083 -0.00431475 -0.00458733 -0.00256526 0 0 0 -0.000436706 -0.00347842 0 0 -0.000273658 -0.00258359 -0.0038427 -7.32149e-05 0 0 0 0 0 0 0 0 -0.00257422 -0.00106761 -0.00234788 -0.00279771 -0.000384778 -0.000345791 -0.00285563 0 0 -3.25346e-05 -0.00266302 -0.00138995 0 0 0 0 0 0 0 0 0 0 0 0 0 0 0 0 0 0 
0 0 0 0 0 0 0 0 0 0 0 0 0 0 0 0 0 -0.00450749 -0.000986151 -0.000180465 0 -0.00100505 -0.00162261 0 0 0 0 -0.000103446 -0.000319897 -8.8269e-05 -1.68179e-06 -0.00405477 -0.00108251 0 -4.42562e-05 -0.000526998 -0.00126704 -7.44841e-05 0 -0.000257311 -0.000106715 -0.000960688 -0.00383211 0 0 0 0 0 -0.000784964 -0.00496693 -0.000940504 0 0 0 0 0 0 0 0 0 0 0 0 0 0 0 0 0 0 
0 0 0 0 0 0 0 0 0 0 0 0 0 0 0 0 0 -0.000305199 -6.17923e-05 0 0 -0.000527147 -0.000851057 -0.000263757 -0.000667714 -0.00116942 -0.00164425 -0.000875406 -0.00270711 0 0 -0.00241205 -0.000462391 0 -0.000266086 -0.00316852 -0.00251641 -0.00014793 0 0 0 -3.84383e-05 -0.000410817 0 0 0 0 0 0 0 0 0 0 0 0 0 0 0 0 0 0 0 0 0 0 0 0 0 0 
0 0 0 0 0 0 0 0 0 0 0 0 0 0 0 0 0 0 0 0 0 -0.00092549 -0.000781979 -0.000870549 -0.00220384 -0.000555059 -0.00109539 0 0 0 0 0 0 0 0 0 0 0 0 0 0 0 0 0 0 0 0 0 0 0 0 0 0 0 0 0 0 0 0 0 0 0 0 0 0 0 0 0 0 
0 0 0 0 0 0 0 0 0 0 0 0 0 0 0 0 0 0 0 0 0 -0.00124579 -0.00105261 0 0 -0.00072376 -0.0033688 0 -0.000413914 -0.000465028 -0.00278539 -0.00160082 -0.00129873 -0.0013758 -0.0752937 -0.00199523 -0.00154848 -0.00219493 0 0 0 0 0 0 0 0 0 0 0 0 0 0 0 0 0 0 0 0 0 0 0 0 0 0 0 0 0 0 0 
0 0 0 0 0 0 0 0 0 0 0 0 0 0 0 0 0 0 0 0 0 0 0 0 0 -0.00166828 -0.00179262 -9.79395e-06 -0.00147424 -0.00165438 -0.000107326 -0.00255908 -0.00224761 -0.000710435 -0.0390156 -0.00662282 -0.00390592 -0.000205626 0 0 0 0 0 0 0 0 0 0 0 0 0 0 0 0 0 0 0 0 0 0 0 0 0 0 0 0 0 0 0 
0 0 0 0 0 0 0 0 0 0 0 0 0 0 0 0 0 0 0 0 0 0 0 0 -0.00231015 -0.000154143 -0.00122097 -0.00432785 -0.00201423 -0.00170282 0 -0.00103489 -0.000383742 0 0 -1.58938e-06 -0.00307733 -0.000251825 0 0 0 0 0 0 0 0 0 0 0 0 0 0 0 0 0 0 0 0 0 0 0 0 0 0 0 0 0 0 0 
0 0 0 0 0 0 0 0 0 0 0 0 0 0 0 0 0 0 0 0 0 0 0 0 -0.00144514 -9.64261e-05 -0.00105846 -0.000801671 -0.000400644 -0.000741679 -0.00047779 -0.000199655 0 0 0 0 0 0 0 0 0 0 0 0 0 0 0 0 0 0 0 0 0 0 0 0 0 0 0 0 0 0 0 0 0 0 0 0 0 
0 0 0 0 0 0 0 0 0 0 0 0 0 0 0 0 0 0 0 0 0 0 0 0 0 0 0 0 0 -0.0011703 -0.00222607 -0.00367568 -0.000972889 -0.00399984 -0.00162616 0 0 0 0 0 0 0 0 0 0 0 0 0 0 0 0 0 0 0 0 0 0 0 0 0 0 0 0 0 0 0 0 0 0 
0 0 0 0 0 0 0 0 0 0 0 0 0 0 0 0 0 0 0 0 0 0 0 0 0 0 0 0 0 0 0 0 -0.000389738 -0.000906931 -0.000116164 0 0 0 0 0 0 0 0 0 0 0 0 0 0 0 0 0 0 0 0 0 0 0 0 0 0 0 0 0 0 0 0 0 0 
0 0 0 0 0 0 0 0 0 0 0 0 0 0 0 0 0 0 0 0 0 0 0 0 0 0 0 0 0 0 0 0 0 0 0 0 0 0 0 0 0 0 0 0 0 0 0 0 0 0 0 0 0 0 0 0 0 0 0 0 0 0 0 0 0 0 0 0 0 
0 0 0 0 0 0 0 0 0 0 0 0 0 0 0 0 0 0 0 0 0 0 0 0 0 0 0 0 0 0 0 0 0 0 0 0 0 0 0 0 0 0 0 0 0 0 0 0 0 0 0 0 0 0 0 0 0 0 0 0 0 0 0 0 0 0 0 0 0 
0 0 0 0 0 0 0 0 0 0 0 0 0 0 0 0 0 0 0 0 0 0 0 0 0 0 0 0 0 0 0 0 0 0 0 0 0 0 0 0 0 0 0 0 0 0 0 0 0 0 0 0 0 0 0 0 0 0 0 0 0 0 0 0 0 0 0 0 0 
0 0 0 0 0 0 0 0 0 0 0 0 0 0 0 0 0 0 0 0 0 0 0 0 0 0 0 0 0 0 0 0 0 0 0 0 0 0 0 0 0 0 0 0 0 0 0 0 0 0 0 0 0 0 0 0 0 0 0 0 0 0 0 0 0 0 0 0 0 
0 0 0 0 0 0 0 0 0 0 0 0 0 0 0 0 0 0 0 0 0 0 0 0 0 0 0 0 0 0 0 0 0 0 0 0 0 0 0 0 0 0 0 0 0 0 0 0 0 0 0 0 0 0 0 0 0 0 0 0 0 0 0 0 0 0 0 0 0 
0 0 0 0 0 0 0 0 0 0 0 0 0 0 0 0 0 0 0 0 0 0 0 0 0 0 0 0 0 0 0 0 0 0 0 0 0 0 0 0 0 0 0 0 0 0 0 0 0 0 0 0 0 0 0 0 0 0 0 0 0 0 0 0 0 0 0 0 0 
0 0 0 0 0 0 0 0 0 0 0 0 0 0 0 0 0 0 0 0 0 0 0 0 0 0 0 0 0 0 0 0 0 0 0 0 0 0 0 0 0 0 0 0 0 0 0 0 0 0 0 0 0 0 0 0 0 0 0 0 0 0 0 0 0 0 0 0 0 
0 0 0 0 0 0 0 0 0 0 0 0 0 0 0 0 0 0 0 0 0 0 0 0 0 0 0 0 0 0 0 0 0 0 0 0 0 0 0 0 0 0 0 0 0 0 0 0 0 0 0 0 0 0 0 0 0 0 0 0 0 0 0 0 0 0 0 0 0 
0 0 0 0 0 0 0 0 0 0 0 0 0 0 0 0 0 0 0 0 0 0 0 0 0 0 0 0 0 0 0 0 0 0 0 0 0 0 0 0 0 0 0 0 0 0 0 0 0 0 0 0 0 0 0 0 0 0 0 0 0 0 0 0 0 0 0 0 0 
