0 0 0 0 0 0 0 0 0 0 0 0 0 0 0 0 0 0 0 0 0 0 0 0 0 0 0 0 0 0 0 0 0 0 0 0 0 0 0 0 0 0 0 0 0 0 0 0 0 0 0 0 0 0 0 0 0 0 0 0 0 0 0 0 0 0 0 0 0 
0 0 0 0 0 0 0 0 0 0 0 0 0 0 0 0 0 0 0 0 0 0 0 0 0 0 0 0 0 0 0 0 0 0 0 0 0 0 0 0 0 0 0 0 0 0 0 0 0 0 0 0 0 0 0 0 0 0 0 0 0 0 0 0 0 0 0 0 0 
0 0 0 0 0 0 0 0 0 0 0 0 0 0 0 0 0 0 0 0 0 0 0 0 0 0 0 0 0 0 0 0 0 0 0 0 0 0 0 0 0 0 0 0 0 0 0 0 0 0 0 0 0 0 0 0 0 0 0 0 0 0 0 0 0 0 0 0 0 
0 0 0 0 0 0 0 0 0 0 0 0 0 0 0 0 0 0 0 0 0 0 0 0 0 0 0 0 0 0 0 0 0 0 0 0 0 0 0 0 0 0 0 0 0 0 0 0 0 0 0 0 0 0 0 0 0 0 0 0 0 0 0 0 0 0 0 0 0 
0 0 0 0 0 0 0 0 0 0 0 0 0 0 0 0 0 0 0 0 0 0 0 0 0 0 0 0 0 0 0 0 0 0 0 0 0 0 0 0 0 0 0 0 0 0 0 0 0 0 0 0 0 0 0 0 0 0 0 0 0 0 0 0 0 0 0 0 0 
0 0 0 0 0 0 0 0 0 0 0 0 0 0 0 0 0 0 0 0 0 0 0 0 0 0 0 0 0 0 0 0 0 0 0 0 0 0 0 0 0 0 0 0 0 0 0 0 0 0 0 0 0 0 0 0 0 0 0 0 0 0 0 0 0 0 0 0 0 
0 0 0 0 0 0 0 0 0 0 0 0 0 0 0 0 0 0 0 0 0 0 0 0 0 0 0 0 0 0 0 0 0 0 0 0 0 0 0 0 0 0 0 0 0 0 0 0 0 0 0 0 0 0 0 0 0 0 0 0 0 0 0 0 0 0 0 0 0 
0 0 0 0 0 0 0 0 0 0 0 0 0 0 0 0 0 0 0 0 0 0 0 0 0 0 0 0 0 0 0 0 0 0 0 0 0 0 0 0 0 0 0 0 0 0 0 0 0 0 0 0 0 0 0 0 0 0 0 0 0 0 0 0 0 0 0 0 0 
0 0 0 0 0 0 0 0 0 0 0 0 0 0 0 0 0 0 0 0 0 0 0 0 0 0 0 0 0 0 0 0 0 0 0 0 0 0 0 0 0 0 0 0 0 0 0 0 0 0 0 0 0 0 0 0 0 0 0 0 0 0 0 0 0 0 0 0 0 
0 0 0 0 0 0 0 0 0 0 0 0 0 0 0 0 0 0 0 0 0 0 0 0 0 0 0 0 0 0 0 0 0 0 0 0 0 0 0 0 0 0 0 0 0 0 0 0 0 0 0 0 0 0 0 0 0 0 0 0 0 0 0 0 0 0 0 0 0 
0 0 0 0 0 0 0 0 0 0 0 0 0 0 0 0 0 0 0 0 0 0 0 0 0 0 0 0 0 0 0 0 0 0 0 0 0 0 0 0 0 0 0 0 0 0 0 0 0 0 0 0 0 0 0 0 0 0 0 0 0 0 0 0 0 0 0 0 0 
0 0 0 0 0 0 0 0 0 0 0 0 0 0 0 0 0 0 0 0 0 0 0 0 0 0 0 0 0 0 0 0 0 0 0 0 0 0 0 0 0 0 0 0 0 0 0 0 0 0 0 0 0 0 0 0 0 0 0 0 0 0 0 0 0 0 0 0 0 
0 0 0 0 0 0 0 0 0 0 0 0 0 0 0 0 0 0 0 0 0 0 0 0 0 0 0 0 0 0 0 0 0 0 0 0 0 0 0 0 0 0 0 0 0 0 0 0 0 0 0 0 0 0 0 0 0 0 0 0 0 0 0 0 0 0 0 0 0 
0 0 0 0 0 0 0 0 0 0 0 0 0 0 0 0 0 0 0 0 0 0 0 0 0 0 0 0 0 0 0 0 0 0 0 0 0 0 0 0 0 0 0 0 0 0 0 0 0 0 0 0 0 0 0 0 0 0 0 0 0 0 0 0 0 0 0 0 0 
0 0 0 0 0 0 0 0 0 0 0 0 0 0 0 0 0 0 0 0 0 0 0 0 0 0 0 0 -0.000100923 -7.05169e-05 0 0 -0.000760965 -0.000329699 -0.00117973 -0.000331273 0 -1.01344e-05 -0.000391769 -1.09234e-05 0 -2.13438e-05 -9.37356e-06 0 0 0 0 0 0 0 0 0 0 0 0 0 0 0 0 0 0 0 0 0 0 0 0 0 0 
0 0 0 0 0 0 0 0 0 0 0 0 0 0 0 0 0 0 0 0 0 0 0 0 0 0 -0.000179423 -1.73378e-05 -0.000403369 -0.00102818 -0.00102112 -0.000501674 -0.00106411 -0.00042132 -0.000585838 -0.00138617 -0.000418087 -0.000724539 -0.00134865 -0.000252153 -0.000160313 -0.000551671 -0.000447781 0 0 0 0 0 0 0 0 0 0 0 0 0 0 0 0 0 0 0 0 0 0 0 0 0 0 
0 0 0 0 0 0 0 0 0 0 0 0 0 0 0 0 0 0 0 0 0 0 0 0 0 -0.000281529 -0.000885231 -6.25945e-05 -0.000544378 -0.00158289 -0.001683 -0.00114799 -0.000994664 -0.0017553 -0.000311018 -0.000627821 -0.000118197 -0.000479369 -0.00147076 -0.00164758 -0.000578024 -0.000126984 -0.000843839 -4.82229e-05 -0.000265077 -0.000205663 0 0 0 0 0 0 0 0 0 0 0 0 0 0 0 0 0 0 0 0 0 0 0 
0 0 0 0 0 0 0 0 0 0 0 0 0 0 0 0 0 0 0 0 0 0 0 -0.000357763 -0.000797571 -0.00116626 -0.000711626 -0.000336693 -0.000875939 -0.00112465 -0.00199716 -0.00121824 -0.00038119 -0.000348616 -0.000462938 -9.4188e-05 0 -0.000730915 -0.000849051 -0.000903995 -0.000248097 -0.000597772 -0.00228469 -0.000942947 -0.000501619 -0.000144363 -0.000207678 -5.77139e-05 0 0 0 0 0 0 0 0 0 0 0 0 0 0 0 0 0 0 0 0 0 
0 0 0 0 0 0 0 0 0 0 0 0 0 0 0 0 0 0 0 0 0 -0.000104672 -0.000325897 -0.00062971 -0.000396633 -0.000945159 -0.000672959 -2.60924e-05 -0.000507727 -0.000860631 -0.000951342 -0.00032581 -0.000758225 -0.000249092 -0.000317124 -0.000443359 -4.63907e-05 -0.00071624 -0.000667366 -0.000464052 -0.00171437 -0.000881999 -0.00119348 -0.00108168 -0.000685003 -0.000602706 -0.000697171 -0.000135643 -9.15508e-05 0 0 0 0 0 0 0 0 0 0 0 0 0 0 0 0 0 0 0 0 
0 0 0 0 0 0 0 0 0 0 0 0 0 0 0 0 0 0 0 0 -3.03439e-06 -0.000904251 -0.000599697 -0.00118777 -0.000133575 -0.000695333 -0.000391075 -0.000178213 -0.000667663 -0.00116284 -0.000759536 -0.0001916 -0.000134391 -0.000844748 -0.000937178 -0.000727235 -0.00114705 -0.000805434 -0.000609136 -0.000911005 -0.000438616 -0.000668896 -0.000408248 -0.000892977 -3.36606e-05 -0.000802086 -0.000758021 -0.000938945 -0.00100764 -4.58015e-05 0 0 0 0 0 0 0 0 0 0 0 0 0 0 0 0 0 0 0 
0 0 0 0 0 0 0 0 0 0 0 0 0 0 0 0 0 0 0 0 -3.50157e-05 -0.00184058 -0.00181254 -0.00164054 -0.00125092 -0.000968468 -0.000145522 -0.000772063 -0.00152826 -0.00146575 -0.000793978 -9.80892e-05 -0.000866348 -0.00159452 -0.00111481 -0.00111095 -0.00211792 -0.00105406 -0.000280745 -0.000574925 -0.000342362 -9.57019e-05 -0.00136893 -0.000727456 -8.74661e-05 0 -0.000392476 -0.00235926 -0.00128599 -0.000738273 -6.51231e-06 0 0 0 0 0 0 0 0 0 0 0 0 0 0 0 0 0 0 
0 0 0 0 0 0 0 0 0 0 0 0 0 0 0 0 0 0 0 -0.000261184 -0.000411576 -0.000254319 -0.000558997 -0.000729561 -0.000426214 -0.00103795 -0.00061674 -0.000809817 -0.00100393 -0.00101227 -0.000109146 -0.000415665 -0.000997121 -0.000232115 0 -0.000727422 -0.00121441 -0.00025563 -0.000425052 -0.00125195 -0.00173662 -0.000263777 -0.00212737 -0.00169475 -0.00060998 -0.000508536 -0.000372773 -0.000661072 -0.000867777 -0.00157315 -0.000138523 0 0 0 0 0 0 0 0 0 0 0 0 0 0 0 0 0 0 
0 0 0 0 0 0 0 0 0 0 0 0 0 0 0 0 0 0 0 -4.98533e-05 -0.000481175 -0.000841473 -5.94666e-05 -5.57823e-06 -0.000729636 -0.00116009 -0.00050382 -0.000753105 -0.000628955 -0.000401589 -0.00114764 -0.00184078 -0.000542424 -0.000565305 -0.000233625 -2.83954e-05 -0.000665946 -0.000424668 -0.00120378 -0.00227003 -0.00169353 -0.0004265 -0.000851621 -0.00121991 -0.000547357 -0.0008659 -6.47924e-05 -0.000157713 -0.00125758 -0.000906922 -0.000713085 0 0 0 0 0 0 0 0 0 0 0 0 0 0 0 0 0 0 
0 0 0 0 0 0 0 0 0 0 0 0 0 0 0 0 0 0 0 0 -0.00174448 -0.00151518 -0.0012016 -0.000399364 -0.00144931 -0.000710022 -0.000179067 -0.000193346 -0.001037 -0.000761319 -0.00251832 -0.00133748 -0.000415013 -0.000890233 -0.00124193 -0.000677879 -0.000909323 -0.000704661 -0.000567967 -0.00057694 -0.0010306 -0.000829718 -0.000624356 -0.000360228 -0.000973369 -0.000602456 -0.000428605 -0.000978557 -0.000254581 -0.000902433 -0.000716908 -0.000263383 0 0 0 0 0 0 0 0 0 0 0 0 0 0 0 0 0 
0 0 0 0 0 0 0 0 0 0 0 0 0 0 0 0 0 0 -0.000130312 -0.000546365 -0.00049335 -0.00185829 -0.00137176 -0.000858826 -0.000496383 -0.000414282 -0.000749782 -0.000627251 -0.000173602 -0.000865016 -0.00244642 -0.000661205 -0.0011055 -0.000199842 -0.00124892 -0.00122656 -9.43476e-05 -0.000866456 -0.000892448 -1.00017e-05 -0.00092282 -0.000568966 -0.00049789 -0.001386 -0.00061656 -0.00165579 -0.000721981 -0.00105922 -0.000871315 -0.00135869 -0.000196593 -9.83352e-05 -0.000363139 0 0 0 0 0 0 0 0 0 0 0 0 0 0 0 0 
0 0 0 0 0 0 0 0 0 0 0 0 0 0 0 0 0 0 -0.000283399 -0.000339516 -0.000777758 -0.00114967 -0.000298117 -0.000828148 -0.000449178 -0.000817643 -0.000502783 -0.000585044 0 -9.17652e-05 -0.00110798 -0.00152044 -0.001183 -0.000129568 -0.000234737 -0.000236177 -0.00139148 -0.000414055 -0.000934675 -0.00123616 -0.000920522 -0.000894009 -0.00110175 -0.00106328 -0.000179475 -0.00166722 -0.00124289 -0.000393742 -0.000715306 -0.00110461 -0.000568492 -0.000774384 -0.00063695 0 0 0 0 0 0 0 0 0 0 0 0 0 0 0 0 
0 0 0 0 0 0 0 0 0 0 0 0 0 0 0 0 -3.67046e-05 -0.000746567 -0.00239536 -0.00124168 -0.0003358 -0.000931445 -0.000643511 -0.00144464 -0.000788757 -0.000973791 -0.000194328 0 -0.000525419 -0.00230849 -0.00331205 -0.00130646 -0.00143059 -0.00012066 -0.000748232 -0.00218786 -0.000389989 -0.00029077 -0.000592666 -0.00132566 -0.00132685 -3.14355e-05 -0.00166885 -0.00048973 -4.04215e-05 -0.000580168 -0.000745144 -0.00111653 -0.000677665 -0.0012035 -0.00104684 -0.000786943 -0.000507001 -0.000378778 0 0 0 0 0 0 0 0 0 0 0 0 0 0 0 
0 0 0 0 0 0 0 0 0 0 0 0 0 0 0 -0.000334372 -0.000949542 -0.00215078 -0.00275972 -0.0010143 -0.000431868 -0.000728054 -0.00108536 -0.0018491 -0.00130927 -0.000321138 -1.10315e-05 -0.000371428 -0.000498973 -0.000530236 -0.000350935 -0.000863508 -0.00129441 -0.000342496 -0.000400176 -0.00148649 -0.000818016 -0.000513848 -0.0011362 -0.000286309 -0.00073055 -0.000516763 -0.00195163 -0.00142596 -0.000320618 -0.000386561 -0.000127236 -0.000274325 -0.000979009 -0.00119823 -0.000778797 -0.00200639 -0.000899018 -0.0013613 -0.00097411 0 0 0 0 0 0 0 0 0 0 0 0 0 0 
0 0 0 0 0 0 0 0 0 0 0 0 0 0 -5.10062e-05 -0.000972916 -0.00053543 -0.000288361 -0.00122817 -0.000160375 -0.000782321 -0.000608171 -0.00108731 -0.00213928 -0.000964794 -0.0009097 -0.00145794 -0.000886868 -0.000962056 -0.000974625 -0.000629659 -0.000362878 -0.000696327 -0.00113115 -0.000185635 -0.000378784 -0.000216511 -0.00025266 -0.000907675 -0.00125086 -0.000445741 -0.000432285 -0.000874418 -0.000730578 -0.000406754 -0.000116299 -0.000476687 -0.00034826 -0.00159081 -0.0010538 -0.000554862 -0.00075795 -0.000611032 -0.00138154 -0.000852408 0 0 0 0 0 0 0 0 0 0 0 0 0 0 
0 0 0 0 0 0 0 0 0 0 0 0 0 0 -2.91655e-05 -0.00108311 -0.000355313 -0.000494332 0 0 -0.000306343 -0.000799584 -0.00170223 -0.00090202 -0.000103093 -0.000450502 -0.000846761 -0.000200088 -0.00137352 -0.00143345 -0.000739775 -0.000673206 -0.000278994 -0.00097032 -0.000636439 0 0 -0.000370124 -0.000545782 -0.00188778 -0.000560085 -4.38415e-06 -0.000363049 -0.000506577 -0.00183405 -0.0011456 -0.000197512 -0.000229906 -0.00136069 -0.000610804 -0.000499985 -0.000449866 -0.000995719 -0.000466196 -2.19993e-05 0 0 0 0 0 0 0 0 0 0 0 0 0 0 
0 0 0 0 0 0 0 0 0 0 0 0 0 0 0 -0.000715891 -0.000959865 -0.000305559 -0.000200375 -0.000636889 -0.00063659 -0.00207835 -0.0013924 -0.000694644 -0.000867276 -0.000868614 -0.00166515 -0.00102434 -0.000682961 -0.000414634 -0.00117958 -0.000763374 -0.00186943 -0.00025402 -0.00055313 -3.0252e-05 -0.000169409 -0.000884912 -0.000733838 -0.000774962 -0.000200047 -0.000125716 -0.00128344 -0.000222787 -0.000722359 -8.12493e-05 -0.000366633 -0.000811389 -0.00089235 -0.00100121 -0.000565745 -0.000314177 -0.000356432 -0.000883314 -0.000999167 -0.000261404 0 0 0 0 0 0 0 0 0 0 0 0 0 
0 0 0 0 0 0 0 0 0 0 0 0 0 0 -5.202e-05 -5.61023e-05 -0.000709344 -0.0011725 -0.00109663 -0.000405434 -0.000467121 -0.00147696 -0.000220866 -5.98936e-05 -0.000184295 -0.00182669 -0.00135956 -0.000703042 -0.0012102 -0.00150513 -0.000717751 -0.000373809 -0.00100788 -0.00068843 -0.000846154 -0.00115805 -0.000684982 -0.000868128 -0.000777946 -0.000843038 -0.00109005 -0.00102652 -0.000256023 -0.00111589 0 -1.8093e-06 -0.000480922 -0.000716117 -0.000376982 -0.000234446 -0.000699891 -0.000999593 -0.000219789 -0.00299889 -0.00212873 -0.000995814 0 0 0 0 0 0 0 0 0 0 0 0 0 
0 0 0 0 0 0 0 0 0 0 0 0 0 0 -0.000463838 -0.000256543 -0.000331881 -0.00113531 -0.000661139 -0.000876512 -0.000253149 -0.000755801 -0.00144535 -0.000824666 -0.00149705 -0.00271213 -2.38615e-05 -0.000300264 -0.00126076 -0.00103381 -0.000744759 -0.000985496 -0.00104086 -0.000417912 -0.000365848 -0.000292735 -0.000256567 -0.00045656 -0.000746208 -1.6351e-06 -1.80283e-05 -2.62539e-05 -0.000511534 -0.000355167 -0.000686096 -6.60659e-06 -0.000850719 -0.00139918 -0.000564903 -0.000168336 -0.000130179 -0.00181524 -0.000689313 -0.00101517 -0.00213102 -0.000359969 0 0 0 0 0 0 0 0 0 0 0 0 0 
0 0 0 0 0 0 0 0 0 0 0 0 0 0 0 0 -7.82982e-07 -0.000597504 -0.00119573 -0.000378781 -0.000985656 -0.00100097 -0.00074649 -0.0014061 -0.00155868 -0.0013594 -9.37745e-05 -0.000431439 -0.000160611 -0.000267574 -0.000892243 -0.00073639 -0.000270154 -0.0012297 -0.016617 -0.0321322 -0.00472347 -0.000170628 -0.00066284 -0.00034139 -0.00104249 -0.000500441 -0.00143712 -0.00114152 -0.000167629 -0.000673183 -0.000912086 -0.000825441 -0.000681709 -0.00107222 -0.000494454 -0.00181245 -0.00108103 -0.00236562 -0.00235434 -0.00114077 0 0 0 0 0 0 0 0 0 0 0 0 0 
0 0 0 0 0 0 0 0 0 0 0 0 0 0 -0.000329961 -0.000625327 -0.000371234 -0.00235456 -0.00343924 -0.00082647 -0.000552742 -5.04561e-05 -0.000921922 -0.000977547 -0.00131491 -0.00131978 -0.000964495 -0.000981781 -0.00114275 -0.00107783 -0.00207473 -0.000717222 -0.000434932 -0.0189951 -0.0888789 -0.0836998 -0.0304537 -0.000561946 -0.000926938 -0.000978537 -0.000652662 -0.000724153 -0.00173576 -0.00149212 -0.000544128 -0.000643559 -0.00154232 -0.000773895 -0.00119972 -0.00104137 -0.000298089 -0.000266745 -0.000303612 -0.000497906 -0.000245031 -0.000373664 -2.55901e-05 0 0 0 0 0 0 0 0 0 0 0 0 
0 0 0 0 0 0 0 0 0 0 0 0 0 0 -0.00089582 -0.000624587 -0.000595806 -0.00105955 -0.00182229 -0.000735628 -0.000166577 -1.50984e-05 -0.000313036 -0.00185553 -0.0015315 -0.000994281 -0.00138787 -0.00049635 -0.000830136 -0.000942453 -0.000226771 -2.2e-06 -0.00157389 -0.0184664 -0.0973152 -0.0802552 -0.0213157 -0.000382505 -0.000171817 -0.00155314 -0.000684772 -0.000639019 -0.000686747 -0.000610577 -4.10354e-05 -0.000495879 -0.0005519 -0.000973031 -0.000971397 -0.00130234 -0.00112812 -0.0013638 -0.00116932 -0.00126116 -0.00123052 -0.00133699 -7.29949e-05 0 0 0 0 0 0 0 0 0 0 0 0 
0 0 0 0 0 0 0 0 0 0 0 0 0 0 -0.000556686 -0.00119673 -0.000269043 0 -0.000187032 -0.00167122 -0.00200204 -0.000155545 -0.000718401 -0.00227777 -0.00141756 -0.000336113 -0.000622787 -0.000688852 -0.00221263 -0.00131272 -0.00053482 -0.00109354 -0.000946476 -0.00213584 -0.0241123 -0.0128189 -0.00156653 -0.000839153 -0.000761668 -0.000507506 -0.00113707 -0.000309897 -0.000805861 -0.00181117 -0.00104254 -0.000584738 -0.000602363 -0.000530969 -0.000400017 -0.000673026 -0.00154126 -0.000382021 -0.001754 -0.000262061 -0.000174086 -0.000421852 0 0 0 0 0 0 0 0 0 0 0 0 0 
0 0 0 0 0 0 0 0 0 0 0 0 0 0 -0.000348549 -0.000748296 -0.00030805 -0.000500093 -0.000607606 -0.000470517 -0.00128005 -0.000748067 -0.000149292 -0.00027566 -0.000644056 -0.00121246 -0.000719351 -0.000478641 -0.000577803 -0.000665935 -0.000605865 -0.000588147 -0.000852577 -0.00110559 -0.000267183 -0.00272068 -0.000981064 -0.00116752 -0.00202814 -0.000181302 -0.000278485 -0.000361157 -0.00148823 -0.00420164 -0.00165702 -0.000154611 -0.000559107 -0.000295141 -0.00025505 -0.000833401 -0.00064747 -1.71588e-05 -0.000706496 -0.00191593 -0.00052528 0 0 0 0 0 0 0 0 0 0 0 0 0 0 
0 0 0 0 0 0 0 0 0 0 0 0 0 0 -0.000876413 -0.000473538 -0.000598998 -0.00116779 -0.00224167 -0.00142204 -0.000684022 -0.000656006 -0.000633153 -0.000883344 -0.000576484 -0.00141826 -0.00162072 -0.00107721 -0.00069164 -0.000477166 -0.000616464 -9.09982e-05 -6.91578e-05 -0.000364279 -4.43422e-05 -0.000867986 -0.000530493 -0.000301152 -0.00125222 -0.000432814 -0.000943843 -0.000229574 -0.000227035 -0.00109553 -0.00221196 -0.000975862 -0.00176007 -6.55782e-05 0 -0.000626366 -0.000278598 -0.000783907 -0.00117099 -0.00114658 -0.00047083 0 0 0 0 0 0 0 0 0 0 0 0 0 0 
0 0 0 0 0 0 0 0 0 0 0 0 0 0 -0.00101927 -0.000898917 -0.00231306 -0.00339499 -0.00161022 -0.000301772 -0.00034752 -0.00118514 -0.000511659 -0.000414972 -0.00169979 -0.00100009 -0.000821733 -0.000712744 -0.00172343 -0.0020245 -0.000303487 -8.15119e-05 -0.000417541 -0.000249375 -0.000729391 -0.000806386 -0.000862941 -0.000669383 -0.000801162 -0.000908171 -0.000509252 -0.00049633 -0.000630112 -0.000889507 -0.000710798 -0.000688307 -0.000745524 -0.000358375 -0.00019389 -0.000588895 -0.000797101 -0.00174596 -0.000743526 -0.000180822 -4.83862e-05 0 0 0 0 0 0 0 0 0 0 0 0 0 0 
0 0 0 0 0 0 0 0 0 0 0 0 0 0 -0.000139579 -0.000435581 -0.00162108 -0.000897737 -0.000513411 -0.000457366 -0.000421862 -5.25523e-05 -0.000809885 -6.14428e-05 -0.00111645 -0.00186981 -0.000262712 -0.000467135 -0.000336123 -0.000107137 0 -0.00139837 -0.00104162 -0.00131567 -0.000629722 -0.000493434 -0.000821275 -0.000330181 -0.000137769 -0.000249784 -0.000480726 -0.00118736 -0.00155495 -0.00128211 -0.0012137 -0.0018589 -0.00100819 -0.000781339 -0.000520057 -0.000317223 -6.77126e-05 -0.00147545 -0.000719987 -0.00213823 -0.000622856 -0.000144979 0 0 0 0 0 0 0 0 0 0 0 0 0 
0 0 0 0 0 0 0 0 0 0 0 0 0 0 0 -0.000543718 -0.000763185 -0.000110135 -0.000401893 -0.000580645 -0.00148917 -0.000543141 -0.00133333 -0.00169405 -0.00382675 -0.00328038 -0.000459894 -0.000418822 -0.000837223 -0.00138515 -0.000721849 -0.000550558 -0.000715407 -0.000307081 0 -0.000128207 -0.00046052 -0.000496234 -0.00088712 -0.000386304 -0.000913472 -0.00167773 -0.00237534 -0.000393094 -0.000678465 -0.00118881 -0.000882842 -1.60366e-05 -0.000162948 -0.000604017 -8.96315e-05 -0.00138297 -0.00248545 -0.00187777 -0.000367724 -8.39331e-05 0 0 0 0 0 0 0 0 0 0 0 0 0 
0 0 0 0 0 0 0 0 0 0 0 0 0 0 0 0 -0.000235679 -0.000827446 -0.000945777 -0.00220826 -0.00175106 -0.000734528 -0.000883619 -0.0018459 -0.000988089 -0.00042969 -0.000410492 -0.000125234 -0.00108281 -0.00122228 -0.00129992 -0.00129867 -0.0016849 -0.00128222 -0.000405145 -0.00102408 -0.000684873 -0.000444274 -0.000965762 -0.000536655 -0.000476575 -0.000988414 -0.00181502 -0.00100517 -0.000501177 -0.000833916 -0.000234161 -0.00049999 -0.000932262 -0.00108341 -9.42078e-05 -0.000612231 -0.000348438 -0.000287478 -1.24795e-05 0 0 0 0 0 0 0 0 0 0 0 0 0 0 
0 0 0 0 0 0 0 0 0 0 0 0 0 0 0 0 -0.000944755 -0.00114414 -0.00155773 -0.00123821 -0.00115672 -0.00012462 -0.000924646 -0.000209586 -3.72675e-05 -4.30667e-05 -6.18682e-05 -0.000394311 -0.00101768 -0.00125653 -0.00141422 -0.000862844 -0.00140083 -0.000657883 -0.000596229 -0.000916979 -0.000923776 -0.00025403 -0.0018995 -0.001537 -0.00112902 -0.000854262 -0.000613107 -0.000390335 -0.000997577 -0.00107088 -0.000751522 -0.000691178 -0.000877974 -0.00117417 -0.000146854 -0.000279649 -0.00136621 -0.000964508 -1.77183e-05 0 0 0 0 0 0 0 0 0 0 0 0 0 0 
0 0 0 0 0 0 0 0 0 0 0 0 0 0 0 0 -0.0010955 -0.000354737 -0.0012944 -0.000780487 -0.000668765 -0.000414583 -0.000944323 -0.000497138 -0.00045722 -0.000859999 -0.000172245 -0.000232277 -0.000293806 -0.00101471 -0.00108349 -0.000370363 -0.00106105 -0.000694775 -0.000913838 -0.000861854 -0.00158915 -0.000747982 -0.000987052 -0.000667649 -0.00187155 -0.000543722 -8.26376e-05 -0.000641463 -0.000227633 -0.00133813 -0.00178883 -0.00103801 -0.00080543 -0.00180988 -0.00109482 -0.000183487 -0.000951799 -0.000216956 -6.78916e-06 0 0 0 0 0 0 0 0 0 0 0 0 0 0 
0 0 0 0 0 0 0 0 0 0 0 0 0 0 0 0 0 -0.00111855 -0.00287999 -0.00114761 -0.00118364 -0.000365868 -5.00452e-05 -0.000732451 -0.000971009 -0.00163305 -0.000306548 -0.00102549 -0.000392722 -0.000943542 -2.12989e-05 -0.000531548 -0.00156873 -0.000394652 -0.00102554 -0.000949179 -0.00120144 -0.00150633 -0.000920807 -0.00199699 -0.00127087 -0.00102629 -7.06512e-05 -0.00213492 -0.000924875 -0.00132433 -0.000809439 -0.00158689 -0.00084004 -0.000217231 -0.000254553 -0.000742987 -0.000398911 0 0 0 0 0 0 0 0 0 0 0 0 0 0 0 0 
0 0 0 0 0 0 0 0 0 0 0 0 0 0 0 0 0 -0.000335521 -0.00159393 -0.00194189 -0.00242078 -0.00135083 -0.0008478 -0.000193636 -0.000519715 -0.00165775 -0.00155669 -0.00263462 -0.00077208 -7.36898e-05 -0.000395784 -0.00219806 -0.00142005 -0.000477726 -0.00292111 -0.00187193 -0.00181848 -0.00170507 -0.000112246 -0.0010576 -0.000758752 -0.000697509 -0.000347843 -0.0012837 -0.000871115 -0.000763565 -0.000795345 -0.000183228 -0.000886343 -0.000294525 -0.000736541 -2.3412e-06 0 0 0 0 0 0 0 0 0 0 0 0 0 0 0 0 0 
0 0 0 0 0 0 0 0 0 0 0 0 0 0 0 0 0 0 -9.64033e-05 -0.000544375 -0.00123211 -0.000589745 -0.000911395 -0.00108839 -0.00173154 -0.000624605 -0.000973356 -0.00107811 -0.000815144 -0.000369529 -0.000343946 -0.000960041 -0.00101398 -0.00217074 -0.000831589 -0.00107556 -0.00195582 -0.000706403 -0.000271906 -0.00158334 -0.00105464 -0.000635922 -0.000565782 -0.000476293 -0.000560859 -0.000925333 -0.000795202 -0.000230726 -0.000387214 -8.14683e-05 -0.000496965 0 0 0 0 0 0 0 0 0 0 0 0 0 0 0 0 0 0 
0 0 0 0 0 0 0 0 0 0 0 0 0 0 0 0 0 0 -0.000148988 -0.00130629 -0.00138376 -0.000931808 -0.00117046 -0.000662787 -0.00116639 -0.00232421 -0.000910543 -0.00130733 -0.00193884 -0.000539103 -0.000615501 -0.000164384 -0.00081277 -0.00123097 -0.00170047 -0.000802188 -0.00122131 -0.000770621 -0.00144731 -0.00101307 -0.00102231 -0.000285759 0 0 -0.000193143 -0.00159635 -0.00061437 -0.000814129 -0.000546634 -0.000525914 -0.000787685 0 0 0 0 0 0 0 0 0 0 0 0 0 0 0 0 0 0 
0 0 0 0 0 0 0 0 0 0 0 0 0 0 0 0 0 0 0 -0.000130575 -0.000241342 -0.000965758 -0.00119029 -0.00052567 -0.000442473 -0.000685343 -0.00158931 -0.00151947 -0.000298486 -0.000576465 -0.00048156 -0.000706251 -0.00175084 -0.0014513 -0.00106335 -0.00054596 -0.000762976 -0.000554663 -0.000785138 -0.000634937 -0.00026148 -1.13589e-05 -0.00049189 -0.000633971 -0.000242186 -0.0010781 -0.00139703 -0.000676081 -0.000138663 -0.000353887 -0.000220882 0 0 0 0 0 0 0 0 0 0 0 0 0 0 0 0 0 0 
0 0 0 0 0 0 0 0 0 0 0 0 0 0 0 0 0 0 0 0 -0.000106866 -0.00108376 -0.000983075 -0.000217667 -0.000511458 -0.000969866 -0.00085291 -0.00161722 -0.000667612 -0.00116935 -0.000517702 -0.000384969 -0.000797474 -0.00102645 -7.61424e-05 -8.23467e-05 0 0 -0.000405518 -0.00091959 -0.000569836 -0.00017508 -0.000502079 -0.000543646 -0.000180227 -0.000800326 -0.000997417 -0.00054275 -0.000429078 -0.000190884 0 0 0 0 0 0 0 0 0 0 0 0 0 0 0 0 0 0 0 
0 0 0 0 0 0 0 0 0 0 0 0 0 0 0 0 0 0 0 0 0 -0.000384911 -0.00117831 -0.00096491 -0.000287951 -0.000721264 -0.00106798 -0.000500355 -0.00125842 -0.00132327 -0.00134672 -0.000658399 0 -0.000180912 -0.000318719 -0.000593654 -0.000596058 -0.000376091 -0.000108719 -0.000224383 -0.00131952 -0.000901271 -6.39309e-06 -7.42313e-06 -2.10635e-05 -0.000139505 -0.000100062 -0.00029753 0 0 0 0 0 0 0 0 0 0 0 0 0 0 0 0 0 0 0 0 0 
0 0 0 0 0 0 0 0 0 0 0 0 0 0 0 0 0 0 0 0 0 0 -9.49127e-05 -0.000180617 -0.000257974 -0.00116452 -0.000457009 -0.000272383 -0.000557098 -0.00170777 -0.00225909 -0.000719696 -0.00105344 -0.000958332 -0.00118854 -0.000738884 -0.000698298 -0.000954842 -0.000355123 -0.000515194 -0.000160807 -5.70776e-05 -0.000893774 -0.000423028 -0.000654972 -0.000650881 0 0 0 0 0 0 0 0 0 0 0 0 0 0 0 0 0 0 0 0 0 0 0 
0 0 0 0 0 0 0 0 0 0 0 0 0 0 0 0 0 0 0 0 0 0 0 0 -0.000102152 -0.000653116 -0.00102979 -0.000464374 -0.00116118 -0.0011689 -0.000250127 -0.00127977 -0.00116233 -0.00156814 -0.00114183 -0.00174572 -0.0013324 -0.000993459 -0.000297479 -0.000831545 -0.00119594 -0.000950025 -0.000686332 0 -0.000116653 -1.92698e-05 0 0 0 0 0 0 0 0 0 0 0 0 0 0 0 0 0 0 0 0 0 0 0 
0 0 0 0 0 0 0 0 0 0 0 0 0 0 0 0 0 0 0 0 0 0 0 0 0 -1.21727e-05 -2.07625e-05 0 -3.19244e-05 -0.000942338 -0.00124022 -0.00215509 -0.00178173 -0.00175122 -0.000541644 -0.00131846 -0.00148368 -0.000560223 -0.000317374 -0.00208923 -0.000449273 -0.000495443 0 0 0 0 0 0 0 0 0 0 0 0 0 0 0 0 0 0 0 0 0 0 0 0 0 0 0 
0 0 0 0 0 0 0 0 0 0 0 0 0 0 0 0 0 0 0 0 0 0 0 0 0 0 0 0 0 -6.61204e-05 -0.000478349 -0.000609206 -0.000537538 -0.000683861 -0.000468169 -0.00174125 -0.000402116 0 -0.000166438 -0.000504605 0 0 0 0 0 0 0 0 0 0 0 0 0 0 0 0 0 0 0 0 0 0 0 0 0 0 0 0 0 
0 0 0 0 0 0 0 0 0 0 0 0 0 0 0 0 0 0 0 0 0 0 0 0 0 0 0 0 0 0 0 0 0 -1.55292e-05 -3.1613e-05 -0.000134422 -1.68464e-05 0 0 0 0 0 0 0 0 0 0 0 0 0 0 0 0 0 0 0 0 0 0 0 0 0 0 0 0 0 0 0 0 
0 0 0 0 0 0 0 0 0 0 0 0 0 0 0 0 0 0 0 0 0 0 0 0 0 0 0 0 0 0 0 0 0 0 0 0 0 0 0 0 0 0 0 0 0 0 0 0 0 0 0 0 0 0 0 0 0 0 0 0 0 0 0 0 0 0 0 0 0 
0 0 0 0 0 0 0 0 0 0 0 0 0 0 0 0 0 0 0 0 0 0 0 0 0 0 0 0 0 0 0 0 0 0 0 0 0 0 0 0 0 0 0 0 0 0 0 0 0 0 0 0 0 0 0 0 0 0 0 0 0 0 0 0 0 0 0 0 0 
0 0 0 0 0 0 0 0 0 0 0 0 0 0 0 0 0 0 0 0 0 0 0 0 0 0 0 0 0 0 0 0 0 0 0 0 0 0 0 0 0 0 0 0 0 0 0 0 0 0 0 0 0 0 0 0 0 0 0 0 0 0 0 0 0 0 0 0 0 
0 0 0 0 0 0 0 0 0 0 0 0 0 0 0 0 0 0 0 0 0 0 0 0 0 0 0 0 0 0 0 0 0 0 0 0 0 0 0 0 0 0 0 0 0 0 0 0 0 0 0 0 0 0 0 0 0 0 0 0 0 0 0 0 0 0 0 0 0 
0 0 0 0 0 0 0 0 0 0 0 0 0 0 0 0 0 0 0 0 0 0 0 0 0 0 0 0 0 0 0 0 0 0 0 0 0 0 0 0 0 0 0 0 0 0 0 0 0 0 0 0 0 0 0 0 0 0 0 0 0 0 0 0 0 0 0 0 0 
0 0 0 0 0 0 0 0 0 0 0 0 0 0 0 0 0 0 0 0 0 0 0 0 0 0 0 0 0 0 0 0 0 0 0 0 0 0 0 0 0 0 0 0 0 0 0 0 0 0 0 0 0 0 0 0 0 0 0 0 0 0 0 0 0 0 0 0 0 
0 0 0 0 0 0 0 0 0 0 0 0 0 0 0 0 0 0 0 0 0 0 0 0 0 0 0 0 0 0 0 0 0 0 0 0 0 0 0 0 0 0 0 0 0 0 0 0 0 0 0 0 0 0 0 0 0 0 0 0 0 0 0 0 0 0 0 0 0 
0 0 0 0 0 0 0 0 0 0 0 0 0 0 0 0 0 0 0 0 0 0 0 0 0 0 0 0 0 0 0 0 0 0 0 0 0 0 0 0 0 0 0 0 0 0 0 0 0 0 0 0 0 0 0 0 0 0 0 0 0 0 0 0 0 0 0 0 0 
0 0 0 0 0 0 0 0 0 0 0 0 0 0 0 0 0 0 0 0 0 0 0 0 0 0 0 0 0 0 0 0 0 0 0 0 0 0 0 0 0 0 0 0 0 0 0 0 0 0 0 0 0 0 0 0 0 0 0 0 0 0 0 0 0 0 0 0 0 
0 0 0 0 0 0 0 0 0 0 0 0 0 0 0 0 0 0 0 0 0 0 0 0 0 0 0 0 0 0 0 0 0 0 0 0 0 0 0 0 0 0 0 0 0 0 0 0 0 0 0 0 0 0 0 0 0 0 0 0 0 0 0 0 0 0 0 0 0 
0 0 0 0 0 0 0 0 0 0 0 0 0 0 0 0 0 0 0 0 0 0 0 0 0 0 0 0 0 0 0 0 0 0 0 0 0 0 0 0 0 0 0 0 0 0 0 0 0 0 0 0 0 0 0 0 0 0 0 0 0 0 0 0 0 0 0 0 0 
0 0 0 0 0 0 0 0 0 0 0 0 0 0 0 0 0 0 0 0 0 0 0 0 0 0 0 0 0 0 0 0 0 0 0 0 0 0 0 0 0 0 0 0 0 0 0 0 0 0 0 0 0 0 0 0 0 0 0 0 0 0 0 0 0 0 0 0 0 
