0 0 0 0 0 0 0 0 0 0 0 0 0 0 0 0 0 0 0 0 0 0 0 0 0 0 0 0 0 0 0 0 0 0 0 0 0 0 0 0 0 0 0 0 0 0 0 0 0 0 0 0 0 0 0 0 0 0 0 0 0 0 0 0 0 0 0 0 0 
0 0 0 0 0 0 0 0 0 0 0 0 0 0 0 0 0 0 0 0 0 0 0 0 0 0 0 0 0 0 0 0 0 0 0 0 0 0 0 0 0 0 0 0 0 0 0 0 0 0 0 0 0 0 0 0 0 0 0 0 0 0 0 0 0 0 0 0 0 
0 0 0 0 0 0 0 0 0 0 0 0 0 0 0 0 0 0 0 0 0 0 0 0 0 0 0 0 0 0 0 0 0 0 0 0 0 0 0 0 0 0 0 0 0 0 0 0 0 0 0 0 0 0 0 0 0 0 0 0 0 0 0 0 0 0 0 0 0 
0 0 0 0 0 0 0 0 0 0 0 0 0 0 0 0 0 0 0 0 0 0 0 0 0 0 0 0 0 0 0 0 0 0 0 0 0 0 0 0 0 0 0 0 0 0 0 0 0 0 0 0 0 0 0 0 0 0 0 0 0 0 0 0 0 0 0 0 0 
0 0 0 0 0 0 0 0 0 0 0 0 0 0 0 0 0 0 0 0 0 0 0 0 0 0 0 0 0 0 0 0 0 0 0 0 0 0 0 0 0 0 0 0 0 0 0 0 0 0 0 0 0 0 0 0 0 0 0 0 0 0 0 0 0 0 0 0 0 
0 0 0 0 0 0 0 0 0 0 0 0 0 0 0 0 0 0 0 0 0 0 0 0 0 0 0 0 0 0 0 0 0 0 0 0 0 0 0 0 0 0 0 0 0 0 0 0 0 0 0 0 0 0 0 0 0 0 0 0 0 0 0 0 0 0 0 0 0 
0 0 0 0 0 0 0 0 0 0 0 0 0 0 0 0 0 0 0 0 0 0 0 0 0 0 0 0 0 0 0 0 0 0 0 0 0 0 0 0 0 0 0 0 0 0 0 0 0 0 0 0 0 0 0 0 0 0 0 0 0 0 0 0 0 0 0 0 0 
0 0 0 0 0 0 0 0 0 0 0 0 0 0 0 0 0 0 0 0 0 0 0 0 0 0 0 0 0 0 0 0 0 0 0 0 0 0 0 0 0 0 0 0 0 0 0 0 0 0 0 0 0 0 0 0 0 0 0 0 0 0 0 0 0 0 0 0 0 
0 0 0 0 0 0 0 0 0 0 0 0 0 0 0 0 0 0 0 0 0 0 0 0 0 0 0 0 0 0 0 0 0 0 0 0 0 0 0 0 0 0 0 0 0 0 0 0 0 0 0 0 0 0 0 0 0 0 0 0 0 0 0 0 0 0 0 0 0 
0 0 0 0 0 0 0 0 0 0 0 0 0 0 0 0 0 0 0 0 0 0 0 0 0 0 0 0 0 0 0 0 0 0 0 0 0 0 0 0 0 0 0 0 0 0 0 0 0 0 0 0 0 0 0 0 0 0 0 0 0 0 0 0 0 0 0 0 0 
0 0 0 0 0 0 0 0 0 0 0 0 0 0 0 0 0 0 0 0 0 0 0 0 0 0 0 0 0 0 0 0 0 0 0 0 0 0 0 0 0 0 0 0 0 0 0 0 0 0 0 0 0 0 0 0 0 0 0 0 0 0 0 0 0 0 0 0 0 
0 0 0 0 0 0 0 0 0 0 0 0 0 0 0 0 0 0 0 0 0 0 0 0 0 0 0 0 0 0 0 0 0 0 0 0 0 0 0 0 0 0 0 0 0 0 0 0 0 0 0 0 0 0 0 0 0 0 0 0 0 0 0 0 0 0 0 0 0 
0 0 0 0 0 0 0 0 0 0 0 0 0 0 0 0 0 0 0 0 0 0 0 0 0 0 0 0 0 0 0 0 0 0 0 0 0 0 0 0 0 0 0 0 0 0 0 0 0 0 0 0 0 0 0 0 0 0 0 0 0 0 0 0 0 0 0 0 0 
0 0 0 0 0 0 0 0 0 0 0 0 0 0 0 0 0 0 0 0 0 0 0 0 0 0 0 0 0 0 0 0 0 0 0 0 0 0 0 0 0 0 0 0 0 0 0 0 0 0 0 0 0 0 0 0 0 0 0 0 0 0 0 0 0 0 0 0 0 
0 0 0 0 0 0 0 0 0 0 0 0 0 0 0 0 0 0 0 0 0 0 0 0 0 0 0 0 -2.52768e-05 -0.000303583 0 0 -0.000241889 -0.000782465 -0.000614316 -0.000845123 -0.00010205 0 -0.00011926 -0.000131233 0 0 0 0 0 0 0 0 0 0 0 0 0 0 0 0 0 0 0 0 0 0 0 0 0 0 0 0 0 
0 0 0 0 0 0 0 0 0 0 0 0 0 0 0 0 0 0 0 0 0 0 0 0 0 0 -0.000184207 -0.000210135 -3.63028e-05 -0.00082311 -0.00143726 -0.000727413 -0.000821129 -0.000987728 -0.000196415 -0.000981574 -0.00115977 -0.000159185 -0.00114259 -0.000659529 -9.97685e-05 -0.000178435 -0.000540308 -2.07118e-05 0 0 0 0 0 0 0 0 0 0 0 0 0 0 0 0 0 0 0 0 0 0 0 0 0 
0 0 0 0 0 0 0 0 0 0 0 0 0 0 0 0 0 0 0 0 0 0 0 -1.27681e-05 -8.35506e-05 -0.000160501 -0.00102253 -0.000410973 -0.0002931 -0.00134864 -0.00159616 -0.00169156 -0.000664774 -0.00195573 -0.000661414 -0.000538823 -0.00059098 -0.000100687 -0.00114887 -0.00138794 -0.00122735 -9.60158e-05 -0.00062482 -0.000295711 -4.1822e-05 -0.000223554 0 0 0 0 0 0 0 0 0 0 0 0 0 0 0 0 0 0 0 0 0 0 0 
0 0 0 0 0 0 0 0 0 0 0 0 0 0 0 0 0 0 0 0 0 0 0 -0.000101594 -0.000748731 -0.00154036 -0.000568647 -0.00056823 -0.000284104 -0.000682953 -0.0017964 -0.00137697 -0.000780961 -0.000422224 -0.000271448 -0.000396295 0 -0.000114842 -0.000999059 -0.00116955 -0.000879794 -3.71283e-05 -0.00154767 -0.00161813 -0.000236395 -0.000491625 -1.41239e-05 -2.08601e-05 0 0 0 0 0 0 0 0 0 0 0 0 0 0 0 0 0 0 0 0 0 
0 0 0 0 0 0 0 0 0 0 0 0 0 0 0 0 0 0 0 0 0 -0.000172084 -0.000245363 -0.00136206 -0.000203312 -0.000409949 -0.000767119 -0.000320068 -4.34522e-05 -0.00136079 -0.000521555 -0.000651594 -0.000420845 -0.000625766 -3.57168e-05 -0.000664898 -6.83789e-05 -0.000176833 -0.00104758 -0.00029432 -0.000893647 -0.000838216 -0.00126695 -0.00153868 -0.000947487 -0.000269191 -0.000409229 -0.000456858 0 0 0 0 0 0 0 0 0 0 0 0 0 0 0 0 0 0 0 0 0 
0 0 0 0 0 0 0 0 0 0 0 0 0 0 0 0 0 0 0 0 0 -0.000717586 -0.00130043 -0.000671898 -0.00038261 -0.0010806 -0.000548472 -0.000180127 -0.000583123 -0.00121038 -0.000694495 -0.000757711 -6.81313e-05 -0.000282726 -0.00130056 -0.000677305 -0.000875631 -0.000834289 -0.000723598 -0.000784141 -0.000863737 -0.00104174 -0.000416931 -0.000977255 -0.000363957 -0.000411798 -0.00164492 -0.000156338 -0.000839489 -0.000121824 0 0 0 0 0 0 0 0 0 0 0 0 0 0 0 0 0 0 0 
0 0 0 0 0 0 0 0 0 0 0 0 0 0 0 0 0 0 0 -7.0007e-06 -0.000164568 -0.000562369 -0.00159367 -0.00262954 -0.00102385 -0.00118061 -0.000261234 -0.000619761 -0.00120623 -0.00175978 -0.00117783 -0.000280828 -0.000258139 -0.00157806 -0.00149976 -0.000704601 -0.00175645 -0.00191442 -0.000266961 -0.000920493 -0.00022413 -2.27187e-05 -0.000204914 -0.00123628 -0.000212414 -2.76205e-06 -6.62967e-05 -0.00152429 -0.00204319 -0.00066382 -3.70173e-05 0 0 0 0 0 0 0 0 0 0 0 0 0 0 0 0 0 0 
0 0 0 0 0 0 0 0 0 0 0 0 0 0 0 0 0 0 0 -2.56904e-05 -0.000603913 -0.000280937 -0.00028466 -8.5317e-05 -3.04323e-05 -0.00114234 -0.00075551 -0.000654151 -0.00103855 -0.000526236 -0.000325887 -5.42112e-05 -0.000906488 -0.000589146 -1.30203e-05 -6.97175e-05 -0.00156447 -0.000816763 -4.97827e-05 -0.000691435 -0.00101835 -0.00140525 -0.000902882 -0.00145965 -0.00060393 -0.000159844 -0.000190723 -0.00127826 -0.000588613 -0.00148294 -0.000406612 0 0 0 0 0 0 0 0 0 0 0 0 0 0 0 0 0 0 
0 0 0 0 0 0 0 0 0 0 0 0 0 0 0 0 0 0 0 0 -0.000467509 -0.00174903 -0.00040002 -8.21169e-05 -0.000369354 -0.00155078 -0.000284335 -0.000396455 -0.000954098 -0.000644412 -0.000301617 -0.000782426 -0.00048769 -0.000967857 -0.0002774 -0.000112453 -0.000277279 -0.000459731 -0.000186584 -0.00274084 -0.00170627 -0.000722612 -0.000193353 -0.000349419 -0.00067946 -0.000932682 -0.000526224 0 -0.00138951 -0.00151985 -0.000733277 -7.79723e-05 0 0 0 0 0 0 0 0 0 0 0 0 0 0 0 0 0 
0 0 0 0 0 0 0 0 0 0 0 0 0 0 0 0 0 0 0 -0.000161797 -0.000551641 -0.00184276 -0.00136282 -0.00113214 -0.000484525 -0.0014092 -0.00030252 -0.000308631 -0.000285769 -0.00131592 -0.000985172 -0.00191023 -0.000165828 -0.000686098 -0.000893989 -0.00112392 -0.000632468 -0.00102978 -0.0007232 -0.000747439 -0.00108069 -0.00126609 -0.000838579 -0.000373111 -0.00056529 -0.000679631 -0.000178121 -0.000316401 -0.000336625 -0.000260873 -0.000659773 -0.000336632 0 0 0 0 0 0 0 0 0 0 0 0 0 0 0 0 0 
0 0 0 0 0 0 0 0 0 0 0 0 0 0 0 0 0 0 0 -0.000585736 -0.000657384 -0.00128677 -0.000846536 -0.00157618 -0.000281809 -0.000624519 -0.000237791 -0.000972353 -0.000268331 0 -0.00180886 -0.00151913 -0.00116851 -0.000957136 -0.00039939 -0.00153474 -0.000768736 -3.36083e-05 -0.00106984 -0.000261204 -0.000213983 -0.0011189 -0.000115971 -0.000791583 -0.000789295 -0.00103478 -0.000750637 -0.0014256 -0.000517312 -0.00159429 -0.000782157 -0.000260719 -4.01023e-05 -6.90018e-06 0 0 0 0 0 0 0 0 0 0 0 0 0 0 0 
0 0 0 0 0 0 0 0 0 0 0 0 0 0 0 0 0 -8.72364e-05 -0.000985324 -0.00088681 -0.000614127 -0.00116878 -0.000475782 -0.000720198 -0.000581166 -0.000870411 -0.00097036 -0.000291967 -0.000116413 -0.000134636 -0.000317019 -0.00152098 -0.00107003 -0.000757495 0 -0.000264833 -0.000485294 -0.0010463 -0.000999872 -0.00091249 -0.000760051 -0.000735029 -0.0012183 -0.00114358 -0.000891674 -0.00109429 -0.00162074 -0.000623814 -0.000819545 -0.00105412 -0.000486822 -0.000476298 -0.000926111 -0.000110716 0 0 0 0 0 0 0 0 0 0 0 0 0 0 0 
0 0 0 0 0 0 0 0 0 0 0 0 0 0 0 0 -0.000166752 -0.0014907 -0.00259785 -0.00151133 -0.00017942 -0.000428911 -0.00107379 -0.00149129 -0.00105689 -0.000864895 -0.000349577 0 -0.000168703 -0.000481335 -0.001186 -0.000488223 -0.00134202 -0.00151665 -7.76732e-05 -0.00114899 -0.00162217 -0.000171079 -0.00010767 -0.00113849 -0.00176754 -0.000469657 -0.000795273 -0.00122133 -0.000271009 -0.000397246 -0.00103881 -0.000768274 -0.000717695 -0.000686594 -0.000827559 -0.000504278 -0.00043998 -0.00021283 0 0 0 0 0 0 0 0 0 0 0 0 0 0 0 
0 0 0 0 0 0 0 0 0 0 0 0 0 0 0 -0.000608169 -0.0011839 -0.000933953 -0.0023403 -0.00118134 -0.000540133 -0.000842383 -0.000433213 -0.00162199 -0.0020883 -0.000522947 -0.000318004 -0.000611732 -0.00136541 -0.000496192 -0.000934394 -0.000164913 -0.00111824 -0.000976308 -0.000346609 -0.000657561 -0.00165215 -0.000950212 -0.000714157 -0.000726575 -0.00070376 -0.000407037 -0.00088647 -0.00130698 -6.73961e-05 -0.000554971 -0.000589746 -0.000489707 -0.00104645 -0.00116009 -0.0015627 -0.00123075 -0.000811369 -0.000780923 -0.000494025 0 0 0 0 0 0 0 0 0 0 0 0 0 0 
0 0 0 0 0 0 0 0 0 0 0 0 0 0 0 -0.000979172 -0.000218417 -0.00053933 -0.000163178 -1.6944e-05 -0.00040587 -0.000872395 -0.00179596 -0.00193827 -0.000754726 -0.000522239 -0.00132785 -0.000923018 -0.000268224 -0.00107921 -0.00157469 -0.00030285 -0.000368383 -0.000547194 -0.00106044 -0.000237683 -0.00052989 -0.000279836 -0.000500425 -0.0011145 -0.000563706 -0.000921449 -0.000945555 -0.00223411 -0.00101075 -6.31467e-05 -0.00013526 -2.03368e-05 -0.000964664 -0.00135677 -0.000437449 -0.00145414 -0.00142436 -0.00117338 -0.0017543 0 0 0 0 0 0 0 0 0 0 0 0 0 0 
0 0 0 0 0 0 0 0 0 0 0 0 0 0 0 -0.000788596 -0.000811693 -0.000274684 -3.48831e-06 -0.000369593 -0.000201629 -0.00119022 -0.00181395 -0.000402405 -0.00048025 -0.000383309 -0.000919442 -0.000970447 -0.000880582 -0.00123119 -0.000788223 -0.00094999 -0.000523155 -0.000954329 -0.0007418 -0.000776287 0 0 -0.000320195 -0.000880725 -0.00129677 -0.000149915 -0.000191271 -0.000520885 -0.000553979 -0.000569837 -0.00068923 -0.000262311 -0.00164233 -0.00135747 -0.000444345 -0.000380348 -0.000509408 -0.000842448 -0.000467593 0 0 0 0 0 0 0 0 0 0 0 0 0 0 
0 0 0 0 0 0 0 0 0 0 0 0 0 0 0 -0.000286756 -0.000900271 -0.000823122 -0.000675707 -0.000528415 -0.000497614 -0.0019905 -0.000593466 -0.000227269 -0.000366464 -0.00161176 -0.00161836 -0.00151606 -0.000291712 -0.00143606 -0.000966631 -0.000743976 -0.000442706 -0.00177516 -0.000639825 -0.000349986 -0.000241086 0 -0.00050702 -0.000678095 -0.00158043 -0.000101852 -0.000383969 -0.000589247 -0.0011809 -0.00127729 -0.000192494 -0.000291461 -0.000638743 -0.000790415 -0.000376154 -0.000345099 -0.000724247 -0.000597312 -0.000295831 -5.45494e-05 0 0 0 0 0 0 0 0 0 0 0 0 0 
0 0 0 0 0 0 0 0 0 0 0 0 0 0 -0.00027232 -0.000191759 -0.000384257 -0.00143693 -0.00111541 -0.000931655 -0.000111088 -0.000763667 -0.00118447 -0.000490444 -0.000680849 -0.00257914 -0.00031626 -0.000293973 -0.000647619 -0.00206924 -0.000566193 -0.000764782 -0.000822517 -0.00128342 -0.000519792 -0.000739945 -0.000451525 -0.000258716 -0.00101371 -0.000802449 -0.000395035 -0.000432568 -0.000495248 -0.000724149 -0.000252417 -6.08978e-05 -0.000155523 -0.00100757 -0.000788128 -0.000648116 -0.000948344 -0.000636029 -0.000339083 -0.000228043 -0.000971124 -0.00108134 0 0 0 0 0 0 0 0 0 0 0 0 0 
0 0 0 0 0 0 0 0 0 0 0 0 0 0 -0.000197806 -0.000139288 -6.37014e-05 -0.000407159 -0.000527779 -0.00043143 -0.000719793 -0.0011232 -0.000879679 -0.0010677 -0.00177878 -0.00192855 -0.000163514 -0.000377818 -0.000328797 -5.56127e-05 -0.00131559 -0.00107346 -0.000568277 -0.000797917 -3.30439e-05 -0.00068014 -0.00103313 -0.0013083 -0.000920605 -0.000990343 -0.00065393 -0.00168473 -7.35115e-05 -0.00114714 -0.000217506 -1.65416e-05 -0.00056107 -0.00111631 -0.000136403 -2.97536e-05 -0.000229887 -0.00139426 -0.000390015 -6.29139e-05 -0.00173234 -0.000680266 0 0 0 0 0 0 0 0 0 0 0 0 0 
0 0 0 0 0 0 0 0 0 0 0 0 0 0 -4.70099e-05 -0.000208975 -8.31162e-05 -0.00162895 -0.00240617 -0.000867426 -0.000816755 -0.000312612 -0.00114379 -0.00119261 -0.00125508 -0.001394 -0.000698966 -0.00107237 -0.000895519 -0.0011636 -0.00102089 -0.000629956 -0.000440857 -0.00157437 -0.000545101 -0.000398816 -4.3367e-06 -0.000179966 -0.000547147 -0.000206692 0 0 -0.000383143 -0.000440616 -0.000583314 -0.000245181 -0.000649398 -0.0012598 -0.00123299 -0.00074302 -0.000156458 -0.00186392 -0.00118709 -0.00212858 -0.00271485 -0.000933022 0 0 0 0 0 0 0 0 0 0 0 0 0 
0 0 0 0 0 0 0 0 0 0 0 0 0 0 -0.000716294 -0.000687131 -0.000602144 -0.00203804 -0.00349397 -0.000605762 -0.000153699 0 -0.000385883 -0.00150827 -0.00158579 -0.00118273 -0.00131384 -0.000560181 -0.000989843 -0.00106319 -0.000616236 -0.000474504 -0.00114307 -0.000295994 -0.00142067 -0.00100013 -1.80467e-05 -7.06108e-05 -0.000548719 -0.000369339 -0.00082206 -0.000553698 -0.00144061 -0.00155752 -0.000283495 -0.000588565 -0.00100796 -0.000551608 -0.00048835 -0.000773169 -0.000422042 -0.0010438 -0.000522598 -0.001291 -0.0010253 -0.000570127 0 0 0 0 0 0 0 0 0 0 0 0 0 
0 0 0 0 0 0 0 0 0 0 0 0 0 0 -0.000814061 -0.00087127 -0.000492987 -0.00013324 -0.000390933 -0.00149196 -0.00115513 -4.86331e-05 -0.000737877 -0.00212818 -0.00136315 -0.000319288 -0.000914944 -0.000883704 -0.00219774 -0.000749935 -0.000504692 -0.00134418 -0.000784072 -0.00031234 -0.00130755 -0.00351635 -0.000422949 0 -0.00089126 -0.000246766 -0.000966554 -0.000733041 -0.00142104 -0.00140333 -0.000369155 -0.000509983 -0.00154667 -0.00110771 -0.00141942 -0.00159563 -0.000388519 -0.000642158 -0.000687731 -0.000856557 -0.00077082 -0.00102246 -5.72838e-05 0 0 0 0 0 0 0 0 0 0 0 0 
0 0 0 0 0 0 0 0 0 0 0 0 0 0 -0.000382826 -0.00118842 -0.000125831 -0.000107278 -0.00042256 -0.00102034 -0.00173586 -0.000373871 -0.000523418 -0.000972025 -0.00107338 -0.0008435 -0.000405195 -0.000403529 -0.000568159 -0.000909606 -0.000635925 -0.000540134 -0.000611591 -0.00136814 -0.000281703 -0.000824657 -0.000505304 -0.000290406 -0.00139671 -0.00100988 -0.000797345 -0.000456908 -0.000787729 -0.000376442 -0.000209568 -0.000721258 -0.000443452 -0.000568702 -0.000472846 -0.000813066 -0.00178266 -0.00127293 -0.00144168 -0.000841833 -0.000786715 -0.00101713 -2.05409e-05 0 0 0 0 0 0 0 0 0 0 0 0 
0 0 0 0 0 0 0 0 0 0 0 0 0 0 -0.000616914 -0.000431192 -0.000372933 -0.000772115 -0.00126146 -0.000750997 -0.000931993 -0.00043152 -0.000170792 -0.000533071 -0.000363467 -0.00195472 -0.00130388 -0.000795273 -0.000401011 -0.000370586 -0.000155126 -0.000134041 -0.000249555 -0.00190152 -0.000488955 -0.000590752 -0.000741833 -0.000363847 -0.000873743 -0.000700743 -0.000989068 -0.000226085 -0.00151515 -0.00094699 -0.000332682 -0.000224979 -0.000642174 -0.000438449 -0.000697801 -0.000965285 -0.000950209 -7.26614e-05 -0.00131281 -0.000763432 -0.000158362 -5.5714e-05 0 0 0 0 0 0 0 0 0 0 0 0 0 
0 0 0 0 0 0 0 0 0 0 0 0 0 0 -0.00123036 -0.000708995 -0.00114581 -0.00233399 -0.00233029 -0.000848319 -0.000541116 -0.00138417 -0.000868435 -0.00097653 -0.00105126 -0.000790647 -0.00127183 -0.000935356 -0.00247747 -0.000801249 -0.000124927 -4.78272e-05 -1.52913e-05 -0.000593562 -0.000832706 -0.000157528 -0.00186801 -0.0018542 -0.000202286 -0.000198897 -0.000421123 -0.000708849 -0.00158562 -0.00281952 -0.0010804 -0.000395024 -0.000999748 -3.35915e-05 -5.49137e-06 -0.000837138 -0.000110393 -0.000249674 -0.000988365 -0.00197458 -0.000421589 0 0 0 0 0 0 0 0 0 0 0 0 0 0 
0 0 0 0 0 0 0 0 0 0 0 0 0 0 -0.000679053 -0.000615698 -0.00131491 -0.000904932 -0.000690722 -0.00041137 -0.000406836 -0.000389381 -0.00038972 -0.000185158 -0.00218751 -0.000758239 -0.000524653 -0.000422616 -0.000761261 -9.13364e-05 -0.000637926 -0.00130703 -0.00107714 -0.00123811 -0.000555905 -0.000477068 -0.000665685 -0.00119439 -0.000655898 -0.000657532 -0.000581528 -1.92689e-05 -6.33227e-05 -0.00106543 -0.0011662 -0.00156176 -0.00102501 -8.09043e-05 -1.10373e-05 -0.0008938 -0.000519911 -0.00179323 -0.000741168 -0.000668418 -0.000157951 0 0 0 0 0 0 0 0 0 0 0 0 0 0 
0 0 0 0 0 0 0 0 0 0 0 0 0 0 0 -0.000873747 -0.000882527 -0.000103763 -0.000296452 -0.000342238 -0.000753755 -0.000226111 -0.0011142 -0.000744774 -0.00128204 -0.00158477 -0.000546518 -0.000441603 -0.000808974 -0.000361954 -0.00097283 -0.000927562 -0.000671298 -0.000422968 -0.000490618 -0.000900831 -0.000470278 -0.000550677 -0.000546506 -0.000704183 -0.000806881 -0.000781011 -0.00179765 -0.000851732 -0.00100528 -0.000605141 -0.000473048 -0.000996563 -0.000154305 -0.000397157 -0.000486409 -0.00147561 -0.000289133 -0.000838603 -0.000117134 -1.2872e-05 0 0 0 0 0 0 0 0 0 0 0 0 0 
0 0 0 0 0 0 0 0 0 0 0 0 0 0 0 -0.000201511 -0.000711163 -0.000241183 -0.00103822 -0.00188129 -0.00141431 -0.000705505 -0.0014169 -0.00258172 -0.000994338 -0.000773087 -8.46507e-05 -0.000534855 -0.00117363 -0.00103304 -0.000594869 -0.000709163 -0.000634233 0 -8.95433e-05 -0.000503711 -0.00036542 -0.000443068 -0.000314489 -0.000357567 -0.00105491 -0.00174164 -0.00109388 -0.000769988 -0.00213555 -0.00172425 -0.000779653 -0.000395816 -0.000432471 -0.000333493 -0.000187465 -0.0021732 -0.00197261 -0.00232985 -0.000681589 -7.53798e-05 0 0 0 0 0 0 0 0 0 0 0 0 0 
0 0 0 0 0 0 0 0 0 0 0 0 0 0 0 -9.51247e-06 -0.000178892 -0.00163589 -0.000971439 -0.00159328 -0.00115328 -0.000564817 -0.000907801 -0.000898793 -0.000113835 -0.0004366 -0.000135295 -0.000772271 -0.00159902 -0.00141429 -0.00137346 -0.0020314 -0.00153326 -0.000328126 -0.00111099 -0.000669593 -0.000425804 -0.000987723 -0.00058843 -0.000282532 -0.00136398 -0.00204084 -0.00174325 -0.000330257 -0.000168291 -0.00054856 -0.000196967 -0.000319478 -0.000444107 -0.000751536 -0.000134074 -0.000906851 -0.000878318 -0.000712132 0 0 0 0 0 0 0 0 0 0 0 0 0 0 0 
0 0 0 0 0 0 0 0 0 0 0 0 0 0 0 -0.000114046 -0.00162128 -0.000592301 -0.00163924 -0.00145964 -0.00075846 -0.00038556 -0.000803925 -5.24515e-05 -2.0338e-05 -5.15297e-05 -2.74519e-05 -0.000658605 -0.000616249 -0.00141747 -0.00103249 -0.000718135 -0.000620937 -0.000630745 -0.000815144 -0.000972299 -0.000232659 -0.00122125 -0.00154147 -0.00131477 -0.000710661 -0.00124876 -0.000353721 -0.00106277 -0.00147362 -0.000914477 -0.000395602 -0.00138163 -0.000825306 -0.00106405 -1.90522e-05 -0.00076759 -0.00113986 -0.000416213 0 0 0 0 0 0 0 0 0 0 0 0 0 0 0 
0 0 0 0 0 0 0 0 0 0 0 0 0 0 0 -1.68127e-06 -0.000421734 -0.000985582 -0.00174053 -0.000561436 -0.000518127 -0.000449755 -0.000483777 -0.000869308 -0.0014823 -0.000971524 -0.000479771 -0.000162654 -0.000697924 -0.00117058 -0.000166861 -0.00113148 -0.000872258 -0.000965499 -0.000635986 -0.00180483 -0.00045708 -0.00133524 -0.000783214 -0.00170977 -0.000543139 -0.000345133 -0.000199651 -0.000528606 -0.000389196 -0.00149286 -0.00111898 -0.000305026 -0.00169215 -0.00138875 -0.000282044 -0.000379008 -0.000867407 -0.000482872 0 0 0 0 0 0 0 0 0 0 0 0 0 0 0 
0 0 0 0 0 0 0 0 0 0 0 0 0 0 0 0 0 -0.00153075 -0.00231631 -0.00134505 -0.00128287 -0.000605651 -5.18273e-05 -0.000650135 -0.000482721 -0.00128036 -0.00116171 -0.00104586 -0.000744172 -0.000180697 -0.000453644 -0.00156603 -0.000515564 -0.000870473 -0.00116634 -0.000909887 -0.00164699 -0.00141301 -0.000926898 -0.00177783 -0.00135786 -0.000528844 -0.000704057 -0.000958115 -0.000897326 -0.00159235 -0.00124873 -0.00109278 -0.00046699 -0.000837573 -0.000462185 -0.00076198 -0.00066772 0 0 0 0 0 0 0 0 0 0 0 0 0 0 0 0 
0 0 0 0 0 0 0 0 0 0 0 0 0 0 0 0 0 -0.000277447 -0.000747503 -0.00064263 -6.32908e-05 -0.00148752 -0.000436956 -0.000805401 -0.00127401 -0.00167001 -0.00163749 -0.00139627 -0.000325537 -0.000144763 -0.00150557 -0.00190663 -0.000353427 -0.00200173 -0.00250677 -0.00154717 -0.00168452 -0.000584703 -0.000850096 -0.00133504 -0.00063515 -0.000257886 -0.000905421 -0.00190289 -0.00105625 -0.000663547 -0.000738522 -0.000866234 -0.00100352 -0.000295966 -0.000489053 -0.000179994 0 0 0 0 0 0 0 0 0 0 0 0 0 0 0 0 0 
0 0 0 0 0 0 0 0 0 0 0 0 0 0 0 0 0 0 -0.0004198 -0.00106383 -0.000952428 -0.0014106 -0.000912987 -0.00104426 -0.00172943 -0.000955904 -0.000798706 -0.000827208 -0.00129788 -0.000130137 -0.000584435 -0.000732109 -0.00238863 -0.00106537 -0.00120768 -0.00178293 -0.00151206 -0.000282273 -0.000520757 -0.00167586 -0.00058587 -0.000897909 -0.000491948 -0.000703838 -0.000532819 -0.000985349 -0.000501531 -0.000311021 -0.000334852 -0.000246163 -0.000315993 0 0 0 0 0 0 0 0 0 0 0 0 0 0 0 0 0 0 
0 0 0 0 0 0 0 0 0 0 0 0 0 0 0 0 0 0 -0.0002731 -0.00109809 -0.000689415 -0.000727796 -0.000654902 -0.000572693 -0.00169124 -0.00127355 -0.00135076 -0.00208027 -0.000877316 -0.000547327 -0.000478004 -0.000406489 -0.00109458 -0.00120545 -0.00138238 -0.00102875 -0.000842339 -0.000787964 -0.00189235 -0.000948789 -0.000865928 0 -4.1291e-06 -0.000159388 -0.000917015 -0.000916353 -0.000344345 -0.00114766 -5.3923e-05 -0.000666278 -0.000392339 0 0 0 0 0 0 0 0 0 0 0 0 0 0 0 0 0 0 
0 0 0 0 0 0 0 0 0 0 0 0 0 0 0 0 0 0 0 0 -0.00043761 -0.00157184 -0.000731828 -0.000668776 -0.000485003 -0.00091395 -0.00168455 -0.000561201 -0.000332432 -0.000697275 -0.000272604 -0.00142904 -0.00150675 -0.00147637 -0.00068906 -0.000748393 -0.0009567 -0.000503093 -0.000582377 -0.000414778 -0.000143554 -2.38625e-05 -0.00054212 -7.88724e-05 -0.000946084 -0.00109365 -0.00137271 -0.000389591 -5.54786e-05 -0.000890762 -0.000137312 0 0 0 0 0 0 0 0 0 0 0 0 0 0 0 0 0 0 
0 0 0 0 0 0 0 0 0 0 0 0 0 0 0 0 0 0 0 0 -0.000187493 -0.0017105 -0.000365977 -0.000406278 -0.000631509 -0.000994964 -0.00126677 -0.00118436 -0.00130121 -0.00110965 -0.000357278 -0.000386083 -0.00101487 -0.000459574 -4.69866e-05 -1.78511e-05 0 -0.000141672 -0.00104594 -0.000949241 -0.000183612 -0.000256075 -0.000811989 -0.000686354 -0.000270176 -0.00100145 -0.00115619 -0.00013756 -0.000689665 0 0 0 0 0 0 0 0 0 0 0 0 0 0 0 0 0 0 0 0 
0 0 0 0 0 0 0 0 0 0 0 0 0 0 0 0 0 0 0 0 -3.88575e-06 -0.000270598 -0.00118078 -0.000391576 -0.000563156 -0.000908303 -0.000348207 -0.000805577 -0.000954357 -0.00125356 -0.00170961 -6.53005e-05 -5.34087e-05 -0.000201454 -0.000586555 -0.000463617 -0.000429595 -0.00019199 0 -0.000461744 -0.00190971 -4.15894e-05 -7.52349e-07 -3.49084e-06 -5.71496e-05 -0.000121137 -0.000600828 -0.000219974 -5.67396e-05 0 0 0 0 0 0 0 0 0 0 0 0 0 0 0 0 0 0 0 0 
0 0 0 0 0 0 0 0 0 0 0 0 0 0 0 0 0 0 0 0 0 0 -3.23347e-05 -9.82478e-06 -0.000891854 -0.000755855 -0.000901595 -0.000194979 -0.00101526 -0.00256766 -0.00102653 -0.000672436 -0.00175191 -0.00063009 -0.00108046 -0.00057532 -0.00087943 -0.00078932 -0.000214505 -0.00050736 -0.000190756 -0.000163437 -0.000782918 -0.000200114 -0.00078575 -0.000344408 0 0 0 0 0 0 0 0 0 0 0 0 0 0 0 0 0 0 0 0 0 0 0 
0 0 0 0 0 0 0 0 0 0 0 0 0 0 0 0 0 0 0 0 0 0 0 0 -0.000143108 -0.000638103 -0.000782185 -0.000315212 -0.00130905 -0.000530856 -0.000613865 -0.0012332 -0.00179085 -0.000961231 -0.00141977 -0.0018589 -0.000871632 -0.000824982 -0.000388957 -0.000710173 -0.000933771 -0.0010296 -0.000443307 -0.000100572 -0.000231609 -1.02404e-05 0 0 0 0 0 0 0 0 0 0 0 0 0 0 0 0 0 0 0 0 0 0 0 
0 0 0 0 0 0 0 0 0 0 0 0 0 0 0 0 0 0 0 0 0 0 0 0 0 0 0 0 -0.000378737 -0.000898754 -0.00231113 -0.00155441 -0.0021871 -0.000720891 -0.00108041 -0.00160593 -0.0010513 -0.000295852 -0.00125723 -0.00160453 -0.000700678 -0.000313894 -3.30146e-06 0 0 0 0 0 0 0 0 0 0 0 0 0 0 0 0 0 0 0 0 0 0 0 0 0 0 
0 0 0 0 0 0 0 0 0 0 0 0 0 0 0 0 0 0 0 0 0 0 0 0 0 0 0 0 0 -5.6442e-05 -0.000455238 -0.000621254 -0.000344258 -0.000799289 -0.000837933 -0.00138486 0 0 -0.000610575 -0.000258577 0 0 0 0 0 0 0 0 0 0 0 0 0 0 0 0 0 0 0 0 0 0 0 0 0 0 0 0 0 
0 0 0 0 0 0 0 0 0 0 0 0 0 0 0 0 0 0 0 0 0 0 0 0 0 0 0 0 0 0 0 0 -6.0435e-07 -1.40481e-05 -0.000104391 -0.000118035 0 0 0 0 0 0 0 0 0 0 0 0 0 0 0 0 0 0 0 0 0 0 0 0 0 0 0 0 0 0 0 0 0 
0 0 0 0 0 0 0 0 0 0 0 0 0 0 0 0 0 0 0 0 0 0 0 0 0 0 0 0 0 0 0 0 0 0 0 0 0 0 0 0 0 0 0 0 0 0 0 0 0 0 0 0 0 0 0 0 0 0 0 0 0 0 0 0 0 0 0 0 0 
0 0 0 0 0 0 0 0 0 0 0 0 0 0 0 0 0 0 0 0 0 0 0 0 0 0 0 0 0 0 0 0 0 0 0 0 0 0 0 0 0 0 0 0 0 0 0 0 0 0 0 0 0 0 0 0 0 0 0 0 0 0 0 0 0 0 0 0 0 
0 0 0 0 0 0 0 0 0 0 0 0 0 0 0 0 0 0 0 0 0 0 0 0 0 0 0 0 0 0 0 0 0 0 0 0 0 0 0 0 0 0 0 0 0 0 0 0 0 0 0 0 0 0 0 0 0 0 0 0 0 0 0 0 0 0 0 0 0 
0 0 0 0 0 0 0 0 0 0 0 0 0 0 0 0 0 0 0 0 0 0 0 0 0 0 0 0 0 0 0 0 0 0 0 0 0 0 0 0 0 0 0 0 0 0 0 0 0 0 0 0 0 0 0 0 0 0 0 0 0 0 0 0 0 0 0 0 0 
0 0 0 0 0 0 0 0 0 0 0 0 0 0 0 0 0 0 0 0 0 0 0 0 0 0 0 0 0 0 0 0 0 0 0 0 0 0 0 0 0 0 0 0 0 0 0 0 0 0 0 0 0 0 0 0 0 0 0 0 0 0 0 0 0 0 0 0 0 
0 0 0 0 0 0 0 0 0 0 0 0 0 0 0 0 0 0 0 0 0 0 0 0 0 0 0 0 0 0 0 0 0 0 0 0 0 0 0 0 0 0 0 0 0 0 0 0 0 0 0 0 0 0 0 0 0 0 0 0 0 0 0 0 0 0 0 0 0 
0 0 0 0 0 0 0 0 0 0 0 0 0 0 0 0 0 0 0 0 0 0 0 0 0 0 0 0 0 0 0 0 0 0 0 0 0 0 0 0 0 0 0 0 0 0 0 0 0 0 0 0 0 0 0 0 0 0 0 0 0 0 0 0 0 0 0 0 0 
0 0 0 0 0 0 0 0 0 0 0 0 0 0 0 0 0 0 0 0 0 0 0 0 0 0 0 0 0 0 0 0 0 0 0 0 0 0 0 0 0 0 0 0 0 0 0 0 0 0 0 0 0 0 0 0 0 0 0 0 0 0 0 0 0 0 0 0 0 
0 0 0 0 0 0 0 0 0 0 0 0 0 0 0 0 0 0 0 0 0 0 0 0 0 0 0 0 0 0 0 0 0 0 0 0 0 0 0 0 0 0 0 0 0 0 0 0 0 0 0 0 0 0 0 0 0 0 0 0 0 0 0 0 0 0 0 0 0 
0 0 0 0 0 0 0 0 0 0 0 0 0 0 0 0 0 0 0 0 0 0 0 0 0 0 0 0 0 0 0 0 0 0 0 0 0 0 0 0 0 0 0 0 0 0 0 0 0 0 0 0 0 0 0 0 0 0 0 0 0 0 0 0 0 0 0 0 0 
0 0 0 0 0 0 0 0 0 0 0 0 0 0 0 0 0 0 0 0 0 0 0 0 0 0 0 0 0 0 0 0 0 0 0 0 0 0 0 0 0 0 0 0 0 0 0 0 0 0 0 0 0 0 0 0 0 0 0 0 0 0 0 0 0 0 0 0 0 
0 0 0 0 0 0 0 0 0 0 0 0 0 0 0 0 0 0 0 0 0 0 0 0 0 0 0 0 0 0 0 0 0 0 0 0 0 0 0 0 0 0 0 0 0 0 0 0 0 0 0 0 0 0 0 0 0 0 0 0 0 0 0 0 0 0 0 0 0 
