0 0 0 0 0 0 0 0 0 0 0 0 0 0 0 0 0 0 0 0 0 0 0 0 0 0 0 0 0 0 0 0 0 0 0 0 0 0 0 0 0 0 0 0 0 0 0 0 0 0 0 0 0 0 0 0 0 0 0 0 0 0 0 0 0 0 0 0 0 
0 0 0 0 0 0 0 0 0 0 0 0 0 0 0 0 0 0 0 0 0 0 0 0 0 0 0 0 0 0 0 0 0 0 0 0 0 0 0 0 0 0 0 0 0 0 0 0 0 0 0 0 0 0 0 0 0 0 0 0 0 0 0 0 0 0 0 0 0 
0 0 0 0 0 0 0 0 0 0 0 0 0 0 0 0 0 0 0 0 0 0 0 0 0 0 0 0 0 0 0 0 0 0 0 0 0 0 0 0 0 0 0 0 0 0 0 0 0 0 0 0 0 0 0 0 0 0 0 0 0 0 0 0 0 0 0 0 0 
0 0 0 0 0 0 0 0 0 0 0 0 0 0 0 0 0 0 0 0 0 0 0 0 0 0 0 0 0 0 0 0 0 0 0 0 0 0 0 0 0 0 0 0 0 0 0 0 0 0 0 0 0 0 0 0 0 0 0 0 0 0 0 0 0 0 0 0 0 
0 0 0 0 0 0 0 0 0 0 0 0 0 0 0 0 0 0 0 0 0 0 0 0 0 0 0 0 0 0 0 0 0 0 0 0 0 0 0 0 0 0 0 0 0 0 0 0 0 0 0 0 0 0 0 0 0 0 0 0 0 0 0 0 0 0 0 0 0 
0 0 0 0 0 0 0 0 0 0 0 0 0 0 0 0 0 0 0 0 0 0 0 0 0 0 0 0 0 0 0 0 0 0 0 0 0 0 0 0 0 0 0 0 0 0 0 0 0 0 0 0 0 0 0 0 0 0 0 0 0 0 0 0 0 0 0 0 0 
0 0 0 0 0 0 0 0 0 0 0 0 0 0 0 0 0 0 0 0 0 0 0 0 0 0 0 0 0 0 0 0 0 0 0 0 0 0 0 0 0 0 0 0 0 0 0 0 0 0 0 0 0 0 0 0 0 0 0 0 0 0 0 0 0 0 0 0 0 
0 0 0 0 0 0 0 0 0 0 0 0 0 0 0 0 0 0 0 0 0 0 0 0 0 0 0 0 0 0 0 0 0 0 0 0 0 0 0 0 0 0 0 0 0 0 0 0 0 0 0 0 0 0 0 0 0 0 0 0 0 0 0 0 0 0 0 0 0 
0 0 0 0 0 0 0 0 0 0 0 0 0 0 0 0 0 0 0 0 0 0 0 0 0 0 0 0 0 0 0 0 0 0 0 0 0 0 0 0 0 0 0 0 0 0 0 0 0 0 0 0 0 0 0 0 0 0 0 0 0 0 0 0 0 0 0 0 0 
0 0 0 0 0 0 0 0 0 0 0 0 0 0 0 0 0 0 0 0 0 0 0 0 0 0 0 0 0 0 0 0 0 0 0 0 0 0 0 0 0 0 0 0 0 0 0 0 0 0 0 0 0 0 0 0 0 0 0 0 0 0 0 0 0 0 0 0 0 
0 0 0 0 0 0 0 0 0 0 0 0 0 0 0 0 0 0 0 0 0 0 0 0 0 0 0 0 0 0 0 0 0 0 0 0 0 0 0 0 0 0 0 0 0 0 0 0 0 0 0 0 0 0 0 0 0 0 0 0 0 0 0 0 0 0 0 0 0 
0 0 0 0 0 0 0 0 0 0 0 0 0 0 0 0 0 0 0 0 0 0 0 0 0 0 0 0 0 0 0 0 0 0 0 0 0 0 0 0 0 0 0 0 0 0 0 0 0 0 0 0 0 0 0 0 0 0 0 0 0 0 0 0 0 0 0 0 0 
0 0 0 0 0 0 0 0 0 0 0 0 0 0 0 0 0 0 0 0 0 0 0 0 0 0 0 0 0 0 0 -0.00165967 -0.000299755 0 0 0 0 0 0 0 0 0 0 0 0 0 0 0 0 0 0 0 0 0 0 0 0 0 0 0 0 0 0 0 0 0 0 0 0 
0 0 0 0 0 0 0 0 0 0 0 0 0 0 0 0 0 0 0 0 0 0 0 0 0 0 0 0 0 0 0 -0.00173337 -0.00124774 -0.00250339 -0.00102003 0 0 0 -0.000160866 -0.00233117 0 0 0 0 0 0 0 0 0 0 0 0 0 0 0 0 0 0 0 0 0 0 0 0 0 0 0 0 0 
0 0 0 0 0 0 0 0 0 0 0 0 0 0 0 0 0 0 0 0 0 0 0 0 0 0 0 0 0 0 0 0 -0.000265931 -0.00125731 -0.00203039 -0.000636191 -0.00121841 0 -9.77209e-05 -0.00141611 0 0 0 0 0 0 0 0 0 0 0 0 0 0 0 0 0 0 0 0 0 0 0 0 0 0 0 0 0 
0 0 0 0 0 0 0 0 0 0 0 0 0 0 0 0 0 0 0 0 0 0 0 0 0 0 0 0 -0.000959647 -0.00251272 0 0 0 0 0 -0.000737955 -0.00141331 0 0 0 0 -0.000109303 -0.000238777 0 0 0 0 0 0 0 0 0 0 0 0 0 0 0 0 0 0 0 0 0 0 0 0 0 0 
0 0 0 0 0 0 0 0 0 0 0 0 0 0 0 0 0 0 0 0 0 0 0 0 0 0 0 -0.0119669 -0.0157429 -0.00360997 -0.0015056 -0.00160459 0 0 -3.8396e-05 -1.65643e-05 -0.00292818 -0.000319843 0 0 0 -0.0011486 -0.00250918 0 0 0 0 0 0 0 0 0 0 0 0 0 0 0 0 0 0 0 0 0 0 0 0 0 0 
0 0 0 0 0 0 0 0 0 0 0 0 0 0 0 0 0 0 0 0 0 0 0 0 0 0 0 -0.0247014 -0.0319896 -0.000651695 -0.00043358 -0.000462086 0 0 -0.00276016 -0.00119075 -0.00068321 -7.46263e-05 0 0 0 0 0 0 0 0 0 0 0 0 0 0 0 0 0 0 0 0 0 0 0 0 0 0 0 0 0 0 0 
0 0 0 0 0 0 0 0 0 0 0 0 0 0 0 0 0 0 0 0 0 0 0 0 0 0 -0.000231068 -0.000314624 0 0 0 0 -7.01023e-05 -0.000166116 0 0 -0.000572732 -0.00251168 0 0 0 0 0 0 0 0 0 0 0 0 0 0 0 0 0 0 0 0 0 0 0 0 0 0 0 0 0 0 0 
0 0 0 0 0 0 0 0 0 0 0 0 0 0 0 0 0 0 0 0 0 0 0 0 0 0 -0.00146517 -0.001995 -0.00029388 -0.000141546 0 0 -0.00111871 -0.00265093 0 0 -0.000171099 -0.000757183 -0.00344378 -6.82662e-05 0 0 0 0 0 0 0 0 0 0 0 0 0 0 0 0 0 0 0 0 0 0 0 0 0 0 0 0 0 
0 0 0 0 0 0 0 0 0 0 0 0 0 0 0 0 0 0 0 0 0 0 0 0 -0.00163868 -0.000423499 -0.00281754 -7.78068e-05 -0.00240978 -0.00116066 0 0 0 0 0 0 -8.45862e-05 -0.00153175 -0.0052405 -0.000336221 0 0 -0.00066103 -0.00123304 -0.000298895 -0.000224818 -0.00161527 -0.00114446 -0.00352992 -0.000446779 -0.000561932 0 0 0 0 0 0 0 0 0 0 0 0 0 0 0 0 0 0 
0 0 0 0 0 0 0 0 0 0 0 0 0 0 0 0 0 0 0 0 0 0 0 0 -0.00154452 -0.000605906 -0.00209155 -2.98429e-05 0 0 -0.000804431 -0.00298501 0 -0.00296715 -0.00216059 -0.000792597 -0.00199875 -0.00268398 -0.000794476 -0.000451811 -0.000853448 0 -0.000737016 -0.00137478 -0.00198734 -0.00307343 -0.00195862 -0.000527685 -7.05537e-05 -0.0013275 -0.00166965 0 0 0 0 0 0 0 0 0 0 0 0 0 0 0 0 0 0 
0 0 0 0 0 0 0 0 0 0 0 0 0 0 0 0 0 0 0 -0.00112961 -0.00274667 -0.00132442 0 0 0 -0.000473417 -0.00231482 0 0 -0.0015501 -0.00108128 -0.000170476 -3.8299e-05 -0.000164211 -0.00135257 -0.000802992 0 -0.003006 -0.00177854 -0.0026809 -0.00228285 0 -0.000717903 -0.000898462 0 -0.00420005 -0.00139826 0 0 0 0 0 0 0 0 0 0 0 0 0 0 0 0 0 0 0 0 0 0 
0 0 0 0 0 0 0 0 0 0 0 0 0 0 0 0 0 0 0 -0.000950039 -0.00143144 -0.000429547 0 0 -0.00032044 -0.000572788 -0.0020195 0 0 -0.000851613 -0.000568809 0 -0.00105373 -0.00296821 -0.0037231 -0.00236671 -0.00154139 -0.00278141 -0.000563816 0 0 0 -0.00106129 -0.00182303 -0.0013998 0 0 0 0 0 0 0 0 0 0 0 0 0 0 0 0 0 0 0 0 0 0 0 0 
0 0 0 0 0 0 0 0 0 0 0 0 0 0 0 0 0 0 -4.83097e-05 -0.0026159 0 -9.57822e-05 -6.23951e-05 0 -0.00345135 -0.000522287 -0.00112536 0 0 0 0 0 0 0 -4.29425e-05 -6.72465e-05 -3.85605e-05 -0.00116473 -0.00127148 -0.00130843 0 0 0 -0.00168972 -0.00251285 0 0 0 0 0 0 0 0 0 0 0 0 0 0 0 0 0 0 0 0 0 0 0 0 
0 0 0 0 0 0 0 0 0 0 0 0 0 0 0 0 0 0 -2.4328e-05 -0.00131732 -0.00188084 -0.0037752 -0.00151777 0 0 0 0 0 0 0 0 0 -0.00104635 -0.000520966 -0.00333125 -0.000623632 0 -0.000365901 -0.00243741 -0.000984731 0 0 0 -0.00104209 -0.000872438 0 0 -0.000873219 -0.00049128 0 0 0 0 0 0 0 0 0 0 0 0 0 0 0 0 0 0 0 0 
0 0 0 0 0 0 0 0 0 0 0 0 0 0 0 -0.000177231 -0.00270282 0 0 -0.000930724 -0.00125119 -0.000295362 0 0 0 -0.000797689 -9.79809e-05 0 0 0 0 0 -0.00162799 -0.000810561 0 -0.000764922 -0.000386046 -0.000342931 -0.00159509 0 -0.00213806 -0.00139349 -0.000342655 -1.02556e-05 0 0 -0.000315975 -0.00424775 -0.000951007 0 0 0 0 0 0 0 0 0 0 0 0 0 0 0 0 0 0 0 0 
0 0 0 0 0 0 0 0 0 0 0 0 0 0 0 -6.92792e-05 -0.00105653 0 0 -0.00114341 -0.00115227 -9.1367e-05 0 -0.00253075 -0.000929443 -0.00441083 -0.00342105 -0.00175889 -0.000750815 0 -0.00201864 -0.00206549 -0.000888392 0 0 -0.00189733 -0.000957559 0 0 0 -0.000287157 -0.000187156 -0.0035468 -0.000106155 -0.00124786 -0.00162377 -0.000124537 -0.00119372 -8.50932e-05 0 0 0 0 0 0 0 0 0 0 0 0 0 0 0 0 0 0 0 0 
0 0 0 0 0 0 0 0 0 0 0 0 0 0 0 0 0 -0.00327067 -0.000502245 0 -0.00187069 -0.00195644 0 -0.000399097 -0.000268607 -0.00324569 -0.00270786 -0.00104856 -0.000447595 0 -0.00161595 -0.00384188 -0.000816913 0 -0.000325903 -0.000648529 0 0 -0.00270803 -0.00025011 0 0 0 0 -0.000492875 -0.0024047 -0.000619186 -0.0025616 -0.0011734 0 0 0 0 0 0 0 0 0 0 0 0 0 0 0 0 0 0 0 0 
0 0 0 0 0 0 0 0 0 0 0 0 0 0 0 0 0 -0.000201936 -3.10094e-05 0 -0.000391934 -0.00161542 0 0 -5.34625e-05 -0.00116686 0 0 0 0 -0.000809131 -0.00128482 0 0 -0.00101387 -0.00201756 0 0 -0.000959135 -8.85844e-05 0 0 0 0 0 -0.00120145 -0.000421879 0 0 -6.4197e-05 -0.000715642 0 0 0 0 0 0 0 0 0 0 0 0 0 0 0 0 0 0 
0 0 0 0 0 0 0 0 0 0 0 0 0 0 0 0 0 -0.00173138 -0.000213819 0 -0.000390207 -0.00168323 -0.00058589 -0.000354679 0 0 0 -7.11165e-06 -0.00045789 -0.000923596 -0.00123809 -0.00144414 0 0 -0.000533151 -0.0027486 -0.0018408 0 0 0 0 0 -0.000999811 -0.00132552 -1.53511e-05 -1.60161e-05 0 0 0 -0.000265569 -0.00296045 0 0 -0.000939726 -0.00499903 -0.000152356 0 0 0 0 0 0 0 0 0 0 0 0 0 
0 0 0 0 0 0 0 0 0 0 0 0 0 0 0 0 0 -0.00197988 -0.00212293 0 0 -0.00131424 -0.00425939 -0.00180802 -0.00310589 0 0 -0.00171973 -0.00648346 -0.0018904 -0.000937558 -0.00120769 0 0 -0.000717452 -0.00185309 -0.000608348 -4.36309e-06 0 0 0 0 -0.000722568 -0.000957961 -0.00194511 -0.00202938 0 0 -0.00147482 -0.0202168 -0.0129327 -0.00118937 -0.00267213 -0.00130296 -0.00174901 -0.000108956 0 0 0 0 0 0 0 0 0 0 0 0 0 
0 0 0 0 0 0 0 0 0 0 0 0 0 0 0 0 0 -0.000140131 -0.00182358 0 -0.000541764 -0.00110914 0 -5.68037e-05 -0.000457743 -0.00203701 -0.000841058 -0.000901894 -0.00315332 0 -0.000813164 -0.00104745 0 -3.68423e-05 -0.00052042 0 -0.00743945 -0.0018803 0 0 0 0 0 0 -0.000428681 -0.000245687 0 0 -0.00351011 -0.036774 -0.0238329 -0.00107555 -6.3801e-05 -2.96144e-05 0 0 0 0 0 0 0 0 0 0 0 0 0 0 0 
0 0 0 0 0 0 0 0 0 0 0 0 0 0 0 0 0 -0.000616904 -0.00319597 -0.00135419 -0.00223722 -0.00158215 0 0 0 -0.000887403 -0.00493254 -0.004717 -0.000390066 0 0 0 0 -0.000227997 -0.0032206 0 -0.00206272 -0.000341033 0 0 -0.00224624 -0.00174633 0 0 -0.00211776 -0.00190442 -1.37586e-05 0 -0.00051635 -0.000153318 -0.0020404 -0.00043614 0 0 0 0 0 0 0 0 0 0 0 0 0 0 0 0 0 
0 0 0 0 0 0 0 0 0 0 0 0 0 0 -0.00130274 -0.00320026 -0.00608468 -0.000826138 -0.000161766 -0.000570412 -0.000616842 0 0 0 0 -0.000832865 -0.00725346 -0.0026298 0 0 0 0 0 0 0 0 0 0 0 0 -7.47764e-06 -5.81345e-06 0 0 0 -0.00581302 -0.00544279 -0.00108954 0 0 -0.000778624 -0.00145087 0 0 0 0 0 0 0 0 0 0 0 0 0 0 0 0 0 
0 0 0 0 0 0 0 0 0 0 0 0 0 0 -5.91678e-06 -8.66952e-05 -0.00389592 -0.000652312 0 0 0 0 -0.00184531 -0.000419033 0 0 0 0 -0.00341167 -0.00113934 -0.000261297 -5.90462e-05 0 0 0 0 0 0 -0.00144715 -0.000769022 0 0 0 0 0 -0.0011909 -0.0016452 -0.000137557 0 0 -0.000620375 -0.00115599 0 0 0 0 0 0 0 0 0 0 0 0 0 0 0 0 0 
0 0 0 0 0 0 0 0 0 0 0 0 0 0 0 0 0 0 0 0 0 0 -0.00141924 -0.000322281 -0.000866207 -0.00181667 0 0 -0.00254381 -0.000916905 -0.0030062 -0.000679322 0 0 0 0 0 -0.00575212 -0.00152268 -0.000621028 0 0 -0.00347067 -0.000989997 -0.000250927 -0.00114425 -0.00123969 -9.4031e-05 0 0 0 0 0 0 0 0 0 0 0 0 0 0 0 0 0 0 0 0 0 
0 0 0 0 0 0 0 0 0 0 0 0 0 0 0 0 0 0 0 0 0 0 -0.000341919 -0.000365364 -0.000427148 -0.00160299 -0.00106011 0 0 0 0 0 0 0 0 0 0 -0.0734937 -0.00452324 0 0 0 -0.00026282 -0.00388705 -0.0014876 -0.0039844 -0.00263411 -0.000188394 0 0 -0.000781293 -0.00013934 0 -0.00353589 -6.54356e-06 0 0 0 0 0 0 0 0 0 0 0 0 0 0 
0 0 0 0 0 0 0 0 0 0 0 0 0 -0.00145171 -0.00110268 0 0 -0.00263266 -3.17034e-05 -0.000256685 -6.92944e-06 -0.0033258 -0.00519239 -0.00170396 0 -0.000895752 -0.00134285 0 0 0 0 0 0 0 -0.0019604 -0.00153549 0 0 0 0 0 0 0 -0.00088477 -0.00322913 -0.00251215 -0.000151763 0 0 -0.00307006 -0.00651931 -0.00302553 -0.000254751 -0.000462567 -8.5603e-07 0 0 0 0 0 0 0 0 0 0 0 0 0 0 
0 0 0 0 0 0 0 0 0 0 0 0 0 -0.000824903 -0.00062657 0 -0.000176449 -0.00190406 -1.59626e-05 -0.00562267 -0.000439418 -0.0017262 -0.00111948 -1.18895e-05 -0.00257477 0 0 0 0 -0.00246841 -5.35827e-05 0 0 0 -0.000285976 -0.000223991 0 -0.000835733 -0.00311334 -0.00269166 0 0 0 0 -0.0392115 -0.0295723 0 -0.00029162 -0.00216787 -0.0183785 -0.0112477 -0.00108455 -0.000107986 0 -0.00130193 -0.000993583 0 0 0 0 0 0 0 0 0 0 0 0 0 
0 0 0 0 0 0 0 0 0 0 0 0 0 0 0 0 -0.000759785 -0.00254509 -1.14896e-05 -0.00147089 -0.000264877 -0.00164429 -0.000604051 -6.52328e-06 -0.00141268 0 0 0 -0.000238293 -0.00161719 -0.000171875 0 0 0 0 0 0 -7.91826e-05 -0.000367106 -0.000924705 0 0 0 0 -0.00779434 -0.0059695 0 -0.000183352 -0.00136302 -0.0354829 -0.0200546 0 0 0 -0.000970045 -0.0007403 0 0 0 0 0 0 0 0 0 0 0 0 0 
0 0 0 0 0 0 0 0 0 0 0 0 0 0 -2.33577e-05 -0.000470152 -0.000404735 -0.00324892 -0.00069147 -0.00260338 -0.00135274 0 -0.000848283 -0.00273612 0 0 0 0 -0.00338769 -0.00221464 -0.0018659 0 0 -0.00137948 -0.00149229 0 0 0 0 0 0 0 0 0 0 -0.00216476 -0.000829288 -0.000358201 -5.27976e-05 0 0 0 0 0 0 0 0 0 0 0 0 0 0 0 0 0 0 0 0 
0 0 0 0 0 0 0 0 0 0 0 0 0 0 -0.00105705 -0.00489161 -0.00183339 0 -0.00417327 -0.00319827 0 0 -9.97408e-05 -0.000321713 -2.9156e-06 -0.00210161 -0.00062699 -0.000185488 -0.000108284 0 0 -0.0736178 -0.00849255 -0.000561873 -0.000599424 -0.00154291 -0.001645 -0.000145024 -0.00103133 0 0 0 -0.000210792 -0.000863416 -8.33458e-05 -0.00327609 -0.00197455 -0.00313306 -0.000461803 0 0 0 0 0 0 0 0 0 0 0 0 0 0 0 0 0 0 0 0 
0 0 0 0 0 0 0 0 0 0 0 0 0 -0.000779885 -0.00350393 -0.00487981 -0.000475162 0 -0.000414184 -0.000225999 -0.000398348 -0.000551644 0 0 -1.97676e-05 -0.00511441 -0.00075125 -0.00234382 -0.00136827 0 0 -0.00180456 -0.000208173 -0.00250114 -0.00147752 -0.000395876 -0.000422071 -0.00052521 -0.00477402 0 -1.04817e-05 -0.000219296 -0.000575278 -0.00235638 -0.000972196 -0.00271736 0 0 0 0 0 0 0 0 0 0 0 0 0 0 0 0 0 0 0 0 0 0 0 
0 0 0 0 0 0 0 0 0 0 0 0 0 -0.00164235 -0.00144682 -0.00251952 -0.000107393 -0.000925748 -0.000406975 0 -0.00128138 -0.00177449 0 0 0 -0.0020232 -0.00137744 0 0 0 0 0 0 0 0 -0.00139064 -7.81424e-06 -0.000109707 -0.00142643 0 -0.000172252 -0.00360383 0 -0.000671221 -0.000837181 0 0 -0.000427757 -0.000415973 -0.00281929 0 -0.000149597 -0.000165346 0 0 0 0 0 0 0 0 0 0 0 0 0 0 0 0 
0 0 0 0 0 0 0 0 0 0 0 0 0 0 0 0 0 -0.00185684 -0.000816299 -0.000704365 -0.000101517 -2.67409e-05 -0.000512632 0 -0.00225751 -7.13672e-05 0 0 0 0 0 -1.34844e-05 -0.00147732 0 0 -0.00259284 -0.000332801 -0.000472491 0 -0.00119179 -0.00208517 0 0 -0.00111134 -0.00138739 -0.00110865 -0.000212325 -0.00236137 -0.00110215 -0.000885186 0 -0.00175318 -0.00193774 0 0 0 0 0 0 0 0 0 0 0 0 0 0 0 0 
0 0 0 0 0 0 0 0 0 0 0 0 0 0 0 0 0 0 0 -0.00279688 -0.000403102 -0.000171861 -0.00329463 0 -0.00162559 -5.13901e-05 0 -2.64782e-05 -1.33029e-05 0 0 -2.27489e-05 -0.00249231 0 0 0 -0.00129395 -0.00192119 0 -0.000763745 -0.000488229 0 -0.00206252 -0.000339021 -0.0008935 -0.00536227 -0.000433708 -0.0015735 -0.000478827 -0.0025584 0 0 0 0 0 0 0 0 0 0 0 0 0 0 0 0 0 0 0 
0 0 0 0 0 0 0 0 0 0 0 0 0 0 0 0 -0.0019948 -0.00176384 0 0 -0.000762903 -0.00236874 -0.00146653 0 0 0 0 -0.00543407 -0.00208795 0 0 -0.00092179 -3.93819e-05 -7.62131e-05 -0.00135204 -5.899e-05 0 0 0 -0.00332018 -0.000162606 0 -0.00137785 -0.00022648 -0.000198763 -0.000331964 0 -0.00217945 -0.000283549 -0.000937994 -0.00138613 -0.00124941 0 0 0 0 0 0 0 0 0 0 0 0 0 0 0 0 0 
0 0 0 0 0 0 0 0 0 0 0 0 0 0 0 0 -0.000131204 -0.000116014 0 0 -0.00128461 -0.00170381 -0.00042513 -0.00141109 -0.00134908 0 -0.00291692 -0.00126455 -9.63745e-05 -0.000666387 -0.00136061 -0.00291994 -0.000546151 -0.000626576 -0.00574072 -0.000587855 0 0 0 0 -0.0355092 -0.00853349 -0.00505293 0 -0.00130148 -0.00217366 0 -0.000680369 -0.000987625 -0.000128163 -0.00121813 -0.000649618 0 0 0 0 0 0 0 0 0 0 0 0 0 0 0 0 0 
0 0 0 0 0 0 0 0 0 0 0 0 0 0 0 0 0 0 -0.00228242 -0.00118231 -0.00259662 -0.00218728 -0.000719858 -0.000636841 -0.000608856 0 -0.000805666 -0.00232038 0 -0.000650561 -0.0013283 0 -0.00269798 -0.00379691 0 -0.00129104 -0.000520352 0 0 0 -0.0347922 -0.00714546 -0.00110151 0 -0.00211781 -6.91104e-05 0 -0.000953608 -0.00138426 -0.00143103 -0.00403652 0 0 0 0 0 0 0 0 0 0 0 0 0 0 0 0 0 0 
0 0 0 0 0 0 0 0 0 0 0 0 0 0 0 0 0 0 -0.00117197 -0.000739753 -0.00143953 -0.00154874 -0.00215495 0 0 0 -0.000691201 -0.00122879 0 0 0 0 -0.000226469 -0.000438294 0 -0.00156407 -0.000630396 0 0 0 0 0 0 0 -0.00176145 -5.74814e-05 -0.000622298 -0.00162031 0 -0.000678837 -0.00123974 0 0 0 0 0 0 0 0 0 0 0 0 0 0 0 0 0 0 
0 0 0 0 0 0 0 0 0 0 0 0 0 0 0 0 0 0 0 0 0 -0.0020945 -0.00306819 -0.000147795 0 0 -0.00164352 -0.00150011 0 0 0 -0.00171482 -0.00206014 -0.000677184 -0.000668096 -0.00091566 -0.000132426 -0.00330726 0 0 0 0 0 0 0 -0.00278058 -0.00358203 -0.00311154 0 0 0 0 0 0 0 0 0 0 0 0 0 0 0 0 0 0 0 0 0 
0 0 0 0 0 0 0 0 0 0 0 0 0 0 0 0 0 0 0 0 0 -0.000387681 -0.00393346 -0.0024381 -0.000734291 -0.00382994 -0.0431756 0 -0.0024683 -0.000733721 0 -0.00010489 -0.000952804 -0.00413539 -0.00171817 -0.00255933 -0.000573498 -0.000544381 0 0 0 0 -0.000862692 -0.000828828 0 -0.000225764 -7.50594e-05 0 0 0 0 0 0 0 0 0 0 0 0 0 0 0 0 0 0 0 0 0 0 
0 0 0 0 0 0 0 0 0 0 0 0 0 0 0 0 0 0 0 0 0 0 -0.0043431 -0.00246751 -0.000414672 -0.00788375 -0.0365794 0 -0.000619647 -0.000184195 0 0 -0.00187757 -0.00177335 0 -0.00114353 -0.00199428 0 0 0 0 0 -0.00218943 -0.00413077 0 0 0 0 0 0 0 0 0 0 0 0 0 0 0 0 0 0 0 0 0 0 0 0 0 
0 0 0 0 0 0 0 0 0 0 0 0 0 0 0 0 0 0 0 0 0 0 0 -0.000114108 -0.00152585 -0.000587919 -0.000418651 0 0 0 0 0 -0.000700228 -0.000488022 0 0 0 0 0 -0.000401549 -0.0028842 -0.00108991 0 0 0 0 0 0 0 0 0 0 0 0 0 0 0 0 0 0 0 0 0 0 0 0 0 0 0 
0 0 0 0 0 0 0 0 0 0 0 0 0 0 0 0 0 0 0 0 0 0 0 -0.00016462 -0.00220128 -0.000161963 -0.00350342 -0.00234382 -0.00119035 0 0 0 0 0 0 0 0 0 0 -0.00121513 -0.00565826 -0.000755776 0 0 0 0 0 0 0 0 0 0 0 0 0 0 0 0 0 0 0 0 0 0 0 0 0 0 0 
0 0 0 0 0 0 0 0 0 0 0 0 0 0 0 0 0 0 0 0 0 0 0 0 0 0 0 -0.000312822 -0.000158872 0 0 0 0 0 0 0 0 0 0 0 -1.0978e-05 -1.76926e-06 0 0 0 0 0 0 0 0 0 0 0 0 0 0 0 0 0 0 0 0 0 0 0 0 0 0 0 
0 0 0 0 0 0 0 0 0 0 0 0 0 0 0 0 0 0 0 0 0 0 0 0 0 0 0 0 0 0 0 0 0 0 0 0 0 0 0 0 0 0 0 0 0 0 0 0 0 0 0 0 0 0 0 0 0 0 0 0 0 0 0 0 0 0 0 0 0 
0 0 0 0 0 0 0 0 0 0 0 0 0 0 0 0 0 0 0 0 0 0 0 0 0 0 0 0 0 0 0 0 0 0 0 0 0 0 0 0 0 0 0 0 0 0 0 0 0 0 0 0 0 0 0 0 0 0 0 0 0 0 0 0 0 0 0 0 0 
0 0 0 0 0 0 0 0 0 0 0 0 0 0 0 0 0 0 0 0 0 0 0 0 0 0 0 0 0 0 0 0 0 0 0 0 0 0 0 0 0 0 0 0 0 0 0 0 0 0 0 0 0 0 0 0 0 0 0 0 0 0 0 0 0 0 0 0 0 
0 0 0 0 0 0 0 0 0 0 0 0 0 0 0 0 0 0 0 0 0 0 0 0 0 0 0 0 0 0 0 0 0 0 0 0 0 0 0 0 0 0 0 0 0 0 0 0 0 0 0 0 0 0 0 0 0 0 0 0 0 0 0 0 0 0 0 0 0 
0 0 0 0 0 0 0 0 0 0 0 0 0 0 0 0 0 0 0 0 0 0 0 0 0 0 0 0 0 0 0 0 0 0 0 0 0 0 0 0 0 0 0 0 0 0 0 0 0 0 0 0 0 0 0 0 0 0 0 0 0 0 0 0 0 0 0 0 0 
0 0 0 0 0 0 0 0 0 0 0 0 0 0 0 0 0 0 0 0 0 0 0 0 0 0 0 0 0 0 0 0 0 0 0 0 0 0 0 0 0 0 0 0 0 0 0 0 0 0 0 0 0 0 0 0 0 0 0 0 0 0 0 0 0 0 0 0 0 
0 0 0 0 0 0 0 0 0 0 0 0 0 0 0 0 0 0 0 0 0 0 0 0 0 0 0 0 0 0 0 0 0 0 0 0 0 0 0 0 0 0 0 0 0 0 0 0 0 0 0 0 0 0 0 0 0 0 0 0 0 0 0 0 0 0 0 0 0 
0 0 0 0 0 0 0 0 0 0 0 0 0 0 0 0 0 0 0 0 0 0 0 0 0 0 0 0 0 0 0 0 0 0 0 0 0 0 0 0 0 0 0 0 0 0 0 0 0 0 0 0 0 0 0 0 0 0 0 0 0 0 0 0 0 0 0 0 0 
0 0 0 0 0 0 0 0 0 0 0 0 0 0 0 0 0 0 0 0 0 0 0 0 0 0 0 0 0 0 0 0 0 0 0 0 0 0 0 0 0 0 0 0 0 0 0 0 0 0 0 0 0 0 0 0 0 0 0 0 0 0 0 0 0 0 0 0 0 
0 0 0 0 0 0 0 0 0 0 0 0 0 0 0 0 0 0 0 0 0 0 0 0 0 0 0 0 0 0 0 0 0 0 0 0 0 0 0 0 0 0 0 0 0 0 0 0 0 0 0 0 0 0 0 0 0 0 0 0 0 0 0 0 0 0 0 0 0 
0 0 0 0 0 0 0 0 0 0 0 0 0 0 0 0 0 0 0 0 0 0 0 0 0 0 0 0 0 0 0 0 0 0 0 0 0 0 0 0 0 0 0 0 0 0 0 0 0 0 0 0 0 0 0 0 0 0 0 0 0 0 0 0 0 0 0 0 0 
0 0 0 0 0 0 0 0 0 0 0 0 0 0 0 0 0 0 0 0 0 0 0 0 0 0 0 0 0 0 0 0 0 0 0 0 0 0 0 0 0 0 0 0 0 0 0 0 0 0 0 0 0 0 0 0 0 0 0 0 0 0 0 0 0 0 0 0 0 
