0 0 0 0 0 0 0 0 0 0 0 0 0 0 0 0 0 0 0 0 0 0 0 0 0 0 0 0 0 0 0 0 0 0 0 0 0 0 0 0 0 0 0 0 0 0 0 0 0 0 0 0 0 0 0 0 0 0 0 0 0 0 0 0 0 0 0 0 0 
0 0 0 0 0 0 0 0 0 0 0 0 0 0 0 0 0 0 0 0 0 0 0 0 0 0 0 0 0 0 0 0 0 0 0 0 0 0 0 0 0 0 0 0 0 0 0 0 0 0 0 0 0 0 0 0 0 0 0 0 0 0 0 0 0 0 0 0 0 
0 0 0 0 0 0 0 0 0 0 0 0 0 0 0 0 0 0 0 0 0 0 0 0 0 0 0 0 0 0 0 0 0 0 0 0 0 0 0 0 0 0 0 0 0 0 0 0 0 0 0 0 0 0 0 0 0 0 0 0 0 0 0 0 0 0 0 0 0 
0 0 0 0 0 0 0 0 0 0 0 0 0 0 0 0 0 0 0 0 0 0 0 0 0 0 0 0 0 0 0 0 0 0 0 0 0 0 0 0 0 0 0 0 0 0 0 0 0 0 0 0 0 0 0 0 0 0 0 0 0 0 0 0 0 0 0 0 0 
0 0 0 0 0 0 0 0 0 0 0 0 0 0 0 0 0 0 0 0 0 0 0 0 0 0 0 0 0 0 0 0 0 0 0 0 0 0 0 0 0 0 0 0 0 0 0 0 0 0 0 0 0 0 0 0 0 0 0 0 0 0 0 0 0 0 0 0 0 
0 0 0 0 0 0 0 0 0 0 0 0 0 0 0 0 0 0 0 0 0 0 0 0 0 0 0 0 0 0 0 0 0 0 0 0 0 0 0 0 0 0 0 0 0 0 0 0 0 0 0 0 0 0 0 0 0 0 0 0 0 0 0 0 0 0 0 0 0 
0 0 0 0 0 0 0 0 0 0 0 0 0 0 0 0 0 0 0 0 0 0 0 0 0 0 0 0 0 0 0 0 0 0 0 0 0 0 0 0 0 0 0 0 0 0 0 0 0 0 0 0 0 0 0 0 0 0 0 0 0 0 0 0 0 0 0 0 0 
0 0 0 0 0 0 0 0 0 0 0 0 0 0 0 0 0 0 0 0 0 0 0 0 0 0 0 0 0 0 0 0 0 0 0 0 0 0 0 0 0 0 0 0 0 0 0 0 0 0 0 0 0 0 0 0 0 0 0 0 0 0 0 0 0 0 0 0 0 
0 0 0 0 0 0 0 0 0 0 0 0 0 0 0 0 0 0 0 0 0 0 0 0 0 0 0 0 0 0 0 0 0 0 0 0 0 0 0 0 0 0 0 0 0 0 0 0 0 0 0 0 0 0 0 0 0 0 0 0 0 0 0 0 0 0 0 0 0 
0 0 0 0 0 0 0 0 0 0 0 0 0 0 0 0 0 0 0 0 0 0 0 0 0 0 0 0 0 0 0 0 0 0 0 0 0 0 0 0 0 0 0 0 0 0 0 0 0 0 0 0 0 0 0 0 0 0 0 0 0 0 0 0 0 0 0 0 0 
0 0 0 0 0 0 0 0 0 0 0 0 0 0 0 0 0 0 0 0 0 0 0 0 0 0 0 0 0 0 0 0 0 0 0 0 0 0 0 0 0 0 0 0 0 0 0 0 0 0 0 0 0 0 0 0 0 0 0 0 0 0 0 0 0 0 0 0 0 
0 0 0 0 0 0 0 0 0 0 0 0 0 0 0 0 0 0 0 0 0 0 0 0 0 0 0 0 0 0 0 0 0 0 0 0 0 0 0 0 0 0 0 0 0 0 0 0 0 0 0 0 0 0 0 0 0 0 0 0 0 0 0 0 0 0 0 0 0 
0 0 0 0 0 0 0 0 0 0 0 0 0 0 0 0 0 0 0 0 0 0 0 0 0 0 0 -0.000668114 -0.000736127 0 0 0 0 0 0 -0.000112534 -0.00128967 0 0 0 0 0 0 0 0 0 0 0 0 0 0 0 0 0 0 0 0 0 0 0 0 0 0 0 0 0 0 0 0 
0 0 0 0 0 0 0 0 0 0 0 0 0 0 0 0 0 0 0 0 0 0 0 0 0 0 0 -0.00123781 -0.00136381 -0.00267358 -0.00279596 -0.0013317 0 0 0 -0.000208958 -0.0023947 0 0 0 0 0 0 0 0 0 0 0 0 0 0 0 0 0 0 0 0 0 0 0 0 0 0 0 0 0 0 0 0 
0 0 0 0 0 0 0 0 0 0 0 0 0 0 0 0 0 0 0 0 0 0 0 0 0 0 0 0 0 -3.28831e-05 -0.00063359 -0.000544008 -0.00270601 -0.00117049 0 0 0 0 0 0 0 0 0 0 0 0 0 0 0 0 0 0 0 0 0 0 0 0 0 0 0 0 0 0 0 0 0 0 0 
0 0 0 0 0 0 0 0 0 0 0 0 0 0 0 0 0 0 0 0 0 0 0 0 0 0 -0.00141884 -0.00183883 0 0 0 0 -0.000368977 -0.00108249 0 0 0 0 -0.00143262 -0.00255132 0 0 0 0 0 0 0 0 0 0 0 0 0 0 0 0 0 0 0 0 0 0 0 0 0 0 0 0 0 
0 0 0 0 0 0 0 0 0 0 0 0 0 0 0 0 0 0 0 0 0 0 0 0 0 0 -0.000325866 -0.000422324 0 0 0 -0.000869164 -0.000777464 -0.00211808 0 0 0 0 -7.88265e-06 -1.4038e-05 0 0 0 0 0 0 0 0 0 0 0 0 0 0 0 0 0 0 0 0 0 0 0 0 0 0 0 0 0 
0 0 0 0 0 0 0 0 0 0 0 0 0 0 0 0 0 0 0 0 0 0 0 -0.0021272 -0.00133221 -0.0158023 -0.00187158 0 0 0 0 -0.00235187 -0.000573052 -0.00027733 -0.000236458 0 0 0 0 0 0 0 0 0 0 0 0 0 0 0 0 0 0 0 0 0 0 0 0 0 0 0 0 0 0 0 0 0 0 
0 0 0 0 0 0 0 0 0 0 0 0 0 0 0 0 0 0 0 0 0 0 0 -0.00206288 -0.00248943 -0.0737392 -0.00873348 0 0 0 -0.000814752 -1.45468e-05 0 -0.00188493 -0.00248944 -0.00094259 0 0 0 0 0 0 -3.88782e-05 -0.000870108 -0.000790786 -0.00255617 -0.000620409 -0.000971155 0 0 0 0 0 0 0 0 0 0 0 0 0 0 0 0 0 0 0 0 0 
0 0 0 0 0 0 0 0 0 0 0 0 0 0 0 0 0 0 0 0 0 0 0 0 0 0 -0.000141079 -0.000282634 -2.30421e-05 0 -0.00312084 -5.57204e-05 0 0 -0.00206157 -0.00406775 0 0 0 -0.000596723 -0.000163026 -0.000718652 -0.000518697 -0.00303891 -0.00015568 -0.000503227 -0.00094112 -0.00147318 0 0 0 0 0 0 0 0 0 0 0 0 0 0 0 0 0 0 0 0 0 
0 0 0 0 0 0 0 0 0 0 0 0 0 0 0 0 0 0 0 0 0 0 0 0 0 0 -0.00131838 -0.004719 -0.00152758 0 0 0 0 -4.56255e-05 -0.00258307 -0.00156588 -0.000369634 -0.00082352 0 -0.00254957 -0.000696546 -0.00303035 -0.00483683 -0.00112062 0 0 0 0 0 0 0 0 0 0 0 0 0 0 0 0 0 0 0 0 0 0 0 0 0 
0 0 0 0 0 0 0 0 0 0 0 0 0 0 0 0 0 0 0 0 0 0 0 0 0 0 0 0 -0.000230576 -0.00169056 -0.00054293 -0.00205165 -0.000675525 -0.00134746 -0.00260149 -0.000963928 -0.0034956 -0.00194134 0 -0.000267183 -0.00034968 0 -0.00144699 -0.000403404 0 0 0 0 0 0 0 0 0 0 0 0 0 0 0 0 0 0 0 0 0 0 0 0 0 
0 0 0 0 0 0 0 0 0 0 0 0 0 0 0 0 0 0 0 0 0 0 0 0 0 -0.00262458 -0.000844811 0 -0.000250209 -0.00183451 -0.000334627 -0.00166468 -0.00274231 0 -0.00174201 -0.00222677 -0.000380485 0 0 -0.00146788 -0.00249181 -0.00147864 0 0 0 0 0 0 0 0 0 0 0 0 0 0 0 0 0 0 0 0 0 0 0 0 0 0 0 
0 0 0 0 0 0 0 0 0 0 0 0 0 0 0 0 0 0 0 0 0 0 -0.000133544 -0.0033261 -0.000337235 -0.00180342 -0.000130632 0 -0.00194596 -9.88861e-05 -0.000254829 -0.00107525 -0.00183725 -0.00229905 -0.00092139 -0.00341003 -7.01408e-08 -1.59368e-08 0 0 -0.00112121 -0.00212459 0 0 0 0 0 0 0 0 0 0 0 0 0 0 0 0 0 0 0 0 0 0 0 0 0 0 0 
0 0 0 0 0 0 0 0 0 0 0 0 0 0 0 0 0 0 -2.46758e-05 -0.000154861 0 0 -2.10845e-05 -0.000525137 -0.000441473 -0.00182957 0 0 -0.00186618 -9.48317e-05 -0.000685097 -0.00246037 -0.00169893 -0.000693139 -0.000253002 -0.000435106 -0.00326413 -0.000741646 0 0 -0.00121442 -0.00150216 0 -0.00153007 -0.00187517 0 0 0 0 0 0 0 0 0 0 0 0 0 0 0 0 0 0 0 0 0 0 0 0 
0 0 0 0 0 0 0 0 0 0 0 0 0 0 0 0 0 -6.39271e-05 -0.00302491 -0.00330043 0 0 0 0 -0.00125816 -0.00204589 0 0 0 0 0 0 -0.0017315 -0.000311398 0 -0.000850567 -0.00143956 -8.05013e-05 -0.000360891 0 0 0 0 -0.00314864 -0.000957284 0 0 0 0 0 -0.000143516 -0.00137338 -0.000292088 0 0 0 0 0 0 0 0 0 0 0 0 0 0 0 0 
0 0 0 0 0 0 0 0 0 0 0 0 0 0 0 0 0 -3.59904e-05 -0.00140693 0 0 0 -0.000701011 -0.00224377 -0.000267245 -0.000434564 0 0 0 0 -0.000718062 -0.000479969 -0.00166375 -0.000299213 0 -0.000637232 -0.0010785 -0.000650089 -0.00291438 -0.00112143 -0.000513259 -0.000353419 -0.00024185 -0.000411088 -8.94701e-05 0 0 0 -0.000963783 -0.0023086 -0.000314125 -0.00406388 -0.00182473 0 0 0 0 0 0 0 0 0 0 0 0 0 0 0 0 
0 0 0 0 0 0 0 0 0 0 0 0 0 0 0 0 0 -0.000547475 -0.00199942 0 -0.0015908 -0.000160126 -0.000252591 -0.000808485 0 0 0 0 0 0 -0.00168293 -0.00112491 0 -0.00287682 -0.000709369 0 0 0 0 -0.00162667 -0.000744502 -0.00202491 -0.00138568 -0.00132378 -0.000563189 0 0 0 -0.000216024 -0.000517454 0 0 0 0 0 0 0 0 0 0 0 0 0 0 0 0 0 0 0 
0 0 0 0 0 0 0 0 0 0 0 0 0 0 0 0 0 -0.000313615 -0.00114535 -0.00300638 -0.00293528 -0.000206219 0 0 0 0 0 0 -3.05293e-05 -0.000479347 -0.000601778 0 0 -0.000336657 -8.30131e-05 -0.000466787 -0.00205073 0 0 0 0 0 -0.00217071 -0.00165078 -0.00063241 -0.00154102 -0.00131331 -0.00102241 -0.00221935 -0.00153497 -0.000322602 0 0 0 0 0 0 0 0 0 0 0 0 0 0 0 0 0 0 
0 0 0 0 0 0 0 0 0 0 0 0 0 0 -0.000235389 -0.00293965 0 0 -0.000919584 -0.000766538 -2.57179e-05 -1.52504e-05 -0.000506919 -0.00174945 -0.00538578 -0.00209103 -0.00258943 0 -0.00221757 -0.00408309 -0.00177813 0 -0.000745747 -0.000986448 0 -0.000275963 -0.00121238 0 0 0 0 0 -0.00155328 -0.000117566 -7.38144e-06 -0.00163453 -0.0451723 -0.0533911 -0.003153 -0.0017752 -0.00037309 0 0 0 0 0 0 0 0 0 0 0 0 0 0 0 0 0 0 
0 0 0 0 0 0 0 0 0 0 0 0 0 0 -6.15948e-05 -0.000769225 0 0 -0.00138431 -0.00114565 -0.000110006 -0.000101744 -0.00338195 -0.000322989 -0.00372509 -0.00146962 -1.37492e-05 0 0 -0.00258776 -0.000239394 0 -0.000978862 -0.00171382 -0.000154675 0 0 0 0 -0.000134384 -0.000976481 0 0 0 -5.08996e-05 -0.00481809 -0.00557325 -0.00428503 0 0 0 0 0 0 0 0 0 0 0 0 0 0 0 0 0 0 0 0 0 
0 0 0 0 0 0 0 0 0 0 0 0 0 0 0 0 -0.00274203 -0.00104576 0 -0.00199169 -0.00178116 0 0 -0.000220187 -0.00246198 0 0 0 0 -0.00309443 -0.000188721 0 -0.000249633 -0.00298743 -0.000925361 0 0 0 0 -0.000350215 -0.00254478 -0.000740932 -0.00194655 0 0 0 0 0 0 0 0 -0.00120384 -0.00175554 0 0 0 0 0 0 0 0 0 0 0 0 0 0 0 0 
0 0 0 0 0 0 0 0 0 0 0 0 0 0 0 0 -0.000157866 -6.02072e-05 0 -0.000143471 -0.00139585 0 0 0 0 0 0 -0.00195334 -0.000454233 -0.000741772 -7.46253e-05 0 -0.00111974 -0.0021598 -0.000126974 -1.12454e-05 0 0 0 0 0 -0.000363473 -0.000954905 0 0 0 0 0 0 0 0 -0.000425697 -0.000620784 0 0 0 0 0 0 0 0 0 0 0 0 0 0 0 0 
0 0 0 0 0 0 0 0 0 0 0 0 0 0 0 0 -0.000642766 -0.000371177 0 -0.000229893 -0.00223665 -0.000369695 -0.000816091 -0.000684452 -9.28567e-06 0 -0.00459407 -0.00390412 -0.000301547 -0.00253072 -0.00138145 0 0 -0.00131441 -0.00744397 -0.000340514 0 -0.00107031 -0.00260719 0 0 -0.000518895 -0.00248106 -0.000320237 -0.0024029 -0.000997779 0 0 0 0 0 0 0 0 -0.000584282 -0.000897273 0 0 0 0 0 0 0 0 0 0 0 0 0 
0 0 0 0 0 0 0 0 0 0 0 0 0 0 0 0 -0.00189666 -0.00227738 -0.000594559 0 0 -0.004447 -0.00214643 -0.00326779 -4.43327e-05 0 -0.00183721 -0.00297894 0 0 0 0 -0.000245904 -0.000594931 -0.00232477 0 0 -9.55673e-05 -0.000232794 0 0 -0.000176069 -0.00173898 -0.00741693 -0.00366068 -0.000247084 0 0 -0.00331119 -0.0063979 -0.0301384 0 0 0 -0.000995513 -0.00152879 0 0 0 0 0 0 0 0 0 0 0 0 0 
0 0 0 0 0 0 0 0 0 0 0 0 0 0 0 0 0 -0.00148319 -0.000745988 0 -0.000796137 -0.00100325 -1.26669e-05 0 -0.00166135 -0.00216413 -0.0038464 -0.000284965 0 0 0 0 -0.00228588 -0.0013309 0 0 0 0 0 0 0 0 0 -0.000218839 -0.000914065 0 0 -0.000130184 -0.00225646 -0.0105372 -0.0539499 -0.002403 -0.000611864 0 0 0 0 0 0 0 0 0 0 0 0 0 0 0 0 
0 0 0 0 0 0 0 0 0 0 0 0 0 0 0 0 0 -0.0015287 -0.00210452 -0.00175116 -0.00237713 -0.00120338 0 0 -0.000706592 -0.00286732 -0.00771915 -0.000305846 0 0 0 0 0 0 -6.25816e-05 -8.56951e-05 0 0 0 0 -0.00212346 -0.00149924 0 -0.000497795 -0.00244385 0 0 -9.36614e-05 -0.00226589 -0.00639494 0 -0.000789874 -0.000201122 0 0 0 0 0 0 0 0 0 0 0 0 0 0 0 0 
0 0 0 0 0 0 0 0 0 0 0 0 0 0 -0.000454288 -0.00135397 -0.00308757 -0.000844439 -0.000215851 -0.0006633 -0.00043719 0 0 0 0 -0.00117009 -0.00330933 -0.000819335 -0.00265688 -0.000159977 -0.000109449 0 0 0 -0.00162813 -0.00222945 -0.0175394 -0.0137101 0 -0.000944533 -0.000312016 -0.000158573 -0.00163479 -0.00361593 0 -0.00793241 -0.0107974 -3.54963e-05 -0.000539749 -0.00175286 -0.00023867 -0.00149441 0 0 0 0 0 0 0 0 0 0 0 0 0 0 0 0 0 
0 0 0 0 0 0 0 0 0 0 0 0 0 0 -0.000802761 -0.00211909 -0.00578992 -0.00172819 0 0 0 -0.000256863 -0.00126828 0 0 0 0 -0.000859457 -0.00367605 -0.00221858 -0.00151786 0 0 0 0 0 -0.0386699 -0.0302272 0 -0.00272198 -0.00311932 -6.14531e-05 -0.00228164 -0.000908224 -0.00168264 -0.0332525 -0.04745 -0.00147989 -0.000662548 -0.00446225 -0.000489113 -0.00195979 0 0 0 0 0 0 0 0 0 0 0 0 0 0 0 0 0 
0 0 0 0 0 0 0 0 0 0 0 0 0 0 0 0 0 0 0 0 0 -0.000417801 -0.00206292 0 -0.00114248 -0.00177767 0 0 0 0 0 0 0 0 0 0 0 0 0 0 -0.00105442 -2.2598e-05 0 -0.000384759 -0.00382753 -0.000751532 0 0 -0.000371246 -0.00127076 -6.77159e-05 -0.000303731 -0.00137304 0 0 0 0 0 0 0 0 0 0 0 0 0 0 0 0 
0 0 0 0 0 0 0 0 0 0 0 0 0 0 0 0 0 0 0 0 0 0 -0.000632026 -0.000505277 -0.000424773 -0.0012738 -0.00180605 0 0 0 0 0 0 0 0 -0.00278158 -0.00069401 0 0 0 0 0 0 0 -0.000707125 -0.000229267 0 0 -0.00211885 -0.00128978 0 -0.000421894 -0.0019072 -0.000546973 -0.00329994 0 0 0 0 0 0 0 0 0 0 0 0 0 0 
0 0 0 0 0 0 0 0 0 0 0 0 0 -0.000531718 -0.000680501 0 -7.27401e-05 -0.000504227 0 0 0 -0.00299199 -0.00446026 -0.00127443 0 -0.000402075 -0.00118488 0 0 0 0 0 0 -0.00241692 -3.79855e-05 -0.000424384 -0.000105885 0 0 0 0 0 0 0 0 -0.000228839 -0.00292389 0 0 0 -0.00250349 -0.00135133 -6.74324e-05 -2.26001e-05 -0.000136349 0 0 0 0 0 0 0 0 0 0 0 0 0 0 
0 0 0 0 0 0 0 0 0 0 0 0 0 -0.00122538 -0.00156826 0 -0.000432292 -0.0029966 -0.000358372 -0.00393972 -0.000317523 -0.00171435 -0.00263465 0 -0.00235791 -0.00126966 0 0 -9.50231e-05 -0.000122625 0 0 0 -0.00152696 -0.000219089 -0.00374489 0 -0.00219967 -0.00171112 -0.000430082 -0.00220855 0 0 0 0 -6.19244e-05 -0.00260827 -0.00114189 -0.00222156 -0.000137773 -0.000492986 -0.000880663 -0.00323765 0 0 0 0 0 0 0 0 0 0 0 0 0 0 0 0 
0 0 0 0 0 0 0 0 0 0 0 0 0 0 0 0 -6.4305e-05 -0.00224636 -9.95206e-05 -0.00275664 -0.00097543 -0.000416492 -0.00139397 0 -0.000245889 -0.000132403 0 0 -0.0016539 -0.00213431 0 0 -0.0262995 -0.012982 -3.26203e-06 -6.26169e-05 0 -5.34722e-05 -4.15958e-05 -0.000222849 -0.00470216 -0.000190562 -0.00108758 -0.00204864 0 0 -0.000747019 -0.0016246 -0.00420464 -0.000123032 -0.00257188 -0.000912154 0 -0.00312381 -0.000870958 0 0 0 0 0 0 0 0 0 0 0 0 0 0 
0 0 0 0 0 0 0 0 0 0 0 0 0 0 0 0 -4.71769e-05 -0.00212072 -0.00183594 -1.40975e-05 -0.00355629 0 0 -0.00212602 -0.00171095 0 0 0 -8.50497e-05 -0.000295188 0 0 -0.0407499 -0.0201151 0 0 0 -0.00103042 -0.000980747 0 -0.000244426 -1.30919e-05 -0.000301575 -0.00154492 -0.000315678 0 0 -0.00031795 -0.00222208 0 -3.15323e-06 -0.000334265 -3.50167e-05 -0.0005785 -2.41867e-06 0 0 0 0 0 0 0 0 0 0 0 0 0 0 
0 0 0 0 0 0 0 0 0 0 0 0 0 0 0 -0.00116122 -0.0032315 -0.000600302 -0.00134971 -0.00371697 -0.00320424 0 0 -9.35788e-05 -7.53089e-05 -3.29718e-05 -0.00148614 0 -0.000810963 -0.00281466 0 -0.00224457 -0.000319911 0 0 -0.000842164 -0.000186602 -0.00102198 -0.000972711 -0.00063334 -0.000272929 -0.00169594 -0.0011849 -0.00205065 -0.000662682 0 0 -0.000385317 -0.00213852 0 -3.42823e-05 -0.00363416 -0.000218043 -0.00473377 0 0 0 0 0 0 0 0 0 0 0 0 0 0 0 
0 0 0 0 0 0 0 0 0 0 0 0 0 0 0 -0.0034138 -0.00436514 -0.00110432 0 -0.000779955 -0.000310559 -0.000323605 -0.000728348 0 0 -0.0003837 -0.00604967 -0.000527141 -4.2986e-05 -0.00364701 0 -0.00126157 -0.000179807 0 0 -0.0024371 -0.000539999 0 0 -0.00216613 -0.000933464 -0.000662298 -0.000757591 -0.00373745 0 0 0 -0.000562345 -0.00238551 0 0 0 -3.34736e-05 -0.0024216 0 0 0 0 0 0 0 0 0 0 0 0 0 0 0 
0 0 0 0 0 0 0 0 0 0 0 0 0 0 -0.000655716 -0.00379784 -0.00356089 -0.00118019 -1.54528e-05 -0.000262149 0 -0.000908689 -0.00204522 0 0 -2.411e-05 -0.0011907 -0.00232315 -3.67964e-06 -0.000312187 0 0 0 0 0 0 -6.58992e-07 -0.0021694 -0.000366522 0 0 0 -0.000353921 -0.00362549 -0.0596745 -0.025795 0 0 0 -0.000298849 -0.00378215 -0.00241467 0 0 0 0 0 0 0 0 0 0 0 0 0 0 0 0 0 
0 0 0 0 0 0 0 0 0 0 0 0 0 0 -0.000319269 -0.000992492 0 0 -0.000207535 -0.00352072 0 0 0 -0.000234653 -3.16652e-05 -0.00164279 -0.000497017 0 -5.05678e-05 -0.000699174 0 0 0 0 -0.00217283 -0.000305186 -1.20621e-06 -0.00453102 -0.000942913 0 0 0 -0.00107657 -0.000708614 -0.0102474 -0.00442958 0 0 0 -0.00236975 -0.00286952 -0.000282637 0 0 0 0 0 0 0 0 0 0 0 0 0 0 0 0 0 
0 0 0 0 0 0 0 0 0 0 0 0 0 0 0 0 0 0 0 0 -0.000598764 -0.00253551 0 -0.00329491 -0.000444631 -0.00143262 -0.00043343 0 -0.00106039 -0.00620159 0 0 -0.00242399 -0.00156087 -0.00133968 -0.000913335 -0.00565014 -0.000162147 -4.97301e-05 -0.00311208 0 0 -0.0013392 -0.00088148 0 0 0 0 0 0 0 0 0 0 0 0 0 0 0 0 0 0 0 0 0 0 0 0 0 
0 0 0 0 0 0 0 0 0 0 0 0 0 0 0 0 0 0 -0.00158945 -0.00123053 -0.000166506 -0.000705083 -6.15075e-05 -0.00216758 0 0 0 -0.0009856 -0.00109518 0 0 0 -1.27714e-05 -8.22381e-06 0 -5.4439e-05 -0.00135093 -6.88972e-05 -1.32756e-05 -0.000830778 0 -0.00105599 -0.00128675 0 0 0 0 -0.00415014 -0.00110807 0 0 0 0 0 0 0 0 0 0 0 0 0 0 0 0 0 0 0 0 
0 0 0 0 0 0 0 0 0 0 0 0 0 0 0 0 0 0 -0.000668406 -0.000517473 0 0 -0.00237979 -0.00248878 0 -0.00206985 -0.000358888 -0.00149321 -0.00304488 -0.000498649 -0.00195683 0 0 0 -9.81277e-06 -0.00356819 -0.000122814 -0.00276604 -0.00157786 -0.00308094 -0.000506328 -0.000776923 -0.000913473 0 0 0 0 -0.00199235 -0.000761163 0 0 0 0 0 0 0 0 0 0 0 0 0 0 0 0 0 0 0 0 
0 0 0 0 0 0 0 0 0 0 0 0 0 0 0 0 0 0 0 0 -7.64669e-05 -7.21595e-05 -0.000689075 -0.00110336 -0.000139668 -0.00134408 -0.000233048 -0.000309892 -0.00108296 -0.000463339 -0.00213975 0 0 0 -1.17343e-06 -0.000426689 -0.000847578 -0.00398661 -0.000237848 -5.16619e-05 -0.0032948 -0.000177463 0 0 -0.000404227 -0.000882669 0 0 0 0 0 0 0 0 0 0 0 0 0 0 0 0 0 0 0 0 0 0 0 
0 0 0 0 0 0 0 0 0 0 0 0 0 0 0 0 0 0 0 0 -0.00198451 -0.00187272 -0.00258326 -0.00360332 -0.00322316 -0.000786989 0 0 0 -0.00724463 -0.0133603 0 -0.000211045 -0.00018781 0 0 -0.000403677 -0.00294841 0 0 0 0 0 -1.57761e-05 -0.00333798 -0.00287157 0 0 0 0 0 0 0 0 0 0 0 0 0 0 0 0 0 0 0 0 0 0 0 
0 0 0 0 0 0 0 0 0 0 0 0 0 0 0 0 0 0 0 0 0 0 -0.000284335 -0.000112864 -0.000519918 -0.00041617 0 -0.000212911 -0.00129957 -0.0408887 -0.045612 -0.000138845 -0.00530745 -0.00169844 0 0 0 0 0 0 0 0 0 -2.00261e-05 -0.00317603 -0.0013093 0 0 0 0 0 0 0 0 0 0 0 0 0 0 0 0 0 0 0 0 0 0 0 
0 0 0 0 0 0 0 0 0 0 0 0 0 0 0 0 0 0 0 0 0 0 0 0 -0.00132971 -0.0036637 -0.00146549 -0.000350992 -0.00214239 0 0 -1.83726e-05 -0.000449755 0 0 0 0 0 0 0 0 0 0 0 0 0 0 0 0 0 0 0 0 0 0 0 0 0 0 0 0 0 0 0 0 0 0 0 0 
0 0 0 0 0 0 0 0 0 0 0 0 0 0 0 0 0 0 0 0 0 0 0 0 0 -0.000520179 -0.00251324 -0.00381751 -0.0028161 -0.000802982 -0.00162053 -0.000422226 0 0 0 0 0 0 0 0 0 0 0 0 0 0 0 0 0 0 0 0 0 0 0 0 0 0 0 0 0 0 0 0 0 0 0 0 0 
0 0 0 0 0 0 0 0 0 0 0 0 0 0 0 0 0 0 0 0 0 0 0 0 0 0 -0.000631638 -0.00155152 -0.000300966 -8.58175e-05 -0.00155735 -0.000405764 0 0 0 0 0 0 0 0 0 0 0 0 0 0 0 0 0 0 0 0 0 0 0 0 0 0 0 0 0 0 0 0 0 0 0 0 0 
0 0 0 0 0 0 0 0 0 0 0 0 0 0 0 0 0 0 0 0 0 0 0 0 0 0 0 0 0 0 0 0 0 0 0 0 0 0 0 0 0 0 0 0 0 0 0 0 0 0 0 0 0 0 0 0 0 0 0 0 0 0 0 0 0 0 0 0 0 
0 0 0 0 0 0 0 0 0 0 0 0 0 0 0 0 0 0 0 0 0 0 0 0 0 0 0 0 0 0 0 0 0 0 0 0 0 0 0 0 0 0 0 0 0 0 0 0 0 0 0 0 0 0 0 0 0 0 0 0 0 0 0 0 0 0 0 0 0 
0 0 0 0 0 0 0 0 0 0 0 0 0 0 0 0 0 0 0 0 0 0 0 0 0 0 0 0 0 0 0 0 0 0 0 0 0 0 0 0 0 0 0 0 0 0 0 0 0 0 0 0 0 0 0 0 0 0 0 0 0 0 0 0 0 0 0 0 0 
0 0 0 0 0 0 0 0 0 0 0 0 0 0 0 0 0 0 0 0 0 0 0 0 0 0 0 0 0 0 0 0 0 0 0 0 0 0 0 0 0 0 0 0 0 0 0 0 0 0 0 0 0 0 0 0 0 0 0 0 0 0 0 0 0 0 0 0 0 
0 0 0 0 0 0 0 0 0 0 0 0 0 0 0 0 0 0 0 0 0 0 0 0 0 0 0 0 0 0 0 0 0 0 0 0 0 0 0 0 0 0 0 0 0 0 0 0 0 0 0 0 0 0 0 0 0 0 0 0 0 0 0 0 0 0 0 0 0 
0 0 0 0 0 0 0 0 0 0 0 0 0 0 0 0 0 0 0 0 0 0 0 0 0 0 0 0 0 0 0 0 0 0 0 0 0 0 0 0 0 0 0 0 0 0 0 0 0 0 0 0 0 0 0 0 0 0 0 0 0 0 0 0 0 0 0 0 0 
0 0 0 0 0 0 0 0 0 0 0 0 0 0 0 0 0 0 0 0 0 0 0 0 0 0 0 0 0 0 0 0 0 0 0 0 0 0 0 0 0 0 0 0 0 0 0 0 0 0 0 0 0 0 0 0 0 0 0 0 0 0 0 0 0 0 0 0 0 
0 0 0 0 0 0 0 0 0 0 0 0 0 0 0 0 0 0 0 0 0 0 0 0 0 0 0 0 0 0 0 0 0 0 0 0 0 0 0 0 0 0 0 0 0 0 0 0 0 0 0 0 0 0 0 0 0 0 0 0 0 0 0 0 0 0 0 0 0 
0 0 0 0 0 0 0 0 0 0 0 0 0 0 0 0 0 0 0 0 0 0 0 0 0 0 0 0 0 0 0 0 0 0 0 0 0 0 0 0 0 0 0 0 0 0 0 0 0 0 0 0 0 0 0 0 0 0 0 0 0 0 0 0 0 0 0 0 0 
0 0 0 0 0 0 0 0 0 0 0 0 0 0 0 0 0 0 0 0 0 0 0 0 0 0 0 0 0 0 0 0 0 0 0 0 0 0 0 0 0 0 0 0 0 0 0 0 0 0 0 0 0 0 0 0 0 0 0 0 0 0 0 0 0 0 0 0 0 
0 0 0 0 0 0 0 0 0 0 0 0 0 0 0 0 0 0 0 0 0 0 0 0 0 0 0 0 0 0 0 0 0 0 0 0 0 0 0 0 0 0 0 0 0 0 0 0 0 0 0 0 0 0 0 0 0 0 0 0 0 0 0 0 0 0 0 0 0 
