0 0 0 0 0 0 0 0 0 0 0 0 0 0 0 0 0 0 0 0 0 0 0 0 0 0 0 0 0 0 0 0 0 0 0 0 0 0 0 0 0 0 0 0 0 0 0 0 0 0 0 0 0 0 0 0 0 0 0 0 0 0 0 0 0 0 0 0 0 
0 0 0 0 0 0 0 0 0 0 0 0 0 0 0 0 0 0 0 0 0 0 0 0 0 0 0 0 0 0 0 0 0 0 0 0 0 0 0 0 0 0 0 0 0 0 0 0 0 0 0 0 0 0 0 0 0 0 0 0 0 0 0 0 0 0 0 0 0 
0 0 0 0 0 0 0 0 0 0 0 0 0 0 0 0 0 0 0 0 0 0 0 0 0 0 0 0 0 0 0 0 0 0 0 0 0 0 0 0 0 0 0 0 0 0 0 0 0 0 0 0 0 0 0 0 0 0 0 0 0 0 0 0 0 0 0 0 0 
0 0 0 0 0 0 0 0 0 0 0 0 0 0 0 0 0 0 0 0 0 0 0 0 0 0 0 0 0 0 0 0 0 0 0 0 0 0 0 0 0 0 0 0 0 0 0 0 0 0 0 0 0 0 0 0 0 0 0 0 0 0 0 0 0 0 0 0 0 
0 0 0 0 0 0 0 0 0 0 0 0 0 0 0 0 0 0 0 0 0 0 0 0 0 0 0 0 0 0 0 0 0 0 0 0 0 0 0 0 0 0 0 0 0 0 0 0 0 0 0 0 0 0 0 0 0 0 0 0 0 0 0 0 0 0 0 0 0 
0 0 0 0 0 0 0 0 0 0 0 0 0 0 0 0 0 0 0 0 0 0 0 0 0 0 0 0 0 0 0 0 0 0 0 0 0 0 0 0 0 0 0 0 0 0 0 0 0 0 0 0 0 0 0 0 0 0 0 0 0 0 0 0 0 0 0 0 0 
0 0 0 0 0 0 0 0 0 0 0 0 0 0 0 0 0 0 0 0 0 0 0 0 0 0 0 0 0 0 0 0 0 0 0 0 0 0 0 0 0 0 0 0 0 0 0 0 0 0 0 0 0 0 0 0 0 0 0 0 0 0 0 0 0 0 0 0 0 
0 0 0 0 0 0 0 0 0 0 0 0 0 0 0 0 0 0 0 0 0 0 0 0 0 0 0 0 0 0 0 0 0 0 0 0 0 0 0 0 0 0 0 0 0 0 0 0 0 0 0 0 0 0 0 0 0 0 0 0 0 0 0 0 0 0 0 0 0 
0 0 0 0 0 0 0 0 0 0 0 0 0 0 0 0 0 0 0 0 0 0 0 0 0 0 0 0 0 0 0 0 0 0 0 0 0 0 0 0 0 0 0 0 0 0 0 0 0 0 0 0 0 0 0 0 0 0 0 0 0 0 0 0 0 0 0 0 0 
0 0 0 0 0 0 0 0 0 0 0 0 0 0 0 0 0 0 0 0 0 0 0 0 0 0 0 0 0 0 0 0 0 0 0 0 0 0 0 0 0 0 0 0 0 0 0 0 0 0 0 0 0 0 0 0 0 0 0 0 0 0 0 0 0 0 0 0 0 
0 0 0 0 0 0 0 0 0 0 0 0 0 0 0 0 0 0 0 0 0 0 0 0 0 0 0 0 0 0 0 0 0 0 0 0 0 0 0 0 0 0 0 0 0 0 0 0 0 0 0 0 0 0 0 0 0 0 0 0 0 0 0 0 0 0 0 0 0 
0 0 0 0 0 0 0 0 0 0 0 0 0 0 0 0 0 0 0 0 0 0 0 0 0 0 0 0 0 0 0 0 0 0 0 0 0 0 0 0 0 0 0 0 0 0 0 0 0 0 0 0 0 0 0 0 0 0 0 0 0 0 0 0 0 0 0 0 0 
0 0 0 0 0 0 0 0 0 0 0 0 0 0 0 0 0 0 0 0 0 0 0 0 0 0 0 0 0 0 0 0 0 0 0 0 0 0 0 0 0 0 0 0 0 0 0 0 0 0 0 0 0 0 0 0 0 0 0 0 0 0 0 0 0 0 0 0 0 
0 0 0 0 0 0 0 0 0 0 0 0 0 0 0 0 0 0 0 0 0 0 0 0 0 0 0 0 0 0 0 0 0 0 0 0 0 0 0 0 0 0 0 0 0 0 0 0 0 0 0 0 0 0 0 0 0 0 0 0 0 0 0 0 0 0 0 0 0 
0 0 0 0 0 0 0 0 0 0 0 0 0 0 0 0 0 0 0 0 0 0 0 0 0 0 0 0 0 0 -0.000495082 -0.000286689 -0.000921508 -0.000177302 -3.74631e-06 -0.000250416 -0.000721468 0 0 -0.000395951 -0.000149317 0 0 0 0 0 0 0 0 0 0 0 0 0 0 0 0 0 0 0 0 0 0 0 0 0 0 0 0 
0 0 0 0 0 0 0 0 0 0 0 0 0 0 0 0 0 0 0 0 0 0 0 0 0 0 -0.000201079 -9.78725e-05 -4.80573e-05 -0.000304969 -0.00118116 -0.000144925 -0.00100458 -0.00140227 -0.000201272 -0.00116961 -0.00117757 -0.000790149 -0.000348311 -0.000313305 -0.000808613 0 -0.000207809 -0.000232163 0 0 0 0 0 0 0 0 0 0 0 0 0 0 0 0 0 0 0 0 0 0 0 0 0 
0 0 0 0 0 0 0 0 0 0 0 0 0 0 0 0 0 0 0 0 0 0 0 0 -0.000116166 -3.21586e-05 -0.000417761 -0.00156599 -0.00203515 -0.000585166 -0.00170544 -0.00104389 -0.00033951 -0.000562175 0 -0.000620081 -0.00174999 -0.00151825 -0.000175368 -0.000735906 -0.0021138 -0.000663166 -0.000490691 -0.000190597 -0.000219265 -0.000150264 0 0 0 0 0 0 0 0 0 0 0 0 0 0 0 0 0 0 0 0 0 0 0 
0 0 0 0 0 0 0 0 0 0 0 0 0 0 0 0 0 0 0 0 0 0 0 -8.09119e-05 -0.000837548 -0.000145451 -0.000519481 -0.00154475 -0.00119602 -0.00127443 -0.000421986 -0.000463292 -0.000589679 0 -0.00015103 -0.00128508 -0.000215036 -0.00054653 -0.000922071 -0.000802138 -0.00162797 -0.00100034 -0.000641782 -0.000703698 -0.000842081 -0.000178345 -0.000307375 -3.47022e-05 0 0 0 0 0 0 0 0 0 0 0 0 0 0 0 0 0 0 0 0 0 
0 0 0 0 0 0 0 0 0 0 0 0 0 0 0 0 0 0 0 0 0 -0.000127902 -0.000551679 -0.00106616 -0.000863778 -0.000333722 -0.000940344 -0.000996449 -0.0021876 -0.000621936 -0.000675509 -0.000222669 -0.000507057 -0.000182733 -6.7882e-05 -0.000834097 -0.00078513 -0.000800136 -0.00106512 -0.000608062 -0.000725922 -0.000690134 -1.81249e-05 -0.000455805 -0.000668929 -0.00124619 -0.00167391 -0.000352036 -5.55828e-06 0 0 0 0 0 0 0 0 0 0 0 0 0 0 0 0 0 0 0 0 
0 0 0 0 0 0 0 0 0 0 0 0 0 0 0 0 0 0 0 0 -1.59896e-06 -0.000402982 -0.000523085 -0.00107947 -0.000549474 -0.000109856 -0.000561929 -0.000752989 -0.000409853 -0.000259567 -0.000371409 -0.000272664 -0.000476548 -0.000912371 -0.00135391 -0.000426895 -0.00109861 -0.000365059 -6.90392e-05 -0.00028973 -0.0015788 -0.000477779 -0.000200933 0 -0.000290729 -0.00186794 -0.000902987 -0.00159767 -0.000335798 0 0 0 0 0 0 0 0 0 0 0 0 0 0 0 0 0 0 0 0 
0 0 0 0 0 0 0 0 0 0 0 0 0 0 0 0 0 0 0 -0.00023507 -0.000443117 -0.00150885 -0.000191602 -0.000320655 -0.00124113 -0.00243926 -0.000770869 -0.00103557 -0.00108493 -7.75549e-05 -0.000729737 -0.0023511 -0.00105997 -0.00172361 -0.00175254 -0.000236571 -0.00060393 -0.000971024 -0.00116364 -0.000320512 -0.00286597 -0.00151982 -0.000385565 -0.00109967 -0.00015468 -0.000245465 -0.00123459 -0.0014149 -0.000770559 -0.00015689 0 0 0 0 0 0 0 0 0 0 0 0 0 0 0 0 0 0 0 
0 0 0 0 0 0 0 0 0 0 0 0 0 0 0 0 0 0 0 -0.000606437 -0.00173736 -0.000844419 -0.000688529 -0.00149077 -0.000182748 -0.000933925 -0.00143955 -0.00125975 -0.000322021 -0.000405819 -0.00120402 -0.000168005 -0.000100273 -0.00156852 -0.000301415 -0.000342241 -0.00198412 -0.00177464 -0.000762027 -0.000581421 -0.000818808 -0.000521727 -0.000999476 -0.000459385 -0.000148113 -0.000315549 -0.000553232 -0.000446803 -0.000664939 -0.000600699 0 0 0 0 0 0 0 0 0 0 0 0 0 0 0 0 0 0 0 
0 0 0 0 0 0 0 0 0 0 0 0 0 0 0 0 0 0 -6.78827e-05 -0.00036406 -0.00119789 -0.00235994 -0.000895418 -0.000756018 -0.000468972 -0.000759033 -0.00118776 -0.00120691 -3.60872e-05 -0.000739876 -0.000469339 0 0 -0.00062921 -0.000750502 -0.000522601 -0.00156551 -0.00109459 -0.00130245 -0.000280257 -0.00079841 -0.000781519 -0.000629713 -0.00137396 -0.000500794 -0.00149281 -0.000453164 -0.00142945 -0.000852099 -0.000240259 -0.00011409 -0.000205719 0 0 0 0 0 0 0 0 0 0 0 0 0 0 0 0 0 
0 0 0 0 0 0 0 0 0 0 0 0 0 0 0 0 0 0 -0.000547782 -0.0003629 -0.00032551 0 -0.000190026 -0.0011736 -0.000677388 -0.000772068 -0.000617754 -7.19797e-05 -0.00214515 -0.00065545 -0.000796404 -0.000901927 -0.000244652 -0.000720494 -0.000657124 -0.000556153 0 -0.000515823 -0.000892294 -0.000889907 -0.000790283 -0.0013234 -0.000123927 -0.00177046 -0.00157215 -0.000442613 -0.000727791 -0.00102568 -0.00073682 -0.000700603 -0.000921372 -0.000359919 0 0 0 0 0 0 0 0 0 0 0 0 0 0 0 0 0 
0 0 0 0 0 0 0 0 0 0 0 0 0 0 0 0 0 0 -1.08353e-05 -0.00127637 -0.000405912 -0.000439667 -0.00219091 -0.00124429 -0.000273801 -0.000680569 -0.000895935 -0.000699855 -0.00369904 -0.000353839 -0.000874716 -0.00185101 -0.00138148 -1.17374e-05 -0.00143656 -0.00123455 -0.000970432 -0.00126671 -0.00024269 -0.000920418 -0.00157456 -0.000380927 0 -0.000686582 -0.000736807 -0.000712058 -0.00118714 -0.000524778 -0.00120883 -0.000758942 -0.00105314 -0.000418674 -0.000335354 0 0 0 0 0 0 0 0 0 0 0 0 0 0 0 0 
0 0 0 0 0 0 0 0 0 0 0 0 0 0 0 0 0 0 -3.57768e-05 -0.00212985 -0.00137582 -0.00163509 -0.00307506 -0.0011014 -0.000325651 -3.6186e-05 -0.00105671 -0.00136008 -0.0012733 -0.000565142 -3.29458e-05 -0.000384415 -0.000802109 -0.00079569 -9.85775e-05 -0.000873069 -0.000969889 -0.00143196 -0.00020187 -0.00083483 -0.00225505 -0.00107195 -0.000340253 -0.000368013 -0.00016353 -5.2186e-05 -0.000614277 -0.00113311 -0.00124239 -0.000716625 -0.00209792 -0.000886122 -0.00127782 -0.00117687 0 0 0 0 0 0 0 0 0 0 0 0 0 0 0 
0 0 0 0 0 0 0 0 0 0 0 0 0 0 0 0 -0.000445558 -0.000249276 -0.00051308 -0.000821127 -0.00178872 -0.00127449 -0.000441522 -0.000437882 -0.00060371 -0.000766932 0 -0.00156895 -0.00180312 -0.00184722 -0.000363047 -0.000663829 -0.000210107 -0.000325154 -0.000947745 -0.000987854 -0.000225515 -0.000459709 -0.000645508 -0.000295335 -0.000943024 -0.000595903 -0.000839864 -0.000467593 -0.000741666 -0.000192859 -0.000778077 -0.00168019 -0.000949568 -0.000542263 -0.000626471 -0.00055251 -0.00117257 -0.00102759 0 0 0 0 0 0 0 0 0 0 0 0 0 0 0 
0 0 0 0 0 0 0 0 0 0 0 0 0 0 0 0 -0.00247155 -0.000429154 -0.000379553 -0.000887068 -0.000877053 -0.000551078 -0.000477106 -0.000797516 -0.000637181 -0.000533536 0 -0.000277059 -0.00138522 -0.000124371 -0.000186567 -0.0022323 -0.0015276 -0.000574162 -0.000791254 -0.00177764 -0.00137038 -3.05628e-05 -9.23278e-06 -0.00039944 -0.000945422 -0.000204908 -0.0014622 -0.000966742 -0.000177457 -0.00018457 -0.000431008 -0.00132549 -0.000622608 -0.00042932 -0.000439634 -0.000957137 -0.000552023 -0.000119354 -2.32391e-05 0 0 0 0 0 0 0 0 0 0 0 0 0 0 
0 0 0 0 0 0 0 0 0 0 0 0 0 0 0 0 -0.000373401 -0.00225996 -0.00124664 -0.000435312 -0.000904021 -0.000702112 -0.00101119 -0.0009123 -0.000490152 0 -0.000394434 -0.00470715 -0.00201362 -0.00177737 -0.000275622 -0.00121304 -0.000117146 -0.00029398 -0.000707786 -0.000699551 -0.000170315 -0.00165734 -0.000575355 -0.000143487 -0.000638136 -0.0011811 -8.63535e-05 -1.8076e-05 0 -0.000711907 -0.000737757 -0.000903675 -0.000733709 -0.000819591 -0.000378831 -0.000339664 -0.00112608 -0.00122735 -0.000932492 -6.36522e-05 0 0 0 0 0 0 0 0 0 0 0 0 0 
0 0 0 0 0 0 0 0 0 0 0 0 0 0 -6.34751e-05 -0.000608317 -0.0019973 -0.00240283 -0.00130593 -0.000126196 -0.000894862 -0.00145319 -0.00147792 -0.0008524 -0.000187732 0 -0.000444829 -0.00103712 -0.000461689 -0.000871174 -2.024e-05 -0.000481598 -0.000379338 -0.000451795 -0.000945304 -0.000180429 -0.000942821 -0.00018828 -0.000520963 -0.000130631 -0.000812548 -0.000740982 -0.000448167 -0.000399412 -7.89666e-05 -0.000960229 -0.000992197 -0.000209652 -7.67482e-05 -0.000332708 -0.00114195 -0.00043609 -0.00152496 -0.00232078 -0.00153055 -0.000118747 0 0 0 0 0 0 0 0 0 0 0 0 0 
0 0 0 0 0 0 0 0 0 0 0 0 0 0 -0.000424747 -0.00112661 -0.000313917 -0.00165676 -0.000951822 -0.000735889 -0.000628173 -0.000488072 -0.00220737 -0.000992696 -0.000356199 -0.000726761 -0.00084219 -0.000746593 -0.000803424 -0.00111506 -4.69926e-05 -2.0452e-05 -0.00126039 -0.000441666 -0.00030422 -0.0010615 -0.001644 -0.000290039 -0.000940258 -0.000567767 -0.00108593 -0.00306562 -0.000689875 -0.000247922 -0.000690387 -0.000742723 -0.00132538 -0.00117881 -0.000768396 -0.000123561 -0.0012398 -0.00175006 -0.00061044 -0.00238188 -0.00186383 -0.000233247 0 0 0 0 0 0 0 0 0 0 0 0 0 
0 0 0 0 0 0 0 0 0 0 0 0 0 0 -0.000519277 -0.000693708 -0.00062071 -0.000217619 0 -0.000218146 -0.000892961 -0.00193069 -0.00201015 -0.00039509 -0.00124008 -0.00145801 -0.000715551 -0.000978565 -0.000162377 -0.00104659 -0.00044033 -4.378e-05 -0.000993798 -0.000782237 -0.000863376 -0.00170244 -0.00144037 -0.00131229 -0.000639083 -0.00125622 -0.000671117 -0.000503749 -0.00106704 -0.000331812 -0.000256816 -0.00162111 -0.000482683 -0.00060819 -0.000862623 -0.000382684 -0.00138186 -0.000816155 -0.00102989 -0.00190739 -0.00136078 -0.000315307 0 0 0 0 0 0 0 0 0 0 0 0 0 
0 0 0 0 0 0 0 0 0 0 0 0 0 0 -8.71213e-05 -0.00107464 -0.000474646 -1.69877e-06 -0.000242529 -0.000191226 -0.00061218 -0.0019083 -0.000409612 -0.000258692 -0.000501033 -0.000223768 -0.000364045 -0.00148101 -0.000565438 -0.00069941 -0.000522845 -0.00086679 -0.000496663 -0.000928005 -0.00043104 -0.00135392 -0.00107084 -0.000815115 -0.000261379 -0.000585162 -1.78182e-05 -7.79969e-05 -0.000774551 -0.000157496 -0.000307408 -0.000962095 -0.000410318 -0.00185372 -0.000960646 -0.00153482 -0.000109971 -0.000696774 -0.00052293 -0.000710783 -0.000589184 -0.000773531 -1.8837e-05 0 0 0 0 0 0 0 0 0 0 0 0 
0 0 0 0 0 0 0 0 0 0 0 0 0 0 -1.69769e-05 -0.000169755 -0.00135332 -0.000779469 -0.000705644 -0.000221766 -0.00179433 -0.00142404 -0.000394076 -0.000623533 -0.000868104 -0.00128116 -0.0016315 -0.00118856 -0.000692165 -0.000394625 -0.000376199 -0.000702296 -0.000729194 -0.0249343 -0.0806498 -0.0425731 -0.00321509 -0.00109665 -0.00020419 -0.000369716 -0.000558766 -0.000667332 -0.00153807 -0.00341594 -0.00223472 -0.000370263 -0.000591082 -0.000647191 -0.00023158 -0.00081938 -0.00172915 -0.00137129 -0.00124295 -0.00105688 -0.000939762 -0.00115321 -1.57094e-05 0 0 0 0 0 0 0 0 0 0 0 0 
0 0 0 0 0 0 0 0 0 0 0 0 0 0 -0.000642396 -0.000115064 -0.000711731 -0.0013863 -0.000954638 -0.000466779 -0.000458074 -0.0007841 -0.000583537 -6.88206e-05 -0.00112464 -0.00183397 -0.00116712 -5.71218e-05 -0.000471337 -0.000734383 -0.000187946 -0.000161521 -0.000537589 -0.0793286 -0.233681 -0.231212 -0.0685761 -0.000703556 -0.000560377 -0.000413595 -0.000801302 -0.000887151 -0.00056567 -0.00173828 -0.00212915 -0.000600864 -0.000310495 -0.000554497 -0.000384211 -0.000774404 -0.00118117 -0.000139471 -0.00138948 -0.000553165 -0.000178206 -0.000191021 0 0 0 0 0 0 0 0 0 0 0 0 0 
0 0 0 0 0 0 0 0 0 0 0 0 0 0 -3.70722e-05 -6.64024e-06 -0.000118018 -0.000335105 -0.000673865 -0.000267518 -0.000880424 -0.00115502 -0.000901767 -0.000976663 -0.00212365 -0.00172447 -0.000482093 -0.000654054 -0.00163664 -0.0014885 -0.000965311 -0.00074381 -0.000928558 -0.0348152 -0.212169 -0.235624 -0.0972188 -0.00107753 -0.000428667 -0.000806742 -0.000897881 -0.00101835 -8.23843e-05 -1.15755e-05 -0.00107129 -0.00141065 -0.00156227 -0.000751362 0 -0.000391583 -0.000502142 -2.38428e-05 -0.000626773 -0.00319872 -0.000919816 0 0 0 0 0 0 0 0 0 0 0 0 0 0 
0 0 0 0 0 0 0 0 0 0 0 0 0 0 -0.000204184 -0.000421419 -0.000178301 -0.00202237 -0.00233459 -0.000751689 -0.000839547 -0.00055914 -0.00093294 -0.00168163 -0.0016302 -0.00136174 -2.83129e-06 -0.000564212 -0.0022798 -0.000519256 -0.00106653 -0.000696728 -0.000643569 -0.00191481 -0.0388785 -0.0671849 -0.00855706 -3.93831e-05 -0.000409446 -0.00109458 -0.000526339 -0.000353824 -0.000743393 -0.000729235 -0.00108019 -0.000547399 -0.0011878 -0.000316039 -0.000175318 -0.000145138 -0.000831134 -0.000511261 -0.00191108 -0.00224504 -0.000717063 0 0 0 0 0 0 0 0 0 0 0 0 0 0 
0 0 0 0 0 0 0 0 0 0 0 0 0 0 -0.00068781 -0.000697008 -0.000621146 -0.00190215 -0.00346537 -0.000642214 -9.479e-05 -3.9179e-06 -0.000403629 -0.000758 -0.00125106 -0.00170429 -9.02174e-05 -0.00062893 -0.000498987 -0.000350969 -0.000592587 -0.000304477 -0.00126549 -0.000482123 -0.000263095 -0.000262812 0 -0.000402255 -0.000384078 -0.000905303 -0.000689575 -2.47281e-06 -0.000345979 -0.00114602 -0.00186672 -0.000900634 -0.00131077 -0.000888741 -0.000933521 -0.000120189 -0.000727877 -0.000714742 -0.00147296 -0.000232486 -0.000349737 0 0 0 0 0 0 0 0 0 0 0 0 0 0 
0 0 0 0 0 0 0 0 0 0 0 0 0 0 -0.000404467 -0.00119901 -0.000627869 -0.000112216 -0.000744516 -0.00348632 -0.00367098 -0.000438666 0 -0.00159634 -0.00213264 -0.00118946 -0.000579548 -0.00212719 -0.000337552 -0.000467617 -0.00051066 -0.00110983 -0.00112512 -0.00132779 -0.00102445 -0.00101963 -0.000843387 -0.000326217 -6.13829e-05 -1.96529e-06 -0.000186056 -0.000815702 -0.000649023 -0.00154758 -0.00121751 -0.000873031 -0.00201315 -0.00114507 -0.000356322 -0.000490157 -0.000307269 -0.000367688 -0.00174691 -0.0015378 -0.00206673 -0.000631877 0 0 0 0 0 0 0 0 0 0 0 0 0 
0 0 0 0 0 0 0 0 0 0 0 0 0 0 -0.00014298 -0.000790225 -0.000482835 -0.000132352 -0.00300511 -0.00203525 -0.00104031 -0.00136031 -0.000159153 -0.00148624 -0.0014226 -0.00138246 -0.000486356 -0.00106237 -0.000788634 -0.000218499 -0.00164758 -0.0013822 -0.00105089 -0.00150432 -0.000462392 -0.000339448 -0.000487567 -0.000636949 -0.00149466 -0.000161029 -0.000636294 -0.00073039 -0.000327166 -0.00170363 -0.00238818 -0.000168013 -4.99548e-05 -0.000503498 -2.90933e-05 -0.000245919 -0.00057474 -0.000206965 -0.00146601 -0.00164853 -0.00105099 -6.42883e-05 0 0 0 0 0 0 0 0 0 0 0 0 0 
0 0 0 0 0 0 0 0 0 0 0 0 0 0 -0.000451962 -0.000587461 -0.000611644 -0.000406964 -0.00124701 -0.0020351 -0.000803626 -0.000894659 -0.000324475 -0.000167254 -0.000248416 -0.000510049 -0.00117746 -0.000711449 -0.000673543 -0.000314163 -0.00155859 -0.00158414 -0.000709979 -0.000760994 -0.000673212 -0.000173363 -0.000571338 -0.000303829 -0.000191902 -0.000552073 -0.0004849 -0.00097872 -0.000775368 -0.000692857 -0.00102741 -0.00103106 -0.00143544 -0.000831807 -0.000380038 -0.00116366 -0.0010608 -0.000146239 -0.000675144 -0.000583728 -0.000255484 0 0 0 0 0 0 0 0 0 0 0 0 0 0 
0 0 0 0 0 0 0 0 0 0 0 0 0 0 -0.00018288 -0.00148195 -0.000815308 -0.00304404 -0.00349758 -0.00122154 -0.000397654 -0.000349732 -0.00144264 -0.00077676 -0.000869175 -0.000924602 -0.000918797 -0.00165637 -0.00122054 -0.00116403 -0.000697929 -0.00108316 -0.00156558 -0.000275992 -0.000327648 -0.00100558 -0.0012571 -0.000590357 -0.000753312 -0.000949168 -0.000581368 -0.00188889 -0.00152472 -0.000816859 -0.000706797 -0.000368081 -0.000708142 -0.000820529 -0.000736725 -0.000723407 -0.00114898 -0.000270512 -0.000171669 -0.00116461 -0.000932212 0 0 0 0 0 0 0 0 0 0 0 0 0 0 
0 0 0 0 0 0 0 0 0 0 0 0 0 0 -8.82761e-06 -0.000462127 -0.000644158 -0.00277404 -0.00118919 -0.000609544 -0.000466943 -0.000458183 -0.000181741 -0.000534136 -0.000112387 -0.000644667 -0.0022339 -0.000832229 -0.000458527 -0.000745675 -0.000471245 -0.000940887 -0.00108322 -0.000245409 -0.000451221 -0.00062236 -0.00129829 -0.000754632 -0.000852729 -0.000967123 -0.000325267 -0.000931217 -0.00156527 -0.000711222 -6.81368e-05 -0.000581816 -0.000326274 -0.00206865 -0.00150963 -0.000615482 -0.00175825 -0.00164768 -9.21473e-05 -0.00114255 -0.00013681 0 0 0 0 0 0 0 0 0 0 0 0 0 0 
0 0 0 0 0 0 0 0 0 0 0 0 0 0 0 0 -0.000846592 -0.000706895 -9.20679e-05 -0.000351157 -0.000537394 -0.00142674 -0.000603392 -0.000923988 -0.00121241 -0.00135146 -0.00423509 -0.00241595 -0.000406392 -0.000465093 -0.000408421 -0.00064398 -0.00164605 -0.000984836 -0.000967552 -0.00172736 -0.00133828 -0.000917864 -0.00055795 -0.0018513 -0.00127084 -0.00097567 -0.0015098 -0.00139328 -0.000316846 -0.00155541 -0.00106062 -0.000996622 -0.00111092 -0.00125287 -0.000360736 -4.31342e-05 -0.000765096 -0.000425959 0 0 0 0 0 0 0 0 0 0 0 0 0 0 0 
0 0 0 0 0 0 0 0 0 0 0 0 0 0 0 0 0 -0.00027925 -0.000758578 -0.000947234 -0.00200928 -0.00184613 -0.00103865 -0.000677367 -0.00103619 -0.00243875 -0.00102258 -0.00049174 -0.000560466 -3.13742e-05 -0.000633572 -0.00115647 -0.00150479 -0.00121752 -0.00126973 -0.000588834 -0.000640153 -0.000720676 -0.00042839 -0.0014384 -0.00119937 -0.000932089 -0.00164737 -0.00053819 -2.13859e-05 -0.00180724 -0.00121081 -0.000753 -0.000545452 -0.000558455 -0.000829286 -0.00053728 -0.000215339 -1.11627e-07 0 0 0 0 0 0 0 0 0 0 0 0 0 0 0 
0 0 0 0 0 0 0 0 0 0 0 0 0 0 0 0 0 -0.000963274 -0.0011589 -0.00149089 -0.00136092 -0.00121404 -0.000288141 -0.000611983 -0.000775305 -0.000159641 -2.44771e-05 -6.74182e-05 -3.17446e-05 -2.53308e-05 -0.000616353 -0.000401752 -0.00129244 -0.000796275 -0.00023064 -0.00136041 -0.000647176 -0.00232211 -0.00191168 -0.00169681 -0.00110456 -0.000218473 -0.00106657 -0.000872044 -0.00101632 -0.000554447 -0.000517575 -0.00089145 -0.000646753 -0.000323632 -0.000214549 -0.00032219 -0.000114459 0 0 0 0 0 0 0 0 0 0 0 0 0 0 0 0 
0 0 0 0 0 0 0 0 0 0 0 0 0 0 0 0 0 -0.000935105 -0.00035942 -0.00137707 -0.00076627 -0.000971385 -0.00021884 -0.000647252 -0.000643198 -0.000636872 -0.00245545 -0.00175629 -0.000196972 -0.000807143 -3.31036e-05 -0.0010449 -0.000681138 -0.00313268 -0.00171773 -0.0014049 -0.000937486 -0.00195282 -0.00154457 -0.00177587 -0.000430345 -0.0011388 -0.00173501 -0.000501322 -3.51572e-05 -0.000123623 -0.000495121 -0.0010336 -0.000315417 -0.00111388 -6.00621e-05 -0.000782614 -0.000167389 0 0 0 0 0 0 0 0 0 0 0 0 0 0 0 0 
0 0 0 0 0 0 0 0 0 0 0 0 0 0 0 0 0 0 -0.000506572 -0.00304146 -0.0015931 -0.00135212 -0.0010978 -0.000730654 -3.26935e-05 -0.000666999 -0.00247983 -0.00178203 -0.000888098 -0.00269109 -0.000814425 -0.000342486 -9.04409e-05 -0.00133469 -0.00124483 -0.00132559 -0.00119898 -0.000986637 -0.000879071 -0.00109274 -0.000671322 -0.00131569 -0.000393649 -0.000409367 -7.55996e-05 -0.000140444 -0.000602033 -0.0012442 -0.0012259 -0.000419655 -0.000137793 -0.000857654 -5.84187e-05 0 0 0 0 0 0 0 0 0 0 0 0 0 0 0 0 
0 0 0 0 0 0 0 0 0 0 0 0 0 0 0 0 0 0 -2.2377e-05 -0.00123755 -0.000996418 -0.00299499 -0.00136375 -0.00135898 -0.000317143 -0.000935485 -0.00146499 -0.00098751 -0.00105803 -0.00149647 -0.000708741 -0.00109653 -9.99508e-05 -0.000427266 -0.000483401 -0.00201767 -0.00127844 -0.00171507 -0.000750739 -0.000950187 -0.000617002 -0.000916443 -0.000537271 0 -0.000550634 -0.000754272 -0.00158385 -0.00231667 -0.00130643 -0.000147862 -0.000562159 0 0 0 0 0 0 0 0 0 0 0 0 0 0 0 0 0 0 
0 0 0 0 0 0 0 0 0 0 0 0 0 0 0 0 0 0 0 0 -0.000407121 -0.000983411 -0.00104055 -0.00145637 -0.00121703 -0.000710168 -0.00149171 -0.00197644 -0.000938014 -0.00118093 -0.00174566 -0.00086225 -0.000522856 -0.000370306 -0.000958442 -0.000913816 -0.0038687 -0.00141274 -9.64475e-05 -0.00230689 -0.000119527 -0.000766608 -0.000731481 -0.000337687 -0.000303089 -0.000384492 -0.000879655 -0.00105929 -0.000791981 -0.000409 -0.000144855 0 0 0 0 0 0 0 0 0 0 0 0 0 0 0 0 0 0 
0 0 0 0 0 0 0 0 0 0 0 0 0 0 0 0 0 0 0 0 -0.000311777 -0.00100608 -0.000627364 -0.000741185 -0.000705093 -0.000687683 -0.00054593 -0.00120613 -0.00122371 -0.00166567 -0.000405174 -0.00052651 -0.000394763 -0.000553634 -0.00219219 -0.00210257 -0.000654632 -0.000428576 -0.000336391 -0.00108931 -9.56721e-05 -0.000121916 -0.00106551 -0.00107213 -3.99549e-05 -4.17704e-05 -9.80007e-05 -0.000259987 -9.83056e-06 -8.95197e-06 0 0 0 0 0 0 0 0 0 0 0 0 0 0 0 0 0 0 0 
0 0 0 0 0 0 0 0 0 0 0 0 0 0 0 0 0 0 0 0 0 0 -0.000313789 -0.00141338 -0.00100556 -0.000298739 -0.000578066 -0.000811281 -0.000811395 -0.00174359 -0.00085936 -0.00154144 -0.00129427 -0.00049178 -0.00140284 -0.000922546 -0.000366378 -0.000503047 -0.000446327 -0.00109544 -0.000528972 -0.000383371 -0.000253481 -5.9574e-05 -0.000914326 -0.000367715 -0.000895752 -0.000346879 0 0 0 0 0 0 0 0 0 0 0 0 0 0 0 0 0 0 0 0 0 
0 0 0 0 0 0 0 0 0 0 0 0 0 0 0 0 0 0 0 0 0 0 0 -0.000875216 -0.00123041 -0.000735266 -0.000275607 -0.000748949 -0.0010326 -0.000277212 -0.00127228 -0.000849509 -0.00187313 -0.00146824 -0.000270844 -0.00156214 -0.000621475 -0.00172532 -0.00108454 -0.000974903 -0.000509842 -0.000530219 -0.000873203 -0.000934767 -0.000658081 0 -1.67248e-06 -5.40297e-08 0 0 0 0 0 0 0 0 0 0 0 0 0 0 0 0 0 0 0 0 0 
0 0 0 0 0 0 0 0 0 0 0 0 0 0 0 0 0 0 0 0 0 0 0 -9.25179e-06 -0.000243464 -0.000349552 -0.000177696 -0.00121346 -0.000511634 -0.000473467 -0.000482794 -0.00119177 -0.00177641 -0.000597375 -0.0011475 -0.00186369 -0.00101259 -0.00118873 -0.00223678 -0.00111901 -0.000255419 -0.00209237 -0.000840433 -0.000679605 0 0 0 0 0 0 0 0 0 0 0 0 0 0 0 0 0 0 0 0 0 0 0 0 0 
0 0 0 0 0 0 0 0 0 0 0 0 0 0 0 0 0 0 0 0 0 0 0 0 0 0 -6.96014e-05 -0.000592143 -0.000867129 -0.000532621 -0.000445413 -0.0012621 -0.000664077 -0.00177067 -0.00162615 -0.00215736 -0.000667759 -0.00105627 -0.000807559 -0.000126747 -0.000133182 -0.00107587 -3.50463e-06 0 0 0 0 0 0 0 0 0 0 0 0 0 0 0 0 0 0 0 0 0 0 0 0 0 0 
0 0 0 0 0 0 0 0 0 0 0 0 0 0 0 0 0 0 0 0 0 0 0 0 0 0 0 0 0 0 0 -0.000218915 -0.000630645 -0.00121543 -0.000726652 -0.000482805 -0.000621002 -0.00107928 -0.000759358 0 0 0 0 0 0 0 0 0 0 0 0 0 0 0 0 0 0 0 0 0 0 0 0 0 0 0 0 0 0 
0 0 0 0 0 0 0 0 0 0 0 0 0 0 0 0 0 0 0 0 0 0 0 0 0 0 0 0 0 0 0 0 0 0 0 0 0 0 0 0 0 0 0 0 0 0 0 0 0 0 0 0 0 0 0 0 0 0 0 0 0 0 0 0 0 0 0 0 0 
0 0 0 0 0 0 0 0 0 0 0 0 0 0 0 0 0 0 0 0 0 0 0 0 0 0 0 0 0 0 0 0 0 0 0 0 0 0 0 0 0 0 0 0 0 0 0 0 0 0 0 0 0 0 0 0 0 0 0 0 0 0 0 0 0 0 0 0 0 
0 0 0 0 0 0 0 0 0 0 0 0 0 0 0 0 0 0 0 0 0 0 0 0 0 0 0 0 0 0 0 0 0 0 0 0 0 0 0 0 0 0 0 0 0 0 0 0 0 0 0 0 0 0 0 0 0 0 0 0 0 0 0 0 0 0 0 0 0 
0 0 0 0 0 0 0 0 0 0 0 0 0 0 0 0 0 0 0 0 0 0 0 0 0 0 0 0 0 0 0 0 0 0 0 0 0 0 0 0 0 0 0 0 0 0 0 0 0 0 0 0 0 0 0 0 0 0 0 0 0 0 0 0 0 0 0 0 0 
0 0 0 0 0 0 0 0 0 0 0 0 0 0 0 0 0 0 0 0 0 0 0 0 0 0 0 0 0 0 0 0 0 0 0 0 0 0 0 0 0 0 0 0 0 0 0 0 0 0 0 0 0 0 0 0 0 0 0 0 0 0 0 0 0 0 0 0 0 
0 0 0 0 0 0 0 0 0 0 0 0 0 0 0 0 0 0 0 0 0 0 0 0 0 0 0 0 0 0 0 0 0 0 0 0 0 0 0 0 0 0 0 0 0 0 0 0 0 0 0 0 0 0 0 0 0 0 0 0 0 0 0 0 0 0 0 0 0 
0 0 0 0 0 0 0 0 0 0 0 0 0 0 0 0 0 0 0 0 0 0 0 0 0 0 0 0 0 0 0 0 0 0 0 0 0 0 0 0 0 0 0 0 0 0 0 0 0 0 0 0 0 0 0 0 0 0 0 0 0 0 0 0 0 0 0 0 0 
0 0 0 0 0 0 0 0 0 0 0 0 0 0 0 0 0 0 0 0 0 0 0 0 0 0 0 0 0 0 0 0 0 0 0 0 0 0 0 0 0 0 0 0 0 0 0 0 0 0 0 0 0 0 0 0 0 0 0 0 0 0 0 0 0 0 0 0 0 
0 0 0 0 0 0 0 0 0 0 0 0 0 0 0 0 0 0 0 0 0 0 0 0 0 0 0 0 0 0 0 0 0 0 0 0 0 0 0 0 0 0 0 0 0 0 0 0 0 0 0 0 0 0 0 0 0 0 0 0 0 0 0 0 0 0 0 0 0 
0 0 0 0 0 0 0 0 0 0 0 0 0 0 0 0 0 0 0 0 0 0 0 0 0 0 0 0 0 0 0 0 0 0 0 0 0 0 0 0 0 0 0 0 0 0 0 0 0 0 0 0 0 0 0 0 0 0 0 0 0 0 0 0 0 0 0 0 0 
0 0 0 0 0 0 0 0 0 0 0 0 0 0 0 0 0 0 0 0 0 0 0 0 0 0 0 0 0 0 0 0 0 0 0 0 0 0 0 0 0 0 0 0 0 0 0 0 0 0 0 0 0 0 0 0 0 0 0 0 0 0 0 0 0 0 0 0 0 
0 0 0 0 0 0 0 0 0 0 0 0 0 0 0 0 0 0 0 0 0 0 0 0 0 0 0 0 0 0 0 0 0 0 0 0 0 0 0 0 0 0 0 0 0 0 0 0 0 0 0 0 0 0 0 0 0 0 0 0 0 0 0 0 0 0 0 0 0 
0 0 0 0 0 0 0 0 0 0 0 0 0 0 0 0 0 0 0 0 0 0 0 0 0 0 0 0 0 0 0 0 0 0 0 0 0 0 0 0 0 0 0 0 0 0 0 0 0 0 0 0 0 0 0 0 0 0 0 0 0 0 0 0 0 0 0 0 0 
