0 0 0 0 0 0 0 0 0 0 0 0 0 0 0 0 0 0 0 0 0 0 0 0 0 0 0 0 0 0 0 0 0 0 0 0 0 0 0 0 0 0 0 0 0 0 0 0 0 0 0 0 0 0 0 0 0 0 0 0 0 0 0 0 0 0 0 0 0 
0 0 0 0 0 0 0 0 0 0 0 0 0 0 0 0 0 0 0 0 0 0 0 0 0 0 0 0 0 0 0 0 0 0 0 0 0 0 0 0 0 0 0 0 0 0 0 0 0 0 0 0 0 0 0 0 0 0 0 0 0 0 0 0 0 0 0 0 0 
0 0 0 0 0 0 0 0 0 0 0 0 0 0 0 0 0 0 0 0 0 0 0 0 0 0 0 0 0 0 0 0 0 0 0 0 0 0 0 0 0 0 0 0 0 0 0 0 0 0 0 0 0 0 0 0 0 0 0 0 0 0 0 0 0 0 0 0 0 
0 0 0 0 0 0 0 0 0 0 0 0 0 0 0 0 0 0 0 0 0 0 0 0 0 0 0 0 0 0 0 0 0 0 0 0 0 0 0 0 0 0 0 0 0 0 0 0 0 0 0 0 0 0 0 0 0 0 0 0 0 0 0 0 0 0 0 0 0 
0 0 0 0 0 0 0 0 0 0 0 0 0 0 0 0 0 0 0 0 0 0 0 0 0 0 0 0 0 0 0 0 0 0 0 0 0 0 0 0 0 0 0 0 0 0 0 0 0 0 0 0 0 0 0 0 0 0 0 0 0 0 0 0 0 0 0 0 0 
0 0 0 0 0 0 0 0 0 0 0 0 0 0 0 0 0 0 0 0 0 0 0 0 0 0 0 0 0 0 0 0 0 0 0 0 0 0 0 0 0 0 0 0 0 0 0 0 0 0 0 0 0 0 0 0 0 0 0 0 0 0 0 0 0 0 0 0 0 
0 0 0 0 0 0 0 0 0 0 0 0 0 0 0 0 0 0 0 0 0 0 0 0 0 0 0 0 0 0 0 0 0 0 0 0 0 0 0 0 0 0 0 0 0 0 0 0 0 0 0 0 0 0 0 0 0 0 0 0 0 0 0 0 0 0 0 0 0 
0 0 0 0 0 0 0 0 0 0 0 0 0 0 0 0 0 0 0 0 0 0 0 0 0 0 0 0 0 0 0 0 0 0 0 0 0 0 0 0 0 0 0 0 0 0 0 0 0 0 0 0 0 0 0 0 0 0 0 0 0 0 0 0 0 0 0 0 0 
0 0 0 0 0 0 0 0 0 0 0 0 0 0 0 0 0 0 0 0 0 0 0 0 0 0 0 0 0 0 0 0 0 0 0 0 0 0 0 0 0 0 0 0 0 0 0 0 0 0 0 0 0 0 0 0 0 0 0 0 0 0 0 0 0 0 0 0 0 
0 0 0 0 0 0 0 0 0 0 0 0 0 0 0 0 0 0 0 0 0 0 0 0 0 0 0 0 0 0 0 0 0 0 0 0 0 0 0 0 0 0 0 0 0 0 0 0 0 0 0 0 0 0 0 0 0 0 0 0 0 0 0 0 0 0 0 0 0 
0 0 0 0 0 0 0 0 0 0 0 0 0 0 0 0 0 0 0 0 0 0 0 0 0 0 0 0 0 0 0 0 0 0 0 0 0 0 0 0 0 0 0 0 0 0 0 0 0 0 0 0 0 0 0 0 0 0 0 0 0 0 0 0 0 0 0 0 0 
0 0 0 0 0 0 0 0 0 0 0 0 0 0 0 0 0 0 0 0 0 0 0 0 0 0 0 0 0 0 0 0 0 0 0 0 0 0 0 0 0 0 0 0 0 0 0 0 0 0 0 0 0 0 0 0 0 0 0 0 0 0 0 0 0 0 0 0 0 
0 0 0 0 0 0 0 0 0 0 0 0 0 0 0 0 0 0 0 0 0 0 0 0 0 0 0 0 0 0 0 0 0 0 0 0 0 0 0 0 0 0 0 0 0 0 0 0 0 0 0 0 0 0 0 0 0 0 0 0 0 0 0 0 0 0 0 0 0 
0 0 0 0 0 0 0 0 0 0 0 0 0 0 0 0 0 0 0 0 0 0 0 0 0 0 0 0 0 0 0 0 0 0 0 -0.000161077 -3.79723e-05 0 0 0 0 0 0 0 0 0 0 0 0 0 0 0 0 0 0 0 0 0 0 0 0 0 0 0 0 0 0 0 0 
0 0 0 0 0 0 0 0 0 0 0 0 0 0 0 0 0 0 0 0 0 0 0 0 0 0 0 0 -2.86968e-05 -7.27473e-08 0 -7.44259e-05 -0.000216821 0 0 -0.000633741 -0.000605488 -6.50093e-06 -0.0001196 -0.000575394 -1.03874e-05 -4.71227e-05 0 0 0 0 0 0 0 0 0 0 0 0 0 0 0 0 0 0 0 0 0 0 0 0 0 0 0 
0 0 0 0 0 0 0 0 0 0 0 0 0 0 0 0 0 0 0 0 0 0 0 0 0 0 -0.000215969 -0.000104821 -0.00128852 -0.000569628 -6.68817e-05 -0.000664289 -0.000995825 -0.000775535 -0.000282618 -0.000616958 -0.00209235 -0.000895897 -0.000821539 -0.000211336 -0.000257302 -0.000615324 -0.000105656 -0.000178005 0 0 0 0 0 0 0 0 0 0 0 0 0 0 0 0 0 0 0 0 0 0 0 0 0 
0 0 0 0 0 0 0 0 0 0 0 0 0 0 0 0 0 0 0 0 0 0 0 0 0 -6.52629e-05 -0.000961314 -0.00042093 -0.000557403 -0.00147076 -0.000318844 -0.00108731 -0.00162377 -0.00153155 -0.000113711 -0.000745861 -0.00157205 -0.000980286 -0.000463909 -0.000426289 -0.00162396 -0.0003892 -0.00168167 -0.000988062 -0.00033424 0 0 0 0 0 0 0 0 0 0 0 0 0 0 0 0 0 0 0 0 0 0 0 0 
0 0 0 0 0 0 0 0 0 0 0 0 0 0 0 0 0 0 0 0 0 0 -9.48974e-05 -0.000571733 -0.00079471 -0.000548314 -0.00128841 -0.00141994 -0.000214664 -0.000475599 -5.29725e-05 -0.000565886 -0.000785002 -0.00064696 -0.0014022 -0.000830117 -0.000478015 -0.000787783 0 0 -1.48339e-05 -0.00116868 -0.00169213 -0.000785375 -0.00176472 -0.000412004 -3.21386e-05 0 0 0 0 0 0 0 0 0 0 0 0 0 0 0 0 0 0 0 0 0 0 
0 0 0 0 0 0 0 0 0 0 0 0 0 0 0 0 0 0 0 0 0 0 -6.52173e-05 -0.00118715 -0.00178019 -0.00147815 -0.000461918 -0.000731169 -0.000556331 0 -0.000262322 -0.00130484 -0.000553629 -0.000635589 -0.000486002 -0.00046919 -0.0013556 -0.000646339 -0.000412173 -0.000816997 -0.000139124 -0.000415393 -0.000406631 -0.00154537 -0.000867776 -0.000772131 -0.000508943 0 0 0 0 0 0 0 0 0 0 0 0 0 0 0 0 0 0 0 0 0 0 
0 0 0 0 0 0 0 0 0 0 0 0 0 0 0 0 0 0 0 0 -6.70688e-05 -0.000743885 -6.63204e-05 -0.00131936 -0.00155857 -0.00102593 -0.000582241 -0.0002331 -0.000464278 -0.000138536 -0.000266735 -0.000630472 -0.00124962 -0.000528987 -0.000280492 -0.000397193 -0.00120365 -0.000826426 -0.00064276 -0.000629747 -0.000225238 -0.000329189 -0.000849697 -0.000101214 -0.0012804 -0.000743163 -0.000420138 -3.57443e-05 -0.000380849 -2.89507e-06 0 0 0 0 0 0 0 0 0 0 0 0 0 0 0 0 0 0 0 
0 0 0 0 0 0 0 0 0 0 0 0 0 0 0 0 0 0 0 0 -0.000646023 -0.000745715 -0.000502563 -0.000824053 -0.00187853 -0.000800513 -0.000479013 -0.000955813 -0.00169444 -0.00132666 -0.0010658 -0.000166827 -0.000665981 -0.00119182 -0.000652257 -0.000340873 -0.000219002 -0.000303251 -0.000902003 -0.00135069 -0.000556889 -0.00116242 -0.000579225 -0.00104435 -0.00108615 -0.000556298 -0.000683745 -0.000545672 -0.00081343 -2.01207e-05 -3.76572e-06 0 0 0 0 0 0 0 0 0 0 0 0 0 0 0 0 0 0 
0 0 0 0 0 0 0 0 0 0 0 0 0 0 0 0 0 0 -0.00011634 -0.000958223 -0.00102508 -0.000501107 -0.000101916 -0.000898662 -0.00090044 -0.001063 -0.000527887 -0.00224197 -0.00186202 -0.00192432 -0.000775525 -0.000839581 -0.00180575 -0.00145934 -0.000413369 -0.000549173 -0.00157629 -0.0006683 -0.000206847 -0.00194177 -0.00147158 -0.000371845 -0.00103543 -0.000820145 -0.000695213 -0.00135566 -0.00106815 -0.00086038 -0.000905727 -0.000668369 -0.00045006 -0.000138735 0 0 0 0 0 0 0 0 0 0 0 0 0 0 0 0 0 
0 0 0 0 0 0 0 0 0 0 0 0 0 0 0 0 0 0 -0.000236094 -0.000373852 -0.0010658 -0.000550955 -0.000158471 -0.00158962 -0.00179829 -0.001614 -0.00105191 -0.0010963 -0.000962869 -0.00105611 -0.000135344 -0.00236538 -0.00111051 -0.00147535 -0.00214905 -0.00202467 -0.000625037 -0.000131552 -0.000122778 -0.000782014 -0.000354203 -0.000279104 -0.000243835 -0.000795504 -0.00137369 -0.000950324 -0.000656106 -0.00115824 -0.00172164 -0.000529096 -0.00171112 -0.00122961 0 0 0 0 0 0 0 0 0 0 0 0 0 0 0 0 0 
0 0 0 0 0 0 0 0 0 0 0 0 0 0 0 0 0 -0.000335205 -0.00123065 -0.000448188 -0.000272794 -0.000329699 -0.000315857 -0.000758731 -0.000746301 -0.000283335 -0.000905291 -1.76582e-06 -0.000241354 -0.000701402 -0.000248718 -0.000227024 -0.000573528 -0.00100386 -0.00238721 -0.00232899 -0.000425217 -0.000893684 -0.000386497 -0.000442976 -0.00051246 -0.0003382 -3.7237e-05 -0.00131812 -0.0018043 -0.000875065 -0.000306284 -0.000647338 -0.000291027 -0.000830696 -0.00097742 -0.00041974 0 0 0 0 0 0 0 0 0 0 0 0 0 0 0 0 0 
0 0 0 0 0 0 0 0 0 0 0 0 0 0 0 0 0 -0.000666713 -0.00056428 -0.000400594 -0.00120896 -0.000180887 -0.00145452 -0.00201757 -0.000411271 -0.000887858 -0.000394276 0 -0.000763416 -0.000846398 -0.000357311 -0.000409184 -0.000362569 -0.000469344 -0.00137582 -0.00163192 -0.000107043 -0.00131405 -0.000991011 -0.000369751 -6.59608e-05 0 -0.00103381 -0.000252714 -0.00102135 -0.000833719 -0.000860289 -0.000441914 -0.000465782 -0.000435987 -0.000698238 -0.000355782 -0.000353202 -3.4015e-05 0 0 0 0 0 0 0 0 0 0 0 0 0 0 0 
0 0 0 0 0 0 0 0 0 0 0 0 0 0 0 0 0 -0.00149494 -0.00227816 -0.00205578 -0.00179751 -0.000857285 -0.000804336 -0.00124477 -0.000318253 -0.000404753 -0.000768856 -0.000191638 -0.000333793 -0.00152434 -0.00196799 -0.00210201 -0.000824316 -0.000377312 -0.000631838 -0.000997492 -0.000204604 -7.88767e-05 -0.000687675 -1.79654e-06 -4.28562e-05 -0.000328873 -0.00106546 -0.00107297 -0.000727418 -0.00012253 -0.000241496 -0.000362951 -0.0010989 -0.000511732 0 -0.000566844 -0.00171444 -0.000614556 0 0 0 0 0 0 0 0 0 0 0 0 0 0 0 
0 0 0 0 0 0 0 0 0 0 0 0 0 0 0 0 -0.000270743 -0.000140345 -0.000665975 -0.000679054 -0.00248643 -0.00173312 -0.000665098 -0.00287728 -0.0010677 -0.000686827 -0.00085884 -0.00135548 -0.000255947 -0.00128286 -0.00509379 -0.00258354 -0.00520804 -0.00063301 -0.00109604 -0.00213967 -0.00133934 -0.00108538 -0.000126121 -0.000462266 -0.000431759 -0.000536295 -0.000966525 -0.00145518 -0.000924552 -0.000577685 -0.000850849 -0.000186257 -0.000955488 -0.00203749 -0.000327024 -0.00296905 -0.0035556 -0.000794596 -9.25293e-05 0 0 0 0 0 0 0 0 0 0 0 0 0 0 
0 0 0 0 0 0 0 0 0 0 0 0 0 0 0 0 -0.00025691 -0.000400078 -0.000424806 0 -0.000498159 -0.00120436 -0.000780549 -0.000798463 -0.00122192 -0.000824343 -0.00148608 -0.00167319 -0.000275999 -0.000235837 -0.000220998 -0.000871416 -0.00180817 -7.26191e-05 -0.000290709 -0.00128718 -0.00106968 -0.00161875 -0.00116244 -0.000456544 -0.00024914 -0.000418469 -0.00149214 -0.000671455 -0.000277443 -0.00139965 -0.0011597 -0.000611454 -0.000906559 -0.000977115 -0.000840234 -0.00267793 -0.00244782 -0.0010894 -0.00014777 0 0 0 0 0 0 0 0 0 0 0 0 0 0 
0 0 0 0 0 0 0 0 0 0 0 0 0 0 0 0 0 -0.0011155 -0.000608966 -0.000123729 -0.000888443 -0.000755623 -0.000121834 -0.000844318 -0.00121636 -0.000426853 -0.000120123 -0.000703738 -0.00070297 -7.84075e-05 0 -0.000426616 -0.00121964 -0.000584645 -0.000238152 -0.000669595 -0.000921571 -0.000824175 -0.000679552 -0.000414786 -0.00202038 -0.00110593 -0.000563709 -0.000157873 -0.000548055 -0.0012819 -0.00073155 -0.000847508 -0.00111986 -0.000332958 -0.000848973 -0.000604556 -0.000656552 -0.000986775 -0.000880074 -0.000258505 0 0 0 0 0 0 0 0 0 0 0 0 0 
0 0 0 0 0 0 0 0 0 0 0 0 0 0 0 0 0 -0.00142357 -0.00150261 -0.00131025 -0.00082177 -0.00102751 -0.000395088 -0.000353307 -0.00137092 -0.00097184 -0.00020171 0 -0.00132992 -0.00191622 -0.00132189 -0.000543772 -0.000772842 -0.000419646 -0.000814131 -0.000621577 -0.0020685 -0.000225258 -3.79773e-05 -0.000611636 -0.000453423 -0.00060234 -0.00141891 -0.00139615 -8.91898e-06 -0.00118897 -0.000124347 -0.000422235 -0.000676169 -0.00177613 -0.0013149 -0.00104916 -0.00108396 -0.00109362 -0.000722514 -0.000466968 0 0 0 0 0 0 0 0 0 0 0 0 0 
0 0 0 0 0 0 0 0 0 0 0 0 0 0 0 0 -0.000451513 -0.000487528 -0.00146226 -0.00148987 -0.000840199 -0.000385504 -0.000621728 -0.000424952 -0.00147839 -0.00232491 -0.000696982 -0.000187546 -0.000528761 -0.00173707 -0.00132242 -0.000741309 -0.000736105 -0.000782748 -0.00102335 -0.000483561 -0.000374059 -1.19197e-05 -0.000172312 -0.000623413 -0.000236328 -0.000242928 -0.00300249 -0.00210524 -0.000123063 -0.00271659 -0.000369189 -0.000108073 -0.0003474 -0.00108502 -0.000327547 -0.000326918 -0.000958358 -0.000920314 -0.000296666 -6.78407e-05 0 0 0 0 0 0 0 0 0 0 0 0 0 
0 0 0 0 0 0 0 0 0 0 0 0 0 0 0 0 -0.000273021 -0.000454774 -0.000956654 -0.000760534 -0.000499459 -0.000636335 -0.000469527 -0.000599191 -0.000205689 -0.00113847 -0.000974093 -0.00232065 -0.000962889 -0.000303635 -0.00135407 -0.000224394 -0.000530089 -0.000498946 -0.00175118 -0.000763646 -0.000328904 -0.00106553 -0.00095846 -0.00135417 -0.000313782 -0.000136444 -0.00203514 -0.00206768 -0.000455118 -0.00124089 -0.000230095 -5.29402e-05 -0.000421688 -0.000627498 -0.000193998 -0.000168103 -0.00127872 -0.00164109 -0.000726093 0 0 0 0 0 0 0 0 0 0 0 0 0 0 
0 0 0 0 0 0 0 0 0 0 0 0 0 0 0 -0.000202528 -0.00239556 -0.0013759 -0.000563106 -0.000777131 -0.000695817 -0.000759106 -0.00109785 -0.000195509 -0.000234056 -0.00132659 -0.00228883 -0.00108575 -0.000718837 -0.000260652 -0.000444935 -0.000832975 -0.000387167 -0.000783815 -0.00488667 -0.00439737 -0.00128214 -0.000199267 -0.00078065 -0.000966689 -0.000142806 -0.000323044 -0.00121395 -0.00107305 -0.0015595 -0.00116065 -0.00218127 -0.00107753 -0.00305926 -0.000916477 -0.00122279 -0.000927354 -0.0018459 -0.0004077 -0.000366831 0 0 0 0 0 0 0 0 0 0 0 0 0 0 
0 0 0 0 0 0 0 0 0 0 0 0 0 0 -0.000398075 -0.00152328 -0.00237052 -0.00178985 -0.000202144 -0.000708245 -0.00238221 -0.00111155 -0.000819036 -0.000110134 -8.50714e-05 -0.000594701 -0.00215941 -0.00119511 -0.000526454 -2.4592e-05 -0.00121944 -0.00997105 -0.00159871 -0.00434299 -0.0896919 -0.12953 -0.0375951 -0.000806685 -0.00167298 -0.00135153 -0.000193674 -0.000314415 -0.000508087 -0.000576074 -0.00204666 -0.00233117 -0.00112185 -0.00195755 -0.000622462 -0.000157796 -0.000465753 -0.000842407 -0.00228334 -0.00024098 -0.000754633 -4.2525e-05 -5.02869e-06 0 0 0 0 0 0 0 0 0 0 0 0 
0 0 0 0 0 0 0 0 0 0 0 0 0 -1.90922e-05 -0.0011691 -0.000607573 -0.00084389 -0.00182315 -0.000452172 -0.00110464 -0.00357918 -0.00300681 -0.000945265 -6.14345e-05 -0.000668126 -0.00187588 -0.00187739 -0.000239696 0 -8.57732e-05 -0.00359293 -0.0913398 -0.0478522 -0.0110832 -0.171036 -0.396937 -0.289797 -0.0200395 -0.000930457 -0.000317403 -0.000290676 -0.000223463 -0.000515973 -0.000873913 -0.00141703 -0.0029054 -0.00133147 -0.00145286 -0.000161067 -3.96464e-05 -0.00043237 -0.000891392 -0.00143396 -0.00168065 -0.00247544 -0.00111318 -0.000201335 0 0 0 0 0 0 0 0 0 0 0 0 
0 0 0 0 0 0 0 0 0 0 0 0 0 -4.61042e-06 -0.000791168 -0.000431324 -0.000651789 -2.36239e-05 -0.000118604 -0.000656576 -0.00106847 -0.00210729 -0.0010231 -0.00024879 0 -0.000110203 -0.000310493 -0.000558528 -0.000420009 -0.00184168 -0.00100545 -0.0470345 -0.139536 -0.130545 -0.181423 -0.191915 -0.133443 -0.0625877 -0.000274326 -0.000357423 -0.000966293 -0.000193171 -0.000342268 -0.000695038 -0.00118841 -0.00122961 -0.00102248 -0.000792919 -0.00149042 -0.000348665 -0.00125193 -0.000738485 -0.000320168 -0.00148205 -0.00163216 -0.000551085 0 0 0 0 0 0 0 0 0 0 0 0 0 
0 0 0 0 0 0 0 0 0 0 0 0 0 0 -0.000180089 -0.00103639 -0.00022574 0 -5.94056e-05 -0.000484745 -0.00107414 -0.00153866 -0.000333679 -0.000480534 -0.00144907 -0.00140422 -0.000645338 -0.000968876 -0.000341388 -0.00124359 -0.000284128 -6.81698e-05 -0.00470602 -0.0168716 -0.00883673 -0.00154073 -0.0509717 -0.0709863 -0.000844187 -0.000618309 -0.000913815 -0.0018305 -0.00161391 -0.000750422 -0.00217015 -0.00139486 -0.00058151 -0.000470009 -0.000811388 -0.00114502 -0.000634162 -0.00115747 -0.000428622 -0.000520535 -0.00043505 -0.000188453 0 0 0 0 0 0 0 0 0 0 0 0 0 
0 0 0 0 0 0 0 0 0 0 0 0 0 0 -4.60871e-05 -0.00025478 -0.00113941 -0.000200269 -0.000797504 -0.000155997 -0.00206493 -0.00176343 -0.000397464 -0.000436741 -0.00160615 -0.000376353 -0.000760761 -0.000776541 -0.000210189 -0.000272418 0 -0.000654262 -0.00131408 -0.000403156 0 0 -0.00304779 -0.00501515 -0.00142087 -0.000764744 -0.000626571 -0.000844074 -0.000720617 -0.000465934 -0.000763627 -0.000897848 -0.000493485 -0.000242712 -0.000364173 -0.00293663 -0.00202131 -0.00152608 -0.000885681 -0.000152827 -0.00130956 -0.000927857 -4.27808e-05 0 0 0 0 0 0 0 0 0 0 0 0 
0 0 0 0 0 0 0 0 0 0 0 0 0 0 -0.000451495 -0.000300161 -0.00061359 -0.00165769 -0.000892542 -0.000557281 -0.000765117 -0.00130535 -0.000222367 -0.000510356 -0.000339262 -0.000406525 -0.000127092 -0.000690209 -0.000762972 -0.000720674 -8.88615e-05 -0.00108391 -0.00167743 -0.00129136 -0.00175455 -0.000716213 -0.0003027 -6.99195e-05 -0.00121917 -0.000927893 -9.78643e-05 -0.000664625 -0.00071108 -0.00143904 -0.000653282 -0.00104966 -0.0016301 -0.00046478 -0.000352819 -0.00188984 -0.0013835 -0.000458941 -0.0014269 -0.000343621 -0.000632638 -0.00052644 -3.7763e-05 0 0 0 0 0 0 0 0 0 0 0 0 
0 0 0 0 0 0 0 0 0 0 0 0 0 0 -2.97432e-05 -1.97737e-05 -0.000110342 -0.000642018 -0.000425898 -0.000725388 -0.000116941 -0.000430867 -0.00112181 -0.000534778 -0.00057126 -0.00164389 -0.00136838 -0.00222278 -0.00181062 -0.000176532 -0.000912853 -0.00051684 -0.000269555 -0.000859263 -0.00142268 -0.00137742 -0.00100372 -0.000547725 -0.00161759 -0.00174792 -0.000164492 -0.000875594 -0.000495965 -0.00153993 -0.00152611 -0.00217468 -0.000831625 -0.000689475 -0.00212057 -0.00109015 -0.00105057 -0.00166841 -0.000298841 -0.00268623 -0.00121375 -0.000218682 0 0 0 0 0 0 0 0 0 0 0 0 0 
0 0 0 0 0 0 0 0 0 0 0 0 0 0 0 -0.000277637 -0.000285333 -0.000211511 -0.00173903 -0.00211037 -0.000677885 -0.00114479 -0.00107445 -0.000579444 -0.00060657 -0.00155241 -0.00280191 -0.00113514 -0.000651575 -0.000115131 -0.000702318 -0.00063564 -0.000815423 -0.00282861 -0.00753818 -0.000713355 -0.00192411 -0.000718871 -0.00123324 -0.00164737 -0.00143403 -0.00222805 -0.00106697 -0.000904523 -0.00109119 -0.00107896 -0.00057051 -0.000283907 -0.00121704 -0.000939623 -0.000603927 -0.000254613 -0.00062929 -0.00184255 -0.000246254 0 0 0 0 0 0 0 0 0 0 0 0 0 0 
0 0 0 0 0 0 0 0 0 0 0 0 0 0 0 -0.000941929 -0.000698529 -0.000573861 -0.00177233 -0.00370553 -0.00100363 -0.000522697 -0.000228591 -0.000655453 -0.00119093 -0.00191467 -0.00199163 -0.00113564 -0.000409508 0 -0.000152716 -0.000987845 -0.00104516 -0.00183416 -0.00302706 -0.000613197 -0.00266844 -0.000782066 -0.00112718 -0.000557628 -0.0002472 -0.000554813 -0.000932546 -0.00064073 -0.000712976 -0.000536987 -0.000913761 -0.00126786 -0.000575112 -0.000470975 -0.0011935 -0.000201089 -0.000284979 -0.00023608 -7.78364e-06 0 0 0 0 0 0 0 0 0 0 0 0 0 0 
0 0 0 0 0 0 0 0 0 0 0 0 0 0 0 -0.000355417 -0.00114229 -0.000877307 -0.000189273 -0.000155821 -0.00063593 -0.000876737 -0.000630996 -6.10471e-05 -0.000426031 -0.000634522 -0.00166522 -0.00190315 -0.00122719 -0.000293869 -8.3341e-05 -0.000570231 -0.00276148 -0.000551093 -0.000336595 -0.000139389 -0.000686742 -0.00131363 -0.00111038 -0.00154471 -0.000783244 -0.000971601 -0.00246158 -0.00313225 -0.000915775 -0.00124945 -0.00105342 -0.0028529 -0.000235776 -0.000670171 -0.000462733 -0.000623825 -0.000210445 -0.000663015 -0.000135246 0 0 0 0 0 0 0 0 0 0 0 0 0 0 
0 0 0 0 0 0 0 0 0 0 0 0 0 0 0 -5.8769e-06 -0.0007805 -0.000597402 -0.00022377 -0.000193728 -0.000402572 -0.00136879 -0.00378867 -0.00130447 -0.000203656 -0.000590794 -0.00259013 -0.00123502 -0.00141498 -0.000953617 -0.000473862 -0.000829607 -0.00123304 -0.00101309 -0.00120818 -0.00060446 -0.000204272 -0.000456114 -0.00153887 -0.00113048 -0.00145796 -0.00118788 -0.00181247 -0.00114513 -0.000807104 -0.00136757 -0.00111866 -0.000183183 0 -0.000922475 -0.00106448 -0.000802934 -0.000322424 -0.00101473 -7.59593e-05 0 0 0 0 0 0 0 0 0 0 0 0 0 0 
0 0 0 0 0 0 0 0 0 0 0 0 0 0 0 -9.19444e-06 -0.000905718 -0.000530786 -0.000545508 -0.000592037 -0.00110661 -0.00163091 -0.00274828 -0.00162661 -0.000290485 -0.000457664 -0.000533304 -0.000376914 -0.000766058 -0.000584729 -0.00111729 -0.00118744 -0.00098217 -0.000502246 -0.000945585 -0.00062191 -0.000990531 -0.00127249 -0.00130515 -0.000221575 -0.000870164 -0.000751418 -0.000908764 -0.000863791 -0.000707372 -0.000435188 -0.000159602 -0.000177295 -0.000387675 -0.000757887 -0.00131337 -0.00091875 -5.56528e-05 -0.00037346 -9.81047e-06 0 0 0 0 0 0 0 0 0 0 0 0 0 0 
0 0 0 0 0 0 0 0 0 0 0 0 0 0 0 0 -0.000570499 -0.00105032 -0.000954585 -0.00141533 -0.00306421 -0.00193253 -0.00414298 -0.000554787 -0.000628635 -0.00106709 -0.000678085 -0.000394052 -0.000571257 -0.00101273 -0.0018685 -0.00244887 -0.00103199 -0.00030577 -3.64681e-05 -0.000585934 -0.000614519 -0.000632008 -0.00104845 -0.00128288 -0.00153802 -0.00106929 -0.000978338 -0.00146435 -0.000829382 -0.00094012 -0.000109209 -0.000547079 -0.000865253 -0.000317783 -0.00111504 -0.000475373 -0.000656783 -0.000118972 0 0 0 0 0 0 0 0 0 0 0 0 0 0 0 
0 0 0 0 0 0 0 0 0 0 0 0 0 0 0 0 -1.86529e-05 -4.68407e-05 -0.000901236 -0.00125276 -0.000542035 -0.00342966 -0.00130939 -0.000553793 -0.000565336 -0.000255557 -0.000551147 -0.00115673 -0.000673216 -0.00185442 -0.000700858 -0.00336162 -0.000492044 -0.000243457 0 -0.000447627 -0.000833157 -0.000818674 -0.000423896 -0.00152779 -0.00290464 -0.00203872 -0.00132787 -0.000346803 -0.000534028 -0.0011524 -0.000590801 -9.5813e-05 -0.000176425 -0.000149194 -0.000308674 -0.000984975 -2.55249e-05 -3.90261e-06 0 0 0 0 0 0 0 0 0 0 0 0 0 0 0 
0 0 0 0 0 0 0 0 0 0 0 0 0 0 0 0 0 0 -0.000420601 -0.00051633 -0.000367533 -0.000112471 -0.00069463 -0.00144745 -0.0017525 -0.00109279 -0.000503164 -0.00290956 -0.000973487 -0.00164341 -0.000220057 -0.00216031 -0.000280589 -0.000288149 -0.000535899 -0.00027105 -0.000380359 -4.9296e-05 -0.000803567 -0.000581146 -0.00262813 -0.00170491 -0.000141933 0 -0.000609811 -0.00189436 -0.0018214 -2.36837e-05 -2.33217e-06 -0.000134017 -0.000126541 0 0 0 0 0 0 0 0 0 0 0 0 0 0 0 0 0 0 
0 0 0 0 0 0 0 0 0 0 0 0 0 0 0 0 0 0 0 -0.000231187 -0.000443316 -0.00187275 -0.00100208 -0.00169001 -0.00141453 -0.00106941 -0.000200339 -0.00233991 -0.000884776 -0.000344408 -0.000545813 -0.00161073 -0.00111138 -0.000696202 -0.00286209 -0.000671941 -0.00048191 -0.000265463 -0.00023524 -0.000963567 -0.00105458 -0.000506888 0 -3.26002e-05 -0.000483142 -0.00163308 -0.000213908 -0.000570664 -0.000606731 -0.000905172 -0.000262551 0 0 0 0 0 0 0 0 0 0 0 0 0 0 0 0 0 0 
0 0 0 0 0 0 0 0 0 0 0 0 0 0 0 0 0 0 0 -0.000361747 -0.00132347 -0.000359315 -0.00154886 -0.00138077 -0.000780104 -0.000859655 -0.000250534 -0.000381988 -0.000240677 -0.000576039 -0.000699783 -0.000778339 -0.0020159 -0.000959702 -0.00138061 -0.00137525 -0.000888065 -0.000343113 -0.000715404 -0.00104583 -0.00137786 -0.000571647 -0.000896706 -0.00110472 -0.000526397 -0.000403667 -0.000256988 -0.000909484 -0.000104664 -9.46817e-05 0 0 0 0 0 0 0 0 0 0 0 0 0 0 0 0 0 0 0 
0 0 0 0 0 0 0 0 0 0 0 0 0 0 0 0 0 0 0 -4.17963e-06 -0.000136834 -0.000341554 -0.00285941 -0.00187096 -0.00139092 -0.00103191 -0.000865775 -0.00130737 -0.000131108 -0.000864409 -0.00167531 -0.00104888 -0.000719145 -0.00100445 -0.0017169 -0.000547497 -0.000551217 -0.000328298 -0.00020839 -1.95118e-05 -0.000151585 -0.000142696 -0.000390022 -0.00100479 -0.000372583 -0.000807101 -0.00139823 -0.000434871 0 0 0 0 0 0 0 0 0 0 0 0 0 0 0 0 0 0 0 0 0 
0 0 0 0 0 0 0 0 0 0 0 0 0 0 0 0 0 0 0 0 0 0 -0.00049352 -0.000550788 -0.000685093 -0.00036507 -0.00030122 -0.00154717 -0.000997032 -0.000664274 -0.00102509 -0.00237891 -0.00116497 -0.00177784 -0.000608956 -0.00102017 -0.00147964 -0.00168323 -0.000278091 -0.000811544 -0.000800356 -0.00157163 -0.00122788 -0.000967754 -0.000606826 -0.00177471 -0.000342616 -0.000118118 0 0 0 0 0 0 0 0 0 0 0 0 0 0 0 0 0 0 0 0 0 
0 0 0 0 0 0 0 0 0 0 0 0 0 0 0 0 0 0 0 0 0 0 0 -0.000363065 -0.00126802 -0.00137879 -0.000674594 -0.00106968 -0.000788785 -0.000714388 -0.000443272 -0.00350197 -0.00147056 -0.00100099 -0.00148912 -0.000945083 -0.00198131 -0.0012112 -0.00109496 -0.00221816 -0.000733669 -0.00145507 -0.00199574 -0.000477478 -0.000467699 -0.000730269 0 0 0 0 0 0 0 0 0 0 0 0 0 0 0 0 0 0 0 0 0 0 0 
0 0 0 0 0 0 0 0 0 0 0 0 0 0 0 0 0 0 0 0 0 0 0 0 -0.000108842 -0.000158602 -0.000634176 -0.00160733 -0.000787962 -0.000189169 -0.000548162 -0.00122955 -0.00101507 -0.000500928 -0.000147565 -0.000908642 -0.0015883 -0.000662012 -0.00128322 -0.00183837 -0.000838388 -0.00113201 -0.000839531 0 0 0 0 0 0 0 0 0 0 0 0 0 0 0 0 0 0 0 0 0 0 0 0 0 0 
0 0 0 0 0 0 0 0 0 0 0 0 0 0 0 0 0 0 0 0 0 0 0 0 0 0 -0.000117388 -0.00112266 -0.00108562 -0.000689573 -2.09902e-05 -0.00120385 -0.000591827 -0.00114236 -0.000138184 -0.00166678 -0.00074193 -0.00184467 -0.00145951 -0.00148814 -0.000637226 -0.000807552 -0.000930937 0 0 0 0 0 0 0 0 0 0 0 0 0 0 0 0 0 0 0 0 0 0 0 0 0 0 
0 0 0 0 0 0 0 0 0 0 0 0 0 0 0 0 0 0 0 0 0 0 0 0 0 0 0 0 -6.59763e-05 -4.28605e-05 -1.77833e-05 -0.000793239 -0.000630443 -0.000387634 -3.99451e-06 -0.000172185 -0.000582828 -0.000886791 -0.000457127 -2.95648e-05 -0.000169491 0 0 0 0 0 0 0 0 0 0 0 0 0 0 0 0 0 0 0 0 0 0 0 0 0 0 0 0 
0 0 0 0 0 0 0 0 0 0 0 0 0 0 0 0 0 0 0 0 0 0 0 0 0 0 0 0 0 0 0 0 0 0 0 0 0 0 0 0 0 0 0 0 0 0 0 0 0 0 0 0 0 0 0 0 0 0 0 0 0 0 0 0 0 0 0 0 0 
0 0 0 0 0 0 0 0 0 0 0 0 0 0 0 0 0 0 0 0 0 0 0 0 0 0 0 0 0 0 0 0 0 0 0 0 0 0 0 0 0 0 0 0 0 0 0 0 0 0 0 0 0 0 0 0 0 0 0 0 0 0 0 0 0 0 0 0 0 
0 0 0 0 0 0 0 0 0 0 0 0 0 0 0 0 0 0 0 0 0 0 0 0 0 0 0 0 0 0 0 0 0 0 0 0 0 0 0 0 0 0 0 0 0 0 0 0 0 0 0 0 0 0 0 0 0 0 0 0 0 0 0 0 0 0 0 0 0 
0 0 0 0 0 0 0 0 0 0 0 0 0 0 0 0 0 0 0 0 0 0 0 0 0 0 0 0 0 0 0 0 0 0 0 0 0 0 0 0 0 0 0 0 0 0 0 0 0 0 0 0 0 0 0 0 0 0 0 0 0 0 0 0 0 0 0 0 0 
0 0 0 0 0 0 0 0 0 0 0 0 0 0 0 0 0 0 0 0 0 0 0 0 0 0 0 0 0 0 0 0 0 0 0 0 0 0 0 0 0 0 0 0 0 0 0 0 0 0 0 0 0 0 0 0 0 0 0 0 0 0 0 0 0 0 0 0 0 
0 0 0 0 0 0 0 0 0 0 0 0 0 0 0 0 0 0 0 0 0 0 0 0 0 0 0 0 0 0 0 0 0 0 0 0 0 0 0 0 0 0 0 0 0 0 0 0 0 0 0 0 0 0 0 0 0 0 0 0 0 0 0 0 0 0 0 0 0 
0 0 0 0 0 0 0 0 0 0 0 0 0 0 0 0 0 0 0 0 0 0 0 0 0 0 0 0 0 0 0 0 0 0 0 0 0 0 0 0 0 0 0 0 0 0 0 0 0 0 0 0 0 0 0 0 0 0 0 0 0 0 0 0 0 0 0 0 0 
0 0 0 0 0 0 0 0 0 0 0 0 0 0 0 0 0 0 0 0 0 0 0 0 0 0 0 0 0 0 0 0 0 0 0 0 0 0 0 0 0 0 0 0 0 0 0 0 0 0 0 0 0 0 0 0 0 0 0 0 0 0 0 0 0 0 0 0 0 
0 0 0 0 0 0 0 0 0 0 0 0 0 0 0 0 0 0 0 0 0 0 0 0 0 0 0 0 0 0 0 0 0 0 0 0 0 0 0 0 0 0 0 0 0 0 0 0 0 0 0 0 0 0 0 0 0 0 0 0 0 0 0 0 0 0 0 0 0 
0 0 0 0 0 0 0 0 0 0 0 0 0 0 0 0 0 0 0 0 0 0 0 0 0 0 0 0 0 0 0 0 0 0 0 0 0 0 0 0 0 0 0 0 0 0 0 0 0 0 0 0 0 0 0 0 0 0 0 0 0 0 0 0 0 0 0 0 0 
0 0 0 0 0 0 0 0 0 0 0 0 0 0 0 0 0 0 0 0 0 0 0 0 0 0 0 0 0 0 0 0 0 0 0 0 0 0 0 0 0 0 0 0 0 0 0 0 0 0 0 0 0 0 0 0 0 0 0 0 0 0 0 0 0 0 0 0 0 
0 0 0 0 0 0 0 0 0 0 0 0 0 0 0 0 0 0 0 0 0 0 0 0 0 0 0 0 0 0 0 0 0 0 0 0 0 0 0 0 0 0 0 0 0 0 0 0 0 0 0 0 0 0 0 0 0 0 0 0 0 0 0 0 0 0 0 0 0 
0 0 0 0 0 0 0 0 0 0 0 0 0 0 0 0 0 0 0 0 0 0 0 0 0 0 0 0 0 0 0 0 0 0 0 0 0 0 0 0 0 0 0 0 0 0 0 0 0 0 0 0 0 0 0 0 0 0 0 0 0 0 0 0 0 0 0 0 0 
