0 0 0 0 0 0 0 0 0 0 0 0 0 0 0 0 0 0 0 0 0 0 0 0 0 0 0 0 0 0 0 0 0 0 0 0 0 0 0 0 0 0 0 0 0 0 0 0 0 0 0 0 0 0 0 0 0 0 0 0 0 0 0 0 0 0 0 0 0 
0 0 0 0 0 0 0 0 0 0 0 0 0 0 0 0 0 0 0 0 0 0 0 0 0 0 0 0 0 0 0 0 0 0 0 0 0 0 0 0 0 0 0 0 0 0 0 0 0 0 0 0 0 0 0 0 0 0 0 0 0 0 0 0 0 0 0 0 0 
0 0 0 0 0 0 0 0 0 0 0 0 0 0 0 0 0 0 0 0 0 0 0 0 0 0 0 0 0 0 0 0 0 0 0 0 0 0 0 0 0 0 0 0 0 0 0 0 0 0 0 0 0 0 0 0 0 0 0 0 0 0 0 0 0 0 0 0 0 
0 0 0 0 0 0 0 0 0 0 0 0 0 0 0 0 0 0 0 0 0 0 0 0 0 0 0 0 0 0 0 0 0 0 0 0 0 0 0 0 0 0 0 0 0 0 0 0 0 0 0 0 0 0 0 0 0 0 0 0 0 0 0 0 0 0 0 0 0 
0 0 0 0 0 0 0 0 0 0 0 0 0 0 0 0 0 0 0 0 0 0 0 0 0 0 0 0 0 0 0 0 0 0 0 0 0 0 0 0 0 0 0 0 0 0 0 0 0 0 0 0 0 0 0 0 0 0 0 0 0 0 0 0 0 0 0 0 0 
0 0 0 0 0 0 0 0 0 0 0 0 0 0 0 0 0 0 0 0 0 0 0 0 0 0 0 0 0 0 0 0 0 0 0 0 0 0 0 0 0 0 0 0 0 0 0 0 0 0 0 0 0 0 0 0 0 0 0 0 0 0 0 0 0 0 0 0 0 
0 0 0 0 0 0 0 0 0 0 0 0 0 0 0 0 0 0 0 0 0 0 0 0 0 0 0 0 0 0 0 0 0 0 0 0 0 0 0 0 0 0 0 0 0 0 0 0 0 0 0 0 0 0 0 0 0 0 0 0 0 0 0 0 0 0 0 0 0 
0 0 0 0 0 0 0 0 0 0 0 0 0 0 0 0 0 0 0 0 0 0 0 0 0 0 0 0 0 0 0 0 0 0 0 0 0 0 0 0 0 0 0 0 0 0 0 0 0 0 0 0 0 0 0 0 0 0 0 0 0 0 0 0 0 0 0 0 0 
0 0 0 0 0 0 0 0 0 0 0 0 0 0 0 0 0 0 0 0 0 0 0 0 0 0 0 0 0 0 0 0 0 0 0 0 0 0 0 0 0 0 0 0 0 0 0 0 0 0 0 0 0 0 0 0 0 0 0 0 0 0 0 0 0 0 0 0 0 
0 0 0 0 0 0 0 0 0 0 0 0 0 0 0 0 0 0 0 0 0 0 0 0 0 0 0 0 0 0 0 0 0 0 0 0 0 0 0 0 0 0 0 0 0 0 0 0 0 0 0 0 0 0 0 0 0 0 0 0 0 0 0 0 0 0 0 0 0 
0 0 0 0 0 0 0 0 0 0 0 0 0 0 0 0 0 0 0 0 0 0 0 0 0 0 0 0 0 0 0 0 0 0 0 0 0 0 0 0 0 0 0 0 0 0 0 0 0 0 0 0 0 0 0 0 0 0 0 0 0 0 0 0 0 0 0 0 0 
0 0 0 0 0 0 0 0 0 0 0 0 0 0 0 0 0 0 0 0 0 0 0 0 0 0 0 0 0 0 0 0 0 0 0 0 0 0 0 0 0 0 0 0 0 0 0 0 0 0 0 0 0 0 0 0 0 0 0 0 0 0 0 0 0 0 0 0 0 
0 0 0 0 0 0 0 0 0 0 0 0 0 0 0 0 0 0 0 0 0 0 0 0 0 0 0 0 0 0 0 0 0 0 0 0 0 0 0 0 0 0 0 0 0 0 0 0 0 0 0 0 0 0 0 0 0 0 0 0 0 0 0 0 0 0 0 0 0 
0 0 0 0 0 0 0 0 0 0 0 0 0 0 0 0 0 0 0 0 0 0 0 0 0 0 0 0 0 0 0 0 0 0 0 0 0 0 0 0 0 0 0 0 0 0 0 0 0 0 0 0 0 0 0 0 0 0 0 0 0 0 0 0 0 0 0 0 0 
0 0 0 0 0 0 0 0 0 0 0 0 0 0 0 0 0 0 0 0 0 0 0 0 0 0 0 -1.50057e-06 -1.07648e-05 0 0 -0.000295081 -0.000618084 -0.000737065 -0.000820981 -8.25201e-05 0 -0.000334204 -0.000267063 0 -3.16463e-05 -0.000142105 0 0 0 0 0 0 0 0 0 0 0 0 0 0 0 0 0 0 0 0 0 0 0 0 0 0 0 
0 0 0 0 0 0 0 0 0 0 0 0 0 0 0 0 0 0 0 0 0 0 0 0 0 0 0 -9.65162e-05 -0.000842436 -0.000835981 -0.000450612 -0.000879645 -0.000838624 -0.000187474 -0.00120031 -0.00108112 -0.000269477 -0.00132903 -0.000734684 -0.000354084 -0.000149549 -0.000731319 -0.000170743 0 0 0 0 0 0 0 0 0 0 0 0 0 0 0 0 0 0 0 0 0 0 0 0 0 0 
0 0 0 0 0 0 0 0 0 0 0 0 0 0 0 0 0 0 0 0 0 0 0 0 0 -0.000522216 -0.000547501 -2.53974e-05 -0.0011058 -0.00168057 -0.00160697 -0.0005719 -0.0022362 -0.00046009 -0.000543332 -0.000316713 -4.02841e-05 -0.0011743 -0.00167478 -0.00143251 -4.35085e-05 -0.000804956 -0.000754761 -2.83831e-05 -0.00066408 0 0 0 0 0 0 0 0 0 0 0 0 0 0 0 0 0 0 0 0 0 0 0 0 
0 0 0 0 0 0 0 0 0 0 0 0 0 0 0 0 0 0 0 0 0 0 0 -0.000432477 -0.000697483 -0.000948753 -0.000589617 -0.000474379 -0.00105097 -0.00193951 -0.00127226 -0.000838487 -0.000408796 -0.000305096 -0.000335124 0 -0.000346526 -0.00103513 -0.000509349 -0.000510928 -0.000165203 -0.00159775 -0.00194971 -0.000611103 -0.000331216 -0.000104369 -0.000396792 0 0 0 0 0 0 0 0 0 0 0 0 0 0 0 0 0 0 0 0 0 0 
0 0 0 0 0 0 0 0 0 0 0 0 0 0 0 0 0 0 0 0 0 0 -0.000258658 -0.000466059 -0.00120441 -0.000681571 -0.00038515 -3.85035e-05 -0.000879733 -0.00080728 -0.0010839 -0.000412381 -0.00065956 -1.51779e-05 -0.000753914 -8.0256e-05 -0.000250179 -0.000886405 -0.00057723 -0.00129535 -0.00134067 -0.000784307 -0.00133083 -0.000809974 -0.000343074 -0.00126889 -0.00037663 -0.000254862 -0.000160299 0 0 0 0 0 0 0 0 0 0 0 0 0 0 0 0 0 0 0 0 
0 0 0 0 0 0 0 0 0 0 0 0 0 0 0 0 0 0 0 0 -0.000142277 -0.000543482 -0.0012218 -0.000583582 -0.000179984 -0.000646824 -0.000299668 -8.00786e-05 -0.00153856 -0.000555118 -0.000443976 -0.000141006 -0.00033744 -0.00109527 -0.000600269 -0.00104139 -0.00122861 -0.00043427 -0.00107978 -0.000347859 -0.000380442 -0.000128211 -0.000981225 -0.000252186 -4.11406e-05 -0.00063795 -0.000644862 -0.00206246 -0.000638535 0 0 0 0 0 0 0 0 0 0 0 0 0 0 0 0 0 0 0 0 
0 0 0 0 0 0 0 0 0 0 0 0 0 0 0 0 0 0 0 0 -0.000522288 -0.00201776 -0.00114271 -0.000732617 -0.00147913 -0.000533019 -0.000209035 -0.00117142 -0.00125817 -0.000923264 -0.00053229 -0.000185608 -0.00139321 -0.00170698 -0.000706317 -0.00182017 -0.00178579 -0.00013351 -0.000629078 -0.000412508 -0.000522688 -0.000887602 -0.00160372 -0.000398113 -7.59017e-05 -2.39723e-05 -0.00135604 -0.00139172 -0.00128576 -0.000717931 0 0 0 0 0 0 0 0 0 0 0 0 0 0 0 0 0 0 0 
0 0 0 0 0 0 0 0 0 0 0 0 0 0 0 0 0 0 0 -0.000262385 -0.000227987 -0.000689598 -0.00175198 -0.00091674 -0.000898338 -0.000501248 -0.000736997 -0.000925023 -0.00152342 -0.00081362 -0.000125789 -0.000996401 -0.000746907 0 -0.000141037 -0.00148155 -0.000381868 -0.000142183 -0.00158278 -0.00155544 -0.000784403 -0.000319164 -0.00331555 -0.000919986 -0.000698602 -0.000587034 -0.00027184 -0.000680991 -0.00147601 -0.000965396 -0.000133987 0 0 0 0 0 0 0 0 0 0 0 0 0 0 0 0 0 0 
0 0 0 0 0 0 0 0 0 0 0 0 0 0 0 0 0 0 0 -0.000340639 -0.000425232 -0.000548063 0 -7.13744e-07 -0.00113934 -0.000849582 -0.000672478 -0.00110548 -0.000279967 -0.000292585 -0.00174356 -0.000430953 -0.000706304 -0.000244152 -2.23075e-05 -0.000503401 -0.000671073 -0.000577434 -0.0022006 -0.00178439 -0.00101231 -0.000767963 -0.000622517 -0.000538031 -0.000713926 -0.000226731 -5.6926e-05 -0.00053666 -0.000594082 -0.000565936 -0.000578572 -6.48745e-06 0 0 0 0 0 0 0 0 0 0 0 0 0 0 0 0 0 
0 0 0 0 0 0 0 0 0 0 0 0 0 0 0 0 0 0 0 -8.03652e-05 -0.00212761 -0.000737223 -0.00034454 -0.000340507 -0.00166515 -0.000155656 -0.00016993 -0.000754211 -0.000978432 -0.00106387 -0.00369759 -0.000355232 -0.000883445 -0.00116124 -0.000847165 -0.000644796 -0.000576198 -0.000755293 -0.000186917 -0.000404362 -0.00130709 -0.000161557 -0.000773296 -0.000646552 -0.000993736 -0.000841762 -0.00120253 -0.000787072 -0.000781026 -0.00140609 -0.000508288 -1.2018e-05 0 0 0 0 0 0 0 0 0 0 0 0 0 0 0 0 0 
0 0 0 0 0 0 0 0 0 0 0 0 0 0 0 0 0 0 -0.000116124 -0.000148872 -0.00157298 -0.00151748 -0.00124233 -0.000371884 -0.00127507 -0.000413141 -0.000521405 -0.00022865 -0.000775164 -0.00214289 -0.000956731 -0.000627001 -0.000290009 -0.00102102 -0.00138462 -0.000416961 -0.000613574 -0.00160656 -0.000286582 -0.000648581 -0.000740861 -0.000935486 -0.00112476 -0.00109884 -0.000889798 -0.00154283 -0.000870355 -0.000612099 -0.00123773 -0.00058093 -0.000429235 -0.00069514 -0.000496586 0 0 0 0 0 0 0 0 0 0 0 0 0 0 0 0 
0 0 0 0 0 0 0 0 0 0 0 0 0 0 0 0 0 0 -0.000300939 -0.000669155 -0.000925595 -0.00120462 -0.00112595 -0.000498942 -0.000759394 -0.000259887 -0.000913265 -0.000247111 -2.11367e-05 -0.0012472 -0.00192396 -0.00153702 -0.000557082 -0.000146848 -0.000124378 -0.00124915 -0.000260709 -0.000471403 -0.00153035 -0.00166816 -0.000268486 -0.000971194 -0.00120746 -0.000328033 -0.00027982 -0.00123612 -0.000604291 -0.000933398 -0.000454545 -0.000995319 -0.000537581 -0.000683732 -0.00020287 -8.2301e-05 0 0 0 0 0 0 0 0 0 0 0 0 0 0 0 
0 0 0 0 0 0 0 0 0 0 0 0 0 0 0 0 -8.3999e-06 -0.000364931 -0.00118432 -0.000548891 -0.000987311 -0.000827806 -0.000496231 -0.000823307 -0.000736788 -0.000910408 -0.000230422 -0.000138124 -0.000408989 -0.00284765 -0.0012311 -0.000909152 -0.000117231 -0.000594651 -0.00229766 -0.000531147 -0.000386354 -0.000640138 -0.000608854 -0.00108995 -0.000218271 -0.000999395 -0.00152529 -0.000196044 -0.000408925 -0.000620814 -0.000426588 -0.000933552 -0.000990015 -0.00151972 -0.00106216 -0.00153999 -0.000492114 -0.000747097 -0.000180975 0 0 0 0 0 0 0 0 0 0 0 0 0 0 
0 0 0 0 0 0 0 0 0 0 0 0 0 0 0 0 -0.00054604 -0.0022757 -0.00216207 -0.000733277 -0.00012346 -0.00100149 -0.00126893 -0.00118843 -0.000911323 -0.000400675 0 -0.000242079 -0.000642855 -0.00248419 -0.000690274 -0.00159601 -0.00049324 -0.000433432 -0.00157124 -0.000702796 -0.000403981 -0.0010802 -0.000887926 -0.000418607 -0.000960129 -0.000846131 -0.00197301 -0.000883152 -0.000139301 -0.000140398 -0.000117456 -0.000430131 -0.00145661 -0.000711758 -0.000685283 -0.00201905 -0.000657601 -0.00200369 -0.000723092 0 0 0 0 0 0 0 0 0 0 0 0 0 0 
0 0 0 0 0 0 0 0 0 0 0 0 0 0 -4.70941e-05 -0.00109193 -0.000997843 -0.00142297 -0.00255365 -0.000451296 -0.00103798 -0.000511087 -0.000932333 -0.00251007 -0.000732395 -0.000280722 -0.000506993 -0.00131588 -0.00052113 -0.000649767 -0.00061769 -0.00102174 -0.000788494 -5.09179e-05 -0.000413706 -0.000152834 -0.000286819 -0.000783833 -0.00171244 -0.000829028 -5.80607e-05 -8.45682e-05 -0.000563449 -0.000588862 -0.0011481 -0.000666834 -0.00024749 -0.000927909 -0.00184504 -0.000606536 -0.000711044 -0.000260714 -0.000575158 -0.00104246 -0.000123195 0 0 0 0 0 0 0 0 0 0 0 0 0 0 
0 0 0 0 0 0 0 0 0 0 0 0 0 0 -0.000201388 -0.000867182 -0.000242837 -0.000412219 -0.000215862 -1.98813e-05 -0.000687287 -0.000904569 -0.00224758 -0.001518 -0.000308959 -0.00128541 -0.00130127 -0.000373316 -0.000864216 -0.000992246 -0.000348819 -0.000379151 -0.00120057 -0.00033037 0 0 -0.000784984 -0.000374302 -0.00115216 -0.000386582 -7.53995e-05 -0.000609389 -0.000865833 -0.000555432 -0.00129317 -0.000226501 -0.000305769 -0.000274276 -0.00105659 -0.000464615 -0.000357874 -0.00052105 -0.000658273 -0.000415645 -0.000325367 0 0 0 0 0 0 0 0 0 0 0 0 0 0 
0 0 0 0 0 0 0 0 0 0 0 0 0 0 -5.73607e-05 -0.00100397 -0.0005825 -0.000195575 -6.70666e-05 -0.000190441 -0.000314727 -0.00137065 -0.00122778 -0.000427157 -0.000298621 -0.000485182 -0.00044395 -0.00100088 -0.00173463 -0.000889808 -0.00062413 -0.000363413 -0.000492533 -0.000200032 -0.000130304 -0.000964081 -0.00075339 -0.000817036 -0.00106445 -0.000370053 -0.00178342 -0.000134157 -0.000823416 -0.00052762 -4.66124e-06 0 -0.000718632 -0.000775317 -0.000677141 -0.000848825 -0.000727076 -0.000712225 -0.000221542 -0.0028238 -0.0013504 -0.000732155 0 0 0 0 0 0 0 0 0 0 0 0 0 
0 0 0 0 0 0 0 0 0 0 0 0 0 0 0 -0.00040688 -0.00106441 -0.000576938 -0.000540614 -0.000421113 -0.0011187 -0.00203659 -0.000548337 -0.000476005 -0.000928455 -0.00138452 -0.00194918 -0.000673922 -0.000254468 -0.00112852 -0.000999937 -0.00190862 -0.000651719 -0.00087644 -0.000283952 -0.000846659 -0.000295277 -0.000872437 0 -0.000160245 -0.000148259 -3.53698e-05 -0.000819556 -0.000321208 -0.000385142 -0.000160624 -0.000997876 -0.000914935 -7.52703e-05 -3.02268e-05 -0.000515281 -0.00133073 -0.000222601 -0.00179187 -0.0018523 -0.000358258 0 0 0 0 0 0 0 0 0 0 0 0 0 
0 0 0 0 0 0 0 0 0 0 0 0 0 0 -0.000324051 -0.000133173 -0.000666829 -0.00152812 -0.00110878 -0.00067493 -0.000273193 -0.00100399 -0.00066494 -0.000173135 -0.000549438 -0.00177594 -0.000940027 -0.000383767 -0.00184808 -0.000936347 -0.000238343 -0.000634014 -0.000597233 -0.000889408 -5.16565e-05 -6.20649e-05 -0.000813845 -0.00042069 -0.000741746 -0.00103312 -0.000736416 -0.000346649 -0.00189193 -0.000588218 -0.000163793 -0.000586814 -0.000940404 -0.00130541 -0.00097386 -0.000773102 -0.000426288 -0.00196402 -0.00104219 -0.00257176 -0.00262683 -0.000875692 0 0 0 0 0 0 0 0 0 0 0 0 0 
0 0 0 0 0 0 0 0 0 0 0 0 0 0 -0.000243768 -0.00010018 -0.000152615 -0.00046341 -0.000468213 -0.000395487 -0.000704748 -0.00100553 -0.000923471 -0.00124879 -0.00221135 -0.00222699 0 -0.000495873 -0.00177995 -0.000878498 -0.000749582 -0.00157631 -0.000869023 -0.00419558 -0.0445244 -0.0334844 -0.00193649 -0.000639758 -0.000706269 -0.00109042 -0.00069127 -0.000685501 -0.0023016 -0.00101639 -0.000720872 -0.000749998 -0.00122762 -0.000381844 -0.000688834 -0.000704572 -0.000514589 -0.000753822 -0.000471849 -0.00106926 -0.000663419 -0.000345333 0 0 0 0 0 0 0 0 0 0 0 0 0 
0 0 0 0 0 0 0 0 0 0 0 0 0 0 -3.2257e-05 -0.000160495 -6.75604e-05 -0.00149729 -0.00198217 -0.000675845 -0.000889675 -0.000651775 -0.00108691 -0.00141119 -0.00121858 -0.00102972 -8.27654e-05 -0.000444234 -4.98563e-05 -0.000238454 -0.000958904 -0.000697343 -7.73736e-06 -0.0317091 -0.133963 -0.134651 -0.0291861 -0.000412004 -0.000768953 -0.00100857 -0.000827937 -0.000783522 -0.00067875 -0.000609517 -1.68895e-05 -0.000549617 -0.000770558 -0.00133964 -0.00133736 -0.00166258 -0.000500236 -0.000868723 -0.000855489 -0.00100466 -0.00100577 -0.00115368 -8.94466e-05 0 0 0 0 0 0 0 0 0 0 0 0 
0 0 0 0 0 0 0 0 0 0 0 0 0 0 -0.00071539 -0.000724422 -0.000527871 -0.00226269 -0.0037346 -0.000547909 -0.000236693 -1.38371e-06 -0.000500288 -0.00105137 -0.00161651 -0.00133018 -0.00102457 -0.00100498 -0.000971186 -0.00100008 -0.00145717 -0.000697388 -0.000116012 -0.0234363 -0.127587 -0.150694 -0.0441258 -0.00141764 -0.00117235 -0.000895103 -0.000653107 -0.000348928 -0.000605195 -0.00121661 -0.000895294 -0.000765714 -0.00061515 -0.000642779 -0.000339699 -0.000594441 -0.00170154 -0.00101057 -0.00163517 -0.00065888 -0.000638943 -0.0010033 -1.94321e-05 0 0 0 0 0 0 0 0 0 0 0 0 
0 0 0 0 0 0 0 0 0 0 0 0 0 0 -0.000742384 -0.000838281 -0.00063977 -0.000346978 -0.000553681 -0.00296932 -0.00146378 -9.78413e-05 -0.000324102 -0.00213483 -0.00137251 -0.000865664 -0.00138547 -0.000624149 -0.000600296 -0.00114222 -0.00100566 -0.000719501 -0.000155815 -0.00185143 -0.0336782 -0.0417991 -0.00322248 -0.00231683 -0.00153905 -0.00128396 -8.35558e-05 -0.000310233 -0.00134318 -0.00373769 -0.00233599 -0.00010364 -0.000384512 -0.000468281 -0.000419399 -0.00084263 -0.00115336 -6.86869e-05 -0.000940998 -0.0010189 -0.000288564 0 0 0 0 0 0 0 0 0 0 0 0 0 0 
0 0 0 0 0 0 0 0 0 0 0 0 0 0 -0.0003414 -0.00121272 -0.000186735 -9.89056e-05 -0.0032473 -0.00200663 -0.00196474 -0.000541776 -0.000488647 -0.00181222 -0.00141336 -0.000457118 -0.000339711 -0.000631864 -0.00158146 -0.00210475 -0.000803523 -0.000276611 -0.000527702 -0.000916653 -0.00155605 -0.00103188 -0.000337308 -0.000656012 -8.55501e-05 -0.00100728 -0.000538159 -0.000740854 -0.00032874 -0.00110461 -0.00237165 -0.000915503 -0.00153152 -0.000201823 0 -0.000572175 -0.00024905 -0.000122855 -0.00118709 -0.00364262 -0.000724255 0 0 0 0 0 0 0 0 0 0 0 0 0 0 
0 0 0 0 0 0 0 0 0 0 0 0 0 0 -0.000526349 -0.000423274 -0.000418964 -0.000733131 -0.00103047 -0.000952906 -0.000878787 -0.000709911 -4.49499e-05 -6.9653e-05 -0.000353674 -0.0015219 -0.00108676 -0.000519708 -0.000634342 -0.000510686 -0.000667559 -0.000537116 -0.000740096 -0.000630642 -0.000629212 -0.000913045 -6.00418e-05 -0.000274908 -0.000760252 -0.000846859 -0.00098633 -0.000294184 -0.000216084 -0.00032246 -0.00100382 -0.000597428 -0.00161221 -9.41336e-05 -0.000132321 -0.000423343 -0.000908703 -0.00135828 -0.00145037 -0.00141064 -0.000277657 0 0 0 0 0 0 0 0 0 0 0 0 0 0 
0 0 0 0 0 0 0 0 0 0 0 0 0 0 -0.000942225 -0.000819428 -0.00121729 -0.00222108 -0.00285765 -0.0012614 -0.000565738 -0.00101507 -0.00114014 -0.00094852 -0.00106896 -0.000750219 -0.00162023 -0.00144141 -0.000763592 -0.00116221 -0.000631997 -0.000643289 -8.9142e-05 -4.14296e-05 -4.78919e-05 -0.000315308 -0.00124494 -0.00130131 -0.000420809 -0.00028902 -0.000567609 -0.000733888 -0.00106519 -0.00206752 -0.000765679 -0.0014463 -0.000647931 -0.0007409 -0.000627778 -0.000237237 -0.000286004 -0.00136967 -0.000507085 -0.000840981 -0.000353017 -6.51429e-05 0 0 0 0 0 0 0 0 0 0 0 0 0 
0 0 0 0 0 0 0 0 0 0 0 0 0 0 -0.000464191 -0.000620652 -0.0019086 -0.00370697 -0.000816588 -0.000316448 -0.000482613 -0.000527311 -0.000393763 -0.000123232 -0.000980736 -0.00205485 -0.000277278 -0.000841836 -0.000663246 -0.00208634 -0.000749228 -0.000117598 -0.000701375 -0.000782441 -0.00151309 -0.000427445 -0.000363913 -0.000212219 -0.000472492 -0.000433584 -0.000239149 -0.000868985 -0.00185958 -0.000844536 -0.000841063 -0.00212844 -0.00134477 -0.000395703 -0.00026565 -0.000602642 -1.49248e-05 -0.00116631 -0.00249756 -0.00245986 -0.000986463 -0.000294703 0 0 0 0 0 0 0 0 0 0 0 0 0 
0 0 0 0 0 0 0 0 0 0 0 0 0 0 0 -0.000428982 -0.00124515 -0.000255627 -0.000177149 -0.000225049 -0.000805711 -0.000274406 -0.000653944 -0.000674255 -0.000989459 -0.00353554 -0.00100883 -0.000494371 -0.000339932 -0.000453881 -0.000375448 -0.000371452 -0.00116784 -0.000800889 -0.000330754 -4.25047e-05 -0.000261753 -0.000627534 -0.000508702 -0.00101617 -0.000188691 -0.00110522 -0.00207572 -0.00180983 -0.000294111 -8.36149e-05 -0.000569577 -1.57317e-05 -0.000455895 -0.000652881 -0.000282304 -0.000524627 -0.000983975 -0.000728726 -0.000165548 0 0 0 0 0 0 0 0 0 0 0 0 0 0 
0 0 0 0 0 0 0 0 0 0 0 0 0 0 0 -0.000120229 -0.000502665 -0.000415555 -0.000642476 -0.00152992 -0.00180056 -0.00110931 -0.000993126 -0.00166574 -0.00286523 -0.00258458 -0.000791263 -8.86794e-05 -0.000472282 -0.00105566 -0.00128722 -0.00106434 -0.000899294 -0.00126044 -0.0011169 -0.000542916 -0.00106324 -0.00065623 -0.000534278 -0.00119144 -0.000974285 -0.000856175 -0.00110398 -0.000516575 -0.00104789 -0.00170535 -0.000650133 -0.00049418 -0.00158078 -0.000899905 -0.000481745 -0.000265584 -0.00104995 -0.000917135 -5.1709e-05 0 0 0 0 0 0 0 0 0 0 0 0 0 0 
0 0 0 0 0 0 0 0 0 0 0 0 0 0 0 0 -0.000175768 -0.000998756 -0.00127977 -0.00133769 -0.00155056 -0.000743608 -0.000672787 -0.00089889 -0.000838712 0 -0.000496986 -3.41536e-05 -0.000820802 -0.00120892 -0.00135002 -0.00165484 -0.000842437 -0.00198522 -0.000609416 -0.000489132 -0.000982601 -0.000686401 -0.000543693 -0.00198694 -0.0015279 -0.000745467 -0.000594086 -0.000150474 -0.000516931 -0.000482131 -0.00130632 -0.00089759 -0.000483196 -0.00174714 -0.00104051 -4.01416e-05 -0.000805088 -0.000701568 -0.000173858 0 0 0 0 0 0 0 0 0 0 0 0 0 0 
0 0 0 0 0 0 0 0 0 0 0 0 0 0 0 0 -0.00111679 -0.000859097 -0.00110422 -0.00155306 -0.00118424 -0.000236859 -0.000734322 -0.000565268 -2.71291e-05 -0.000166418 -0.000109503 -5.81469e-06 -0.00046589 -0.000396358 -0.00132234 -0.000951348 -0.000524213 -0.000849112 -0.000723704 -0.000919681 -0.00112241 -0.0016088 -0.00100443 -0.000617586 -0.00130338 -0.00153899 -0.000572966 -0.000413461 -0.000499054 -0.000997575 -0.00167274 -0.0014531 -0.000680793 -0.000690904 -0.00093978 -0.000371268 -0.00116566 -0.000161022 0 0 0 0 0 0 0 0 0 0 0 0 0 0 0 
0 0 0 0 0 0 0 0 0 0 0 0 0 0 0 0 -0.00019728 -0.000382848 -0.00218388 -0.000840775 -0.000765794 -0.00042014 -0.000393845 -0.000460349 -0.0011698 -0.00154744 -0.000727784 -0.000717366 -0.000142756 -0.000932473 -0.000894672 -0.000216107 -0.000636146 -0.00124537 -0.000630929 -0.00127954 -0.000684971 -0.00151271 -0.00111436 -0.000925078 -0.00201973 -0.000982188 -0.000298447 -0.00108768 -0.00238751 -0.00112962 -0.000632239 -0.000964489 -0.0010904 -0.000718679 -0.000277591 -0.00047342 -7.06427e-05 -1.01834e-06 0 0 0 0 0 0 0 0 0 0 0 0 0 0 0 
0 0 0 0 0 0 0 0 0 0 0 0 0 0 0 0 0 -0.000260741 -0.00258971 -0.00183893 -0.00224184 -0.0011137 -0.00089046 -7.41554e-05 -0.000411714 -0.00074143 -0.0014703 -0.00180564 -0.00146567 -0.000525359 -8.46403e-05 -0.000804409 -0.00219919 -0.000941745 -0.00124864 -0.00268818 -0.00184574 -0.00239391 -0.00109231 -0.000141997 -0.00106972 -0.000626877 -0.000993574 -0.000459444 -0.000637933 -0.000556514 -0.00108827 -0.000336359 -0.000420921 -0.000418927 -0.000360597 -0.000147122 0 0 0 0 0 0 0 0 0 0 0 0 0 0 0 0 0 
0 0 0 0 0 0 0 0 0 0 0 0 0 0 0 0 0 -1.31312e-06 -0.000491336 -0.000441543 -0.00248149 -0.000705202 -0.00116738 -0.000388549 -0.00162239 -0.00112015 -0.0010998 -0.00151002 -0.000975126 -0.000633163 -7.33148e-05 -0.000944952 -0.000828644 -0.00157528 -0.00130522 -0.00104637 -0.00118794 -0.0010972 -0.00018388 -0.00115965 -0.00189619 -0.000719904 -0.000264994 -0.000175558 -0.000436243 -0.000820147 -0.000711853 -0.000342216 -0.000817461 0 -0.000692124 -0.000173805 0 0 0 0 0 0 0 0 0 0 0 0 0 0 0 0 0 
0 0 0 0 0 0 0 0 0 0 0 0 0 0 0 0 0 0 0 -0.000913993 -0.00150362 -0.00103346 -0.0019777 -0.000753464 -0.000768523 -0.00218483 -0.00121309 -0.000445735 -0.00141099 -0.00160909 -0.000323661 -0.000429606 -0.00017346 -0.0016663 -0.00115997 -0.00166899 -0.000810212 -0.00148279 -0.000706551 -0.00139941 -0.000226387 -0.000710726 0 -0.000164406 -2.73555e-05 -0.00121737 -0.00100166 -0.00104541 -0.00056267 -0.000214418 -0.00111214 -4.52803e-05 0 0 0 0 0 0 0 0 0 0 0 0 0 0 0 0 0 
0 0 0 0 0 0 0 0 0 0 0 0 0 0 0 0 0 0 0 -0.000257479 -0.000726434 -0.000374278 -0.000828003 -0.000597139 -0.000608387 -0.00118644 -0.00104227 -0.00205652 -0.00150517 -0.000188101 -0.000776396 -0.000339337 -0.00123702 -0.00119822 -0.00165387 -0.000641446 -0.000432324 -0.000461303 -0.000375557 -0.000990389 -0.000970438 0 -0.000156379 -0.000906318 -0.000405238 -0.000489349 -0.00121981 -0.00110721 -0.00014706 -0.000353502 -4.25331e-05 0 0 0 0 0 0 0 0 0 0 0 0 0 0 0 0 0 0 
0 0 0 0 0 0 0 0 0 0 0 0 0 0 0 0 0 0 0 0 0 -0.00075735 -0.00154262 -0.000357021 -0.000678876 -0.000493785 -0.000874867 -0.00141887 -0.000669124 -0.000995388 -0.00077936 -0.000366374 -0.00170888 -0.00261954 -0.000574246 -0.000116577 -7.64832e-05 0 0 -0.00044767 -0.000560293 -0.000931532 -0.000140255 -0.000310813 -0.000314258 -0.000233599 -0.000481865 -0.000951433 -0.000221969 -0.000234793 0 0 0 0 0 0 0 0 0 0 0 0 0 0 0 0 0 0 0 
0 0 0 0 0 0 0 0 0 0 0 0 0 0 0 0 0 0 0 0 0 -0.000172731 -0.00134285 -0.000904521 -0.000281233 -0.000757512 -0.000918943 -0.000677048 -0.00130314 -0.00116937 -0.00124627 -0.00124389 -0.000797485 -0.000860443 -0.000251836 -0.00046534 -0.0005532 -0.000703475 -0.00049514 0 -0.000644052 -0.00136477 -4.63941e-05 -0.000203787 -3.53188e-05 -0.000299335 -0.0001307 -0.000102357 -2.37931e-05 0 0 0 0 0 0 0 0 0 0 0 0 0 0 0 0 0 0 0 0 
0 0 0 0 0 0 0 0 0 0 0 0 0 0 0 0 0 0 0 0 0 0 -8.00196e-05 -0.000701404 -0.000123824 -0.000708678 -0.000846822 -0.000286697 -0.000263572 -0.000855333 -0.00247134 -0.00149894 -0.000467696 -0.00141343 -0.000639387 -0.00138691 -0.000701104 -0.000743182 -0.000852807 -0.000365521 -0.000374952 -0.000129088 -0.000631557 -0.00090213 -0.000297252 -0.00072307 -0.000142022 0 0 0 0 0 0 0 0 0 0 0 0 0 0 0 0 0 0 0 0 0 0 
0 0 0 0 0 0 0 0 0 0 0 0 0 0 0 0 0 0 0 0 0 0 0 0 0 -0.000652728 -0.000780139 -0.00143774 -0.000283473 -0.00142665 -0.00101063 -0.000450063 -0.00126625 -0.00161594 -0.00110751 -0.0012938 -0.00205551 -0.00100399 -0.000716098 -0.000502681 -0.00114456 -0.00130112 -0.000757196 -7.97541e-05 0 0 0 0 0 0 0 0 0 0 0 0 0 0 0 0 0 0 0 0 0 0 0 0 0 
0 0 0 0 0 0 0 0 0 0 0 0 0 0 0 0 0 0 0 0 0 0 0 0 0 0 -0.000199779 -3.26378e-05 -4.1561e-05 -0.000560456 -0.000825305 -0.00195051 -0.00176469 -0.00206104 -0.00097642 -0.00089461 -0.00141685 -0.00081164 -0.000208352 -0.00137248 -0.00112088 -0.000265241 -0.000130172 0 0 0 0 0 0 0 0 0 0 0 0 0 0 0 0 0 0 0 0 0 0 0 0 0 0 
0 0 0 0 0 0 0 0 0 0 0 0 0 0 0 0 0 0 0 0 0 0 0 0 0 0 0 0 0 -3.7977e-05 -0.000201432 -0.000899 -0.000660912 -0.000464678 -0.000846336 -0.000726561 -0.00159071 0 0 -0.000311001 -0.000116017 0 0 0 0 0 0 0 0 0 0 0 0 0 0 0 0 0 0 0 0 0 0 0 0 0 0 0 0 
0 0 0 0 0 0 0 0 0 0 0 0 0 0 0 0 0 0 0 0 0 0 0 0 0 0 0 0 0 0 0 0 0 0 -1.91309e-05 -4.41915e-05 -2.92572e-05 0 0 0 0 0 0 0 0 0 0 0 0 0 0 0 0 0 0 0 0 0 0 0 0 0 0 0 0 0 0 0 0 
0 0 0 0 0 0 0 0 0 0 0 0 0 0 0 0 0 0 0 0 0 0 0 0 0 0 0 0 0 0 0 0 0 0 0 0 0 0 0 0 0 0 0 0 0 0 0 0 0 0 0 0 0 0 0 0 0 0 0 0 0 0 0 0 0 0 0 0 0 
0 0 0 0 0 0 0 0 0 0 0 0 0 0 0 0 0 0 0 0 0 0 0 0 0 0 0 0 0 0 0 0 0 0 0 0 0 0 0 0 0 0 0 0 0 0 0 0 0 0 0 0 0 0 0 0 0 0 0 0 0 0 0 0 0 0 0 0 0 
0 0 0 0 0 0 0 0 0 0 0 0 0 0 0 0 0 0 0 0 0 0 0 0 0 0 0 0 0 0 0 0 0 0 0 0 0 0 0 0 0 0 0 0 0 0 0 0 0 0 0 0 0 0 0 0 0 0 0 0 0 0 0 0 0 0 0 0 0 
0 0 0 0 0 0 0 0 0 0 0 0 0 0 0 0 0 0 0 0 0 0 0 0 0 0 0 0 0 0 0 0 0 0 0 0 0 0 0 0 0 0 0 0 0 0 0 0 0 0 0 0 0 0 0 0 0 0 0 0 0 0 0 0 0 0 0 0 0 
0 0 0 0 0 0 0 0 0 0 0 0 0 0 0 0 0 0 0 0 0 0 0 0 0 0 0 0 0 0 0 0 0 0 0 0 0 0 0 0 0 0 0 0 0 0 0 0 0 0 0 0 0 0 0 0 0 0 0 0 0 0 0 0 0 0 0 0 0 
0 0 0 0 0 0 0 0 0 0 0 0 0 0 0 0 0 0 0 0 0 0 0 0 0 0 0 0 0 0 0 0 0 0 0 0 0 0 0 0 0 0 0 0 0 0 0 0 0 0 0 0 0 0 0 0 0 0 0 0 0 0 0 0 0 0 0 0 0 
0 0 0 0 0 0 0 0 0 0 0 0 0 0 0 0 0 0 0 0 0 0 0 0 0 0 0 0 0 0 0 0 0 0 0 0 0 0 0 0 0 0 0 0 0 0 0 0 0 0 0 0 0 0 0 0 0 0 0 0 0 0 0 0 0 0 0 0 0 
0 0 0 0 0 0 0 0 0 0 0 0 0 0 0 0 0 0 0 0 0 0 0 0 0 0 0 0 0 0 0 0 0 0 0 0 0 0 0 0 0 0 0 0 0 0 0 0 0 0 0 0 0 0 0 0 0 0 0 0 0 0 0 0 0 0 0 0 0 
0 0 0 0 0 0 0 0 0 0 0 0 0 0 0 0 0 0 0 0 0 0 0 0 0 0 0 0 0 0 0 0 0 0 0 0 0 0 0 0 0 0 0 0 0 0 0 0 0 0 0 0 0 0 0 0 0 0 0 0 0 0 0 0 0 0 0 0 0 
0 0 0 0 0 0 0 0 0 0 0 0 0 0 0 0 0 0 0 0 0 0 0 0 0 0 0 0 0 0 0 0 0 0 0 0 0 0 0 0 0 0 0 0 0 0 0 0 0 0 0 0 0 0 0 0 0 0 0 0 0 0 0 0 0 0 0 0 0 
0 0 0 0 0 0 0 0 0 0 0 0 0 0 0 0 0 0 0 0 0 0 0 0 0 0 0 0 0 0 0 0 0 0 0 0 0 0 0 0 0 0 0 0 0 0 0 0 0 0 0 0 0 0 0 0 0 0 0 0 0 0 0 0 0 0 0 0 0 
0 0 0 0 0 0 0 0 0 0 0 0 0 0 0 0 0 0 0 0 0 0 0 0 0 0 0 0 0 0 0 0 0 0 0 0 0 0 0 0 0 0 0 0 0 0 0 0 0 0 0 0 0 0 0 0 0 0 0 0 0 0 0 0 0 0 0 0 0 
