nan nan 0 0 0 0 0 0 0 0 0 0 0 0 0 0 0 0 0 0 0 0 0 0 0 0 0 0 0 0 0 0 0 0 0 0 0 0 0 0 0 0 0 0 0 0 0 0 0 0 0 0 0 0 0 0 0 0 0 0 0 0 0 0 0 0 0 0 0 
nan nan 0 0 0 0 0 0 0 0 0 0 0 0 0 0 0 0 0 0 0 0 0 0 0 0 0 0 0 0 0 0 0 0 0 0 0 0 0 0 0 0 0 0 0 0 0 0 0 0 0 0 0 0 0 0 0 0 0 0 0 0 0 0 0 0 0 0 0 
0 0 0 0 0 0 0 0 0 0 0 0 0 0 0 0 0 0 0 0 0 0 0 0 0 0 0 0 0 0 0 0 0 0 0 0 0 0 0 0 0 0 0 0 0 0 0 0 0 0 0 0 0 0 0 0 0 0 0 0 0 0 0 0 0 0 0 0 0 
0 0 0 0 0 0 0 0 0 0 0 0 0 0 0 0 0 0 0 0 0 0 0 0 0 0 0 0 0 0 0 0 0 0 0 0 0 0 0 0 0 0 0 0 0 0 0 0 0 0 0 0 0 0 0 0 0 0 0 0 0 0 0 0 0 0 0 0 0 
0 0 0 0 0 0 0 0 0 0 0 0 0 0 0 0 0 0 0 0 0 0 0 0 0 0 0 0 0 0 0 0 0 0 0 0 0 0 0 0 0 0 0 0 0 0 0 0 0 0 0 0 0 0 0 0 0 0 0 0 0 0 0 0 0 0 0 0 0 
0 0 0 0 0 0 0 0 0 0 0 0 0 0 0 0 0 0 0 0 0 0 0 0 0 0 0 0 0 0 0 0 0 0 0 0 0 0 0 0 0 0 0 0 0 0 0 0 0 0 0 0 0 0 0 0 0 0 0 0 0 0 0 0 0 0 0 0 0 
0 0 0 0 0 0 0 0 0 0 0 0 0 0 0 0 0 0 0 0 0 0 0 0 0 0 0 0 0 0 0 0 0 0 0 0 0 0 0 0 0 0 0 0 0 0 0 0 0 0 0 0 0 0 0 0 0 0 0 0 0 0 0 0 0 0 0 0 0 
0 0 0 0 0 0 0 0 0 0 0 0 0 0 0 0 0 0 0 0 0 0 0 0 0 0 0 0 0 0 0 0 0 0 0 0 0 0 0 0 0 0 0 0 0 0 0 0 0 0 0 0 0 0 0 0 0 0 0 0 0 0 0 0 0 0 0 0 0 
0 0 0 0 0 0 0 0 0 0 0 0 0 0 0 0 0 0 0 0 0 0 0 0 0 0 0 0 0 0 0 0 0 0 0 0 0 0 0 0 0 0 0 0 0 0 0 0 0 0 0 0 0 0 0 0 0 0 0 0 0 0 0 0 0 0 0 0 0 
0 0 0 0 0 0 0 0 0 0 0 0 0 0 0 0 0 0 0 0 0 0 0 0 0 0 0 0 0 0 0 0 0 0 0 0 0 0 0 0 0 0 0 0 0 0 0 0 0 0 0 0 0 0 0 0 0 0 0 0 0 0 0 0 0 0 0 0 0 
0 0 0 0 0 0 0 0 0 0 0 0 0 0 0 0 0 0 0 0 0 0 0 0 0 0 0 0 0 0 0 0 0 0 0 0 0 0 0 0 0 0 0 0 0 0 0 0 0 0 0 0 0 0 0 0 0 0 0 0 0 0 0 0 0 0 0 0 0 
0 0 0 0 0 0 0 0 0 0 0 0 0 0 0 0 0 0 0 0 0 0 0 0 0 0 0 0 0 0 0 0 0 0 0 0 0 0 0 0 0 0 0 0 0 0 0 0 0 0 0 0 0 0 0 0 0 0 0 0 0 0 0 0 0 0 0 0 0 
0 0 0 0 0 0 0 0 0 0 0 0 0 0 0 0 0 0 0 0 0 0 0 0 0 0 0 0 0 0 0 0 0 0 0 0 0 0 0 0 0 0 0 0 0 0 0 0 0 0 0 0 0 0 0 0 0 0 0 0 0 0 0 0 0 0 0 0 0 
0 0 0 0 0 0 0 0 0 0 0 0 0 0 0 0 0 0 0 0 0 0 0 0 0 0 0 0 0 0 0 0 0 0 0 0 0 0 0 0 0 0 0 0 0 0 0 0 0 0 0 0 0 0 0 0 0 0 0 0 0 0 0 0 0 0 0 0 0 
0 0 0 0 0 0 0 0 0 0 0 0 0 0 0 0 0 0 0 0 0 0 0 0 0 0 0 0 0 -0.000326092 -6.34809e-05 0 0 -0.0010026 -0.000331863 -0.00105808 -0.000193176 0 -4.45247e-05 -0.000178159 0 0 0 0 0 0 0 0 0 0 0 0 0 0 0 0 0 0 0 0 0 0 0 0 0 0 0 0 0 
0 0 0 0 0 0 0 0 0 0 0 0 0 0 0 0 0 0 0 0 0 0 0 0 0 0 -0.000108361 -0.000364007 0 -0.000527394 -0.00148235 -0.000648864 -4.20273e-05 -0.000735099 -0.000192161 -0.000779856 -0.00127405 -0.000217206 -0.000889281 -0.000973669 -6.43596e-05 -1.9246e-05 -0.000593425 -7.91477e-06 0 0 0 0 0 0 0 0 0 0 0 0 0 0 0 0 0 0 0 0 0 0 0 0 0 
0 0 0 0 0 0 0 0 0 0 0 0 0 0 0 0 0 0 0 0 0 0 0 0 -0.000185601 -0.000146132 -0.000933368 -0.000512685 -0.000148473 -0.00120017 -0.00153041 -0.00121156 -0.000480015 -0.000942199 -0.00108697 -0.000397659 -0.000751626 -6.63755e-05 -0.000741561 -0.0012773 -0.00114484 -0.000339934 -0.000197203 -2.63018e-06 0 -0.000136107 -1.30616e-05 0 0 0 0 0 0 0 0 0 0 0 0 0 0 0 0 0 0 0 0 0 0 
0 0 0 0 0 0 0 0 0 0 0 0 0 0 0 0 0 0 0 0 0 0 0 -8.49475e-05 -0.000587947 -0.00153572 -0.000750192 -5.54939e-06 -0.000130984 -0.000595373 -0.00105716 -0.00115587 -0.000968977 -0.000350794 -0.000251674 -0.000547712 0 0 -0.000237938 -0.00072722 -0.000692413 -9.06198e-05 -0.000561205 -0.00134387 -0.00021085 -0.000594912 -5.7091e-05 0 0 0 0 0 0 0 0 0 0 0 0 0 0 0 0 0 0 0 0 0 0 
0 0 0 0 0 0 0 0 0 0 0 0 0 0 0 0 0 0 0 0 0 -0.000126451 -0.000377695 -0.00115931 -0.00053784 -0.000111687 -0.000482154 0 0 -0.00117323 -0.000734306 -0.000585815 -0.00032259 -0.000704194 -0.000126235 0 0 0 -0.000456824 -0.000100432 -0.000322625 -0.000767011 -0.000837239 -0.000915024 -0.000106365 0 -0.000126626 -0.000574002 0 0 0 0 0 0 0 0 0 0 0 0 0 0 0 0 0 0 0 0 0 
0 0 0 0 0 0 0 0 0 0 0 0 0 0 0 0 0 0 0 0 0 -0.000518691 -0.00112939 -0.000660709 -0.000530553 -0.000671267 -0.000521001 -4.97225e-05 -0.000687962 -0.00106668 -0.000691487 -0.000376559 -2.72732e-05 -7.11956e-05 -0.00110425 -0.000596556 -0.000618953 -0.000496174 -3.03007e-05 -0.0001834 -0.000315592 -0.000732403 -0.000345177 -0.000335693 -0.000153694 0 -0.000626875 -0.000127231 -0.000176044 0 0 0 0 0 0 0 0 0 0 0 0 0 0 0 0 0 0 0 0 
0 0 0 0 0 0 0 0 0 0 0 0 0 0 0 0 0 0 0 0 -0.000271206 -0.00031005 -0.000984459 -0.00177367 -0.000891658 -0.00102942 -0.000391943 -0.000526613 -0.000937747 -0.00180238 -0.00148463 -0.000223716 -0.000139556 -0.000694763 -0.0012504 -0.00064959 -0.00115725 -0.001553 -0.000454431 -0.000781337 -0.000480693 -5.50189e-05 -0.000452922 -0.00107185 -0.000448186 0 -0.000138552 -0.000800351 -0.00203499 -0.000464661 0 0 0 0 0 0 0 0 0 0 0 0 0 0 0 0 0 0 0 
0 0 0 0 0 0 0 0 0 0 0 0 0 0 0 0 0 0 0 0 -0.000409867 -0.000376637 -0.000467011 0 0 -0.000862499 -0.00102288 -0.00061953 -0.000904538 -0.000483424 -0.000344027 0 -0.000546178 -0.000779274 -2.52509e-05 0 -0.00126533 -0.00116104 -0.000121876 -0.000383164 -0.00049625 -0.00153687 -0.00059227 -0.00100836 -1.86936e-05 0 -5.34242e-05 -0.000945308 -0.000794572 -0.000824437 -0.000341906 0 0 0 0 0 0 0 0 0 0 0 0 0 0 0 0 0 0 
0 0 0 0 0 0 0 0 0 0 0 0 0 0 0 0 0 0 0 0 -0.000228721 -0.00167476 -0.000570277 -0.000257235 -0.000229062 -0.00163406 -0.000419959 -0.000230056 -0.000870516 -0.000871248 -0.000493798 -0.00058726 -0.000173733 -0.000313923 -0.000148792 -0.000173407 -0.000157183 -0.000440154 0 -0.0013455 -0.00130966 -0.000993672 -3.8495e-05 -0.000138991 -0.000604579 -0.00048158 -0.000300411 -7.25302e-05 -0.000880058 -0.00155194 -0.000608708 0 0 0 0 0 0 0 0 0 0 0 0 0 0 0 0 0 0 
0 0 0 0 0 0 0 0 0 0 0 0 0 0 0 0 0 0 0 -0.000270713 -0.000238276 -0.00131262 -0.00113883 -0.00126205 -0.000416712 -0.00134088 -0.000397714 -0.000484238 -0.000146526 -0.00104615 -0.00050152 -0.00151191 -0.000242637 -0.000578306 -0.000789503 -0.00129353 -0.000507126 -0.00101968 0 -0.000578164 -0.00133515 -0.00138495 -0.000886985 -0.000444804 -0.000443808 -0.000652344 -1.94983e-05 -1.21086e-05 -0.00022278 -0.0004781 -0.000221949 -0.000164124 0 0 0 0 0 0 0 0 0 0 0 0 0 0 0 0 0 
0 0 0 0 0 0 0 0 0 0 0 0 0 0 0 0 0 0 0 -0.000349119 -0.000774181 -0.00102726 -0.000534147 -0.0011011 -0.0004264 -0.000713258 -0.000180894 -0.000776908 -0.000499131 0 -0.000335214 -0.00115529 -0.000946538 -0.000694316 -0.000167541 -0.00155786 -0.00101097 0 -0.000433571 -0.000320884 0 -0.000557191 -0.000220911 -0.000726254 -0.000614386 -0.000929719 -0.000782839 -0.00098252 -0.000279001 -0.000932425 -0.000509977 -0.000440775 0 0 0 0 0 0 0 0 0 0 0 0 0 0 0 0 0 
0 0 0 0 0 0 0 0 0 0 0 0 0 0 0 0 0 -0.000164215 -0.00140322 -0.00151734 -0.00044247 -0.000664208 -0.0003263 -0.000223882 -0.000141641 -0.00043505 -0.00061644 -0.000309883 -0.000120667 -0.00023098 -0.000338337 -0.00121205 -0.00120804 -0.00085999 -3.84295e-05 -0.000212742 -0.000129134 -0.00070143 -0.000490823 -0.00082114 -0.000273853 -6.39354e-05 -0.00104166 -0.000749702 -0.000652379 -0.000630134 -0.00107812 -0.00032614 -0.0006908 -0.00117787 -0.000408643 -0.000311751 -0.000212789 0 0 0 0 0 0 0 0 0 0 0 0 0 0 0 0 
0 0 0 0 0 0 0 0 0 0 0 0 0 0 0 -4.74898e-05 -0.000209993 -0.00163946 -0.00248044 -0.0017381 -0.000229552 -0.000457285 -0.00055388 -0.00120904 -0.00101141 -0.000852003 -0.000431198 0 -4.26528e-05 -0.000508152 -0.000942147 -0.000550545 -0.00102727 -0.00167726 -0.00022841 -0.00068433 -0.0012965 -0.000211054 0 -0.000869922 -0.000713335 -0.000243605 -0.000856211 -0.0011433 -0.000441092 -0.000425494 -0.00136513 -0.000597614 -0.00073677 -0.000744515 -0.000851702 -0.000517627 -0.000482111 -8.2065e-05 0 0 0 0 0 0 0 0 0 0 0 0 0 0 0 
0 0 0 0 0 0 0 0 0 0 0 0 0 0 0 -0.000500212 -0.000538551 -0.000480149 -0.0016752 -0.001049 -0.000438041 -0.00100478 -0.000213627 -0.00102721 -0.00240344 -0.00036966 -8.04207e-05 -0.00051267 0 -0.000476334 -0.000832105 -0.000271608 -0.0006767 -0.000392392 -0.000364835 -0.00034161 -0.00162531 -0.00040503 0 -0.000239111 -0.000311865 -0.000190359 -0.000613391 -0.00135001 -2.83215e-05 -0.000366068 -0.00065725 -0.000611705 -0.00110566 -0.000897567 -0.00167125 -0.000993832 -0.000808994 -0.000793425 -0.000321682 0 0 0 0 0 0 0 0 0 0 0 0 0 0 
0 0 0 0 0 0 0 0 0 0 0 0 0 0 0 -0.000390359 -0.000202197 -0.000725533 -4.048e-05 0 -0.000191753 -0.000655048 -0.000734722 -0.000899698 -0.000678458 -0.000148322 -0.00101111 -0.000652634 -9.74495e-05 -0.00116427 -0.00150575 -0.000498264 -0.000539113 -7.47732e-05 -0.000723754 -0.000347017 -0.000398172 -0.000385799 -0.000298313 -0.000655536 -0.000433073 -0.000942745 -0.000813591 -0.00185947 -0.000537775 -9.26417e-05 -6.91641e-05 -1.38454e-05 -0.000736075 -0.00138878 -0.00058903 -0.00133024 -0.00118507 -0.000661065 -0.00185077 0 0 0 0 0 0 0 0 0 0 0 0 0 0 
0 0 0 0 0 0 0 0 0 0 0 0 0 0 0 -0.000410512 -0.000797007 -5.62235e-05 -1.85797e-06 0 -0.00023276 -0.000997596 -0.0011724 -0.000387001 -0.000251613 -3.21876e-06 -0.000603509 -0.00117053 -0.000918417 -0.00113058 -0.000596486 -0.00110934 -0.000389656 -0.00120692 -0.000204244 -0.000765282 -0.000113076 -8.99906e-06 -0.000267643 -0.000835747 -0.00101246 -0.000203814 -0.000278751 -0.000470508 -0.000318608 -0.000276161 -7.06714e-05 -8.29614e-05 -0.00137168 -0.00158081 -0.000287751 -0.000324354 -0.000118561 -0.000276291 -0.000768248 0 0 0 0 0 0 0 0 0 0 0 0 0 0 
0 0 0 0 0 0 0 0 0 0 0 0 0 0 0 -0.000133412 -0.000515361 -0.000871638 -0.000944029 -0.000337535 -0.000290085 -0.00154848 -0.00024213 -0.000120894 -6.40476e-05 -0.000415777 -0.000707979 -0.00152015 -0.000225092 -0.00161594 -0.00107453 -0.000591236 -9.91003e-05 -0.00156718 -0.000746913 -0.000375732 -2.15701e-05 0 -0.000340955 -0.000514671 -0.00147802 -0.000240679 -5.98499e-05 -0.000455356 -0.00102476 -0.00102271 -0.00026347 -2.6114e-05 -0.000435783 -0.000566996 -0.000134706 -0.000163769 -0.000581371 -0.000357353 -0.000145113 -4.23882e-05 0 0 0 0 0 0 0 0 0 0 0 0 0 
0 0 0 0 0 0 0 0 0 0 0 0 0 0 0 0 -0.000204595 -0.00130064 -0.00097644 -0.000998116 -0.000124348 -0.000660621 -0.00145718 -0.000605425 -0.000618201 -0.00235194 -0.000491203 -9.56364e-05 -7.49082e-05 -0.00102888 -0.000318179 -0.000450809 -0.000354913 -0.000997646 -0.000775999 -0.000414422 -0.0001686 0 -0.0006176 -0.000607715 -0.0003546 -0.000134564 -0.000248846 -0.000516671 -0.000314825 -0.00011973 -5.8529e-05 -0.000466718 -8.98646e-05 -0.000715159 -0.000952217 -0.000260232 -4.37174e-05 -0.000393533 -0.000766566 -0.000627509 0 0 0 0 0 0 0 0 0 0 0 0 0 
0 0 0 0 0 0 0 0 0 0 0 0 0 0 0 0 -1.82875e-05 -0.000342278 -0.000605518 -0.000146511 -0.000765149 -0.00108776 -0.000828586 -0.000591887 -0.00113933 -0.0009583 -0.000209787 -0.000397304 -0.000206413 -0.000163426 -0.00128845 -0.001257 -0.000636726 -0.000561511 -0.000212747 -0.000429472 -0.000583525 -0.000994583 -0.0014122 -0.0013191 -0.000893362 -0.00193369 -0.000141463 -0.0011365 -0.000209365 0 -0.000115755 -0.000947899 -5.08625e-05 -5.01894e-05 -0.000333466 -0.000975987 -0.000103172 -1.56251e-05 -0.00130695 -0.000644599 0 0 0 0 0 0 0 0 0 0 0 0 0 
0 0 0 0 0 0 0 0 0 0 0 0 0 0 -0.000181833 -0.000418049 -0.000257087 -0.00193095 -0.00269057 -0.000944179 -0.00079443 -0.000121637 -0.00099443 -0.000949825 -0.000759796 -0.000581753 -0.00060471 -0.00107568 -0.000710571 -0.00132322 -0.000627692 -0.00040259 -0.000104768 -0.0006161 -0.000802502 -0.00152963 -0.000328212 -0.00028009 -9.23577e-05 -8.07548e-05 -4.58852e-07 -8.62256e-05 -0.000270017 -0.000496128 -0.000651347 -0.000183096 -0.000170874 -0.0011018 -0.000587293 -0.000490053 -3.06079e-05 -0.00100129 -0.00111774 -0.00108823 -0.00126414 -0.000404245 0 0 0 0 0 0 0 0 0 0 0 0 0 
0 0 0 0 0 0 0 0 0 0 0 0 0 0 -0.000760474 -0.00063232 -0.000588297 -0.00132271 -0.00218134 -0.000571025 0 0 -7.92602e-05 -0.00130893 -0.00110835 -0.0010563 -0.00101202 -0.000386206 -0.00117972 -0.00123787 -0.0008678 -0.000708233 -0.000782427 -0.00157454 -0.00711128 -0.00546464 -0.00189856 0 -0.000242224 -0.000481424 -0.000469568 0 -0.000857034 -0.00110498 -0.000180515 -0.000548723 -0.000825521 -0.000708756 -0.0003226 -0.000893303 -0.000425432 -0.000957774 -0.000733087 -0.00160165 -0.000271385 -0.00054238 0 0 0 0 0 0 0 0 0 0 0 0 0 
0 0 0 0 0 0 0 0 0 0 0 0 0 0 -0.000706407 -0.00112352 -0.000377503 0 -0.00020213 -0.00157285 -0.00121419 -9.63257e-05 -0.000677099 -0.00199463 -0.00141155 -0.000279033 -0.000636464 -0.00077437 -0.00119165 -0.000311917 -0.000314305 -0.00138144 -0.000509189 -0.00115746 -0.00654321 -0.00717662 -0.00228849 -7.99539e-07 -0.000713501 -0.000170175 -0.00115188 -0.000396963 -0.00138742 -0.00146585 -0.000504752 -0.000524049 -0.00105323 -0.000983483 -0.00133075 -0.00123532 -0.000220662 -0.000353093 -0.00044539 -0.000589109 -0.000442385 -0.000646797 -1.57406e-05 0 0 0 0 0 0 0 0 0 0 0 0 
0 0 0 0 0 0 0 0 0 0 0 0 0 0 -0.00026389 -0.000917392 -0.000238274 -0.000333129 -4.60584e-06 -0.000353706 -0.00156461 -0.000522773 -0.000298249 -0.000532977 -0.000829833 -0.000577619 -0.000534042 -0.00039332 -5.88596e-05 -0.00012613 -0.00058103 0 -0.000393668 -0.00101846 -0.00234891 -0.00247043 -0.00060087 -0.000120408 -0.00166175 -0.00070206 -0.000711345 -0.000538782 -0.000820613 -0.000551972 -8.25428e-05 -0.000543325 -0.000484192 -0.000748107 -0.000729186 -0.000695862 -0.000851461 -0.000695993 -0.000978702 -0.00121474 -0.00101897 -0.00117112 -1.84236e-05 0 0 0 0 0 0 0 0 0 0 0 0 
0 0 0 0 0 0 0 0 0 0 0 0 0 0 -0.000921943 -0.000420867 -0.000420174 -0.000912206 -0.00171358 -0.000882644 -0.000349706 -0.000572694 -0.000139048 -0.000798666 -0.000348032 -0.00105479 -0.000828458 -0.000837373 -0.000539903 -0.000404149 -0.000111664 0 -0.000325839 -0.0012991 -0.0003948 -0.000650318 -0.000326321 -0.000121492 -0.00105397 -0.000833928 -0.00106645 -0.000169146 -0.000788082 -0.000199019 -0.000466047 -0.000437786 -0.000679037 -0.000392328 -0.000599983 -0.000899164 -0.00105646 -0.000151713 -0.00171202 -0.000202332 -7.00245e-05 -0.000232597 0 0 0 0 0 0 0 0 0 0 0 0 0 
0 0 0 0 0 0 0 0 0 0 0 0 0 0 -0.00120124 -0.000805483 -0.00130393 -0.00129026 -0.00118262 -0.000398528 -0.000285065 -0.00119298 -0.000157523 -0.000532759 -0.00118257 -0.00063273 -0.000758468 -0.000830008 -0.00222884 -0.000651524 -6.93551e-05 -0.000117684 -8.43748e-05 -0.000717463 -0.000498343 -0.000556495 -0.00150357 -0.000667347 -0.000271501 -0.000237295 -0.000354336 -0.000869343 -0.00129668 -0.00121137 -0.000347578 -7.29548e-05 -0.00011631 -7.633e-05 -0.000201089 -0.00084617 -0.00023905 0 -0.000672189 -0.000946415 -9.39135e-05 0 0 0 0 0 0 0 0 0 0 0 0 0 0 
0 0 0 0 0 0 0 0 0 0 0 0 0 0 -0.000353209 -0.000420534 -0.00089651 -0.000766364 0 -0.000462776 -0.000402663 -0.000347714 -0.000476451 -9.14454e-05 -0.00156708 -0.000557118 -0.000379374 -0.000257243 -0.000185585 -2.98789e-05 -0.000288605 -0.00132918 -0.00108156 -0.0013347 -0.000454658 -0.00047566 -0.000737319 -0.00134952 -0.000410889 -0.000710276 -0.000543658 -2.01979e-05 -0.00010496 -0.000862091 -0.000951702 -0.0013699 -0.000509947 0 -2.37384e-05 -0.000674964 -0.000177325 -0.00129183 -0.000369383 -0.0010805 -0.000178651 0 0 0 0 0 0 0 0 0 0 0 0 0 0 
0 0 0 0 0 0 0 0 0 0 0 0 0 0 0 -0.00094849 -0.000330643 -1.51514e-05 -0.000159011 -0.000241298 -0.000441625 -0.000360286 -0.00145578 -0.000934615 -0.000559426 -0.00125652 -1.99982e-05 -0.000321252 -0.00110556 -0.000409559 -0.000241297 -0.000669287 -0.000516906 -0.000445303 -0.000620706 -0.000861233 -0.000418633 -0.000759157 -0.000689753 -0.00058666 -0.000529475 -0.000624829 -0.00148048 -0.000263906 -0.000724776 -0.000694559 -0.000390098 -0.000915559 -5.88941e-06 -0.000377046 -0.000386801 -0.000830055 -0.00011918 -0.000185403 0 0 0 0 0 0 0 0 0 0 0 0 0 0 0 
0 0 0 0 0 0 0 0 0 0 0 0 0 0 0 0 0 -0.000358183 -0.0010558 -0.00197424 -0.000947537 -0.000708791 -0.00122503 -0.00199617 -8.59683e-05 -0.000580383 -2.94376e-05 -0.000328975 -0.000749246 -0.000452696 -0.000595757 -0.000592 -0.000423531 -3.31917e-06 -6.51505e-05 -0.000339505 -0.000270031 -0.000354765 -0.000268039 -0.000415498 -0.000414047 -0.00118618 -0.00102656 -0.000884601 -0.00198167 -0.00127383 -0.000658828 -0.000616939 -0.000518917 -0.000224259 -0.000280896 -0.00163728 -0.000964782 -0.00145599 -1.03418e-05 0 0 0 0 0 0 0 0 0 0 0 0 0 0 
0 0 0 0 0 0 0 0 0 0 0 0 0 0 0 -6.85315e-05 -0.000504748 -0.00120565 -0.00109401 -0.000881169 -0.000546388 -0.000525402 -0.000806334 -0.00028566 0 -0.000376387 -2.38215e-05 -0.000246301 -0.0010294 -0.000962976 -0.000913965 -0.00104395 -0.000834156 -0.000224293 -0.000882013 -0.000216087 -0.000397401 -0.00100744 -0.000384342 -0.000409948 -0.00096666 -0.000899668 -0.000621971 -9.7262e-05 -0.000286829 -0.000914714 -0.000244537 -0.000246052 -0.000395989 -0.000505017 -0.000274268 -0.00117269 -0.000829476 -0.000826848 -8.89254e-07 0 0 0 0 0 0 0 0 0 0 0 0 0 0 
0 0 0 0 0 0 0 0 0 0 0 0 0 0 0 -9.68708e-05 -0.00106795 -0.000855234 -0.00107441 -0.00088604 -0.000417535 -0.000178259 -0.000784224 -2.08226e-05 0 0 0 -0.000410949 -0.000335457 -0.00129204 -0.000849892 -0.000466939 -0.00019884 -0.000221417 -0.000666651 -0.000876712 -0.000242723 -0.00107941 -0.000580338 -0.000918185 -0.000671665 -0.000823391 -0.000461375 -0.000326894 -0.00107905 -4.1667e-05 -7.46386e-05 -0.00139468 -0.000768716 -0.000970285 -0.000101608 -0.00080434 -0.000768954 -0.000136944 0 0 0 0 0 0 0 0 0 0 0 0 0 0 0 
0 0 0 0 0 0 0 0 0 0 0 0 0 0 0 -1.24832e-05 -0.00018963 -0.00172386 -0.000861008 -0.000501128 -0.000616693 0 -0.000341541 -0.00048242 -0.000670721 -0.00044152 -0.000644988 -6.87885e-05 -0.000549997 -0.000869731 -9.42337e-05 -0.00122136 -0.000570703 -0.000717944 -0.00028854 -0.000880394 -0.000301589 -0.000800957 -0.000723285 -0.00102191 -0.000360802 -0.000420034 -0.000163822 -0.000685137 -0.000678994 -0.00082529 -0.00046532 -0.000456782 -0.00172265 -0.000617535 -5.68914e-05 -0.000432825 -0.00102193 -0.000554794 0 0 0 0 0 0 0 0 0 0 0 0 0 0 0 
0 0 0 0 0 0 0 0 0 0 0 0 0 0 0 0 0 -0.00126955 -0.00121729 -0.0013979 -0.000979739 -0.000938085 -5.48109e-05 -0.000294732 -0.000450587 -0.00055844 -0.000891094 -0.000606046 -0.000241965 -8.8764e-05 -0.000617717 -0.000577428 -0.0003054 -0.000912275 -0.000619954 -0.00102882 -0.00150473 -0.000746697 -0.000964347 -0.00120742 -0.0014271 -0.000199348 -0.000543326 -0.000280017 -0.00109822 -0.00116971 -0.00144096 -0.000736299 -0.000692298 -0.000891894 -0.00036458 -0.000107536 0 0 0 0 0 0 0 0 0 0 0 0 0 0 0 0 0 
0 0 0 0 0 0 0 0 0 0 0 0 0 0 0 0 0 -0.0001316 -0.000339685 -0.000289298 -0.00011659 -0.00125256 -0.000100983 -0.00120697 -0.000985186 -0.000485219 -0.0010661 -0.000545499 -3.61201e-06 -0.000281634 -0.00123104 -0.000392625 -0.000420274 -0.00250396 -0.00172078 -0.0011403 -0.00109477 -0.000305535 -0.0013839 -0.00116585 -0.00056949 -7.14138e-05 -0.00089728 -0.00137485 -0.000708106 -0.000531037 -0.000937423 -0.00106959 -0.0008314 -0.000203651 -0.000491438 -0.000176093 0 0 0 0 0 0 0 0 0 0 0 0 0 0 0 0 0 
0 0 0 0 0 0 0 0 0 0 0 0 0 0 0 0 0 0 -0.000393906 -0.0014008 -0.00106503 -0.00121992 -0.000516443 -0.000720633 -0.00155444 -0.000872796 -0.000432405 -0.00108635 -0.00116394 -0.000119138 -0.000616129 -0.000833537 -0.0016642 -0.000781051 -0.00108673 -0.00185536 -0.000895469 -4.93514e-05 -0.000364915 -0.000287513 -0.000911345 -0.000926096 -0.000483594 -0.000623303 -0.000350799 -0.00103199 -0.000268379 -0.000350507 -0.000454696 -0.000315883 -0.000240703 0 0 0 0 0 0 0 0 0 0 0 0 0 0 0 0 0 0 
0 0 0 0 0 0 0 0 0 0 0 0 0 0 0 0 0 0 -2.02467e-05 -0.000683613 -0.00023236 -0.000379795 -0.000672175 -0.000425486 -0.00154122 -0.000830571 -0.00161542 -0.0016905 -0.000526588 0 -5.17745e-05 -0.000406795 -0.000686103 -0.00154773 -0.000856423 -7.95045e-05 -0.000264303 -0.00115553 -0.00160073 -0.000756026 -0.00039342 -7.6248e-06 -8.027e-05 -0.000211712 -0.00110394 -0.000658683 -0.000242406 -0.000345539 -4.2998e-06 -0.000446887 -0.000240189 0 0 0 0 0 0 0 0 0 0 0 0 0 0 0 0 0 0 
0 0 0 0 0 0 0 0 0 0 0 0 0 0 0 0 0 0 0 0 -0.000673518 -0.00120972 -0.000375549 -0.00069277 -0.000553299 -0.000372495 -0.00107935 -0.000238035 -0.000456181 0 -0.000558019 -0.00157062 -0.00160662 -0.00119027 -0.00046941 0 -0.00033968 -0.00064 -0.000351306 -4.38167e-05 0 -4.50792e-05 -0.000421879 -4.72222e-05 -0.00143463 -0.000928225 -0.00116602 -0.000400117 -0.00017339 -0.000608396 0 0 0 0 0 0 0 0 0 0 0 0 0 0 0 0 0 0 0 
0 0 0 0 0 0 0 0 0 0 0 0 0 0 0 0 0 0 0 0 -0.000248646 -0.000871875 -0.000224594 -0.000370259 -0.000711327 -0.000800804 -0.00128317 -0.000464953 -0.0011858 -0.000591063 -0.000287041 -0.000521751 -0.00103121 -0.000215894 -3.27854e-05 -2.7346e-07 0 -0.000475685 -0.000995672 -0.000372096 -7.08616e-05 -0.00048087 -0.000898103 -0.00041239 -0.000430585 -0.00109083 -0.00060036 -0.000159017 -0.000440244 0 0 0 0 0 0 0 0 0 0 0 0 0 0 0 0 0 0 0 0 
0 0 0 0 0 0 0 0 0 0 0 0 0 0 0 0 0 0 0 0 0 -0.000225164 -0.000774142 -4.92674e-05 -0.000772318 -0.000405513 0 -0.000141401 -0.00072514 -0.00126237 -0.000632894 0 -8.9643e-05 -3.95082e-05 -0.00076176 -0.000369969 -0.000275715 -6.62093e-05 -5.70542e-05 -0.000829139 -0.00134791 -2.25935e-05 -5.9346e-05 -6.35958e-05 -0.000145591 -0.000103069 0 -5.36227e-05 -0.00015222 0 0 0 0 0 0 0 0 0 0 0 0 0 0 0 0 0 0 0 0 
0 0 0 0 0 0 0 0 0 0 0 0 0 0 0 0 0 0 0 0 0 0 0 0 -0.000626445 -0.000633091 -0.000805894 -0.000477601 -0.00133383 -0.00251365 -0.000688547 -0.000777208 -0.000876831 -0.000198848 -0.00043679 -0.000455732 -0.00101705 -0.000474821 -0.000327251 -0.000516875 -0.00027053 -0.000262009 -0.000557175 -0.000207835 -0.000733427 -0.000144654 0 0 0 0 0 0 0 0 0 0 0 0 0 0 0 0 0 0 0 0 0 0 0 
0 0 0 0 0 0 0 0 0 0 0 0 0 0 0 0 0 0 0 0 0 0 0 0 -5.15778e-05 -0.000651069 -0.000350792 -0.000564641 -0.000650245 -0.000145462 -0.00098873 -0.00089211 -0.00151218 -0.000746337 -0.00120872 -0.00135164 -0.00132916 -0.000518747 -0.000541469 -0.000583935 -0.000743965 -0.00101025 -0.000358214 -0.000206948 -0.000284818 -2.46628e-05 0 0 0 0 0 0 0 0 0 0 0 0 0 0 0 0 0 0 0 0 0 0 0 
0 0 0 0 0 0 0 0 0 0 0 0 0 0 0 0 0 0 0 0 0 0 0 0 0 0 0 0 0 -0.000553084 -0.00134221 -0.000732875 -0.00133867 -0.000517651 -0.00119469 -0.00131743 -0.000896435 -0.000156716 -0.00163166 -0.00114085 -0.00099294 -0.000209295 0 0 0 0 0 0 0 0 0 0 0 0 0 0 0 0 0 0 0 0 0 0 0 0 0 0 0 
0 0 0 0 0 0 0 0 0 0 0 0 0 0 0 0 0 0 0 0 0 0 0 0 0 0 0 0 0 -0.000135038 -0.000350568 -0.000507112 -0.000302507 -4.9e-06 -0.000474984 -0.000349214 0 0 -0.000460543 -5.1618e-05 0 0 0 0 0 0 0 0 0 0 0 0 0 0 0 0 0 0 0 0 0 0 0 0 0 0 0 0 0 
0 0 0 0 0 0 0 0 0 0 0 0 0 0 0 0 0 0 0 0 0 0 0 0 0 0 0 0 0 0 0 0 0 0 -3.90496e-05 -2.94276e-05 0 0 0 0 0 0 0 0 0 0 0 0 0 0 0 0 0 0 0 0 0 0 0 0 0 0 0 0 0 0 0 0 0 
0 0 0 0 0 0 0 0 0 0 0 0 0 0 0 0 0 0 0 0 0 0 0 0 0 0 0 0 0 0 0 0 0 0 0 0 0 0 0 0 0 0 0 0 0 0 0 0 0 0 0 0 0 0 0 0 0 0 0 0 0 0 0 0 0 0 0 0 0 
0 0 0 0 0 0 0 0 0 0 0 0 0 0 0 0 0 0 0 0 0 0 0 0 0 0 0 0 0 0 0 0 0 0 0 0 0 0 0 0 0 0 0 0 0 0 0 0 0 0 0 0 0 0 0 0 0 0 0 0 0 0 0 0 0 0 0 0 0 
0 0 0 0 0 0 0 0 0 0 0 0 0 0 0 0 0 0 0 0 0 0 0 0 0 0 0 0 0 0 0 0 0 0 0 0 0 0 0 0 0 0 0 0 0 0 0 0 0 0 0 0 0 0 0 0 0 0 0 0 0 0 0 0 0 0 0 0 0 
0 0 0 0 0 0 0 0 0 0 0 0 0 0 0 0 0 0 0 0 0 0 0 0 0 0 0 0 0 0 0 0 0 0 0 0 0 0 0 0 0 0 0 0 0 0 0 0 0 0 0 0 0 0 0 0 0 0 0 0 0 0 0 0 0 0 0 0 0 
0 0 0 0 0 0 0 0 0 0 0 0 0 0 0 0 0 0 0 0 0 0 0 0 0 0 0 0 0 0 0 0 0 0 0 0 0 0 0 0 0 0 0 0 0 0 0 0 0 0 0 0 0 0 0 0 0 0 0 0 0 0 0 0 0 0 0 0 0 
0 0 0 0 0 0 0 0 0 0 0 0 0 0 0 0 0 0 0 0 0 0 0 0 0 0 0 0 0 0 0 0 0 0 0 0 0 0 0 0 0 0 0 0 0 0 0 0 0 0 0 0 0 0 0 0 0 0 0 0 0 0 0 0 0 0 0 0 0 
0 0 0 0 0 0 0 0 0 0 0 0 0 0 0 0 0 0 0 0 0 0 0 0 0 0 0 0 0 0 0 0 0 0 0 0 0 0 0 0 0 0 0 0 0 0 0 0 0 0 0 0 0 0 0 0 0 0 0 0 0 0 0 0 0 0 0 0 0 
0 0 0 0 0 0 0 0 0 0 0 0 0 0 0 0 0 0 0 0 0 0 0 0 0 0 0 0 0 0 0 0 0 0 0 0 0 0 0 0 0 0 0 0 0 0 0 0 0 0 0 0 0 0 0 0 0 0 0 0 0 0 0 0 0 0 0 0 0 
0 0 0 0 0 0 0 0 0 0 0 0 0 0 0 0 0 0 0 0 0 0 0 0 0 0 0 0 0 0 0 0 0 0 0 0 0 0 0 0 0 0 0 0 0 0 0 0 0 0 0 0 0 0 0 0 0 0 0 0 0 0 0 0 0 0 0 0 0 
0 0 0 0 0 0 0 0 0 0 0 0 0 0 0 0 0 0 0 0 0 0 0 0 0 0 0 0 0 0 0 0 0 0 0 0 0 0 0 0 0 0 0 0 0 0 0 0 0 0 0 0 0 0 0 0 0 0 0 0 0 0 0 0 0 0 0 0 0 
0 0 0 0 0 0 0 0 0 0 0 0 0 0 0 0 0 0 0 0 0 0 0 0 0 0 0 0 0 0 0 0 0 0 0 0 0 0 0 0 0 0 0 0 0 0 0 0 0 0 0 0 0 0 0 0 0 0 0 0 0 0 0 0 0 0 0 0 0 
0 0 0 0 0 0 0 0 0 0 0 0 0 0 0 0 0 0 0 0 0 0 0 0 0 0 0 0 0 0 0 0 0 0 0 0 0 0 0 0 0 0 0 0 0 0 0 0 0 0 0 0 0 0 0 0 0 0 0 0 0 0 0 0 0 0 0 0 0 
