0 0 0 0 0 0 0 0 0 0 0 0 0 0 0 0 0 0 0 0 0 0 0 0 0 0 0 0 0 0 0 0 0 0 0 0 0 0 0 0 0 0 0 0 0 0 0 0 0 0 0 0 0 0 0 0 0 0 0 0 0 0 0 0 0 0 0 0 0 
0 0 0 0 0 0 0 0 0 0 0 0 0 0 0 0 0 0 0 0 0 0 0 0 0 0 0 0 0 0 0 0 0 0 0 0 0 0 0 0 0 0 0 0 0 0 0 0 0 0 0 0 0 0 0 0 0 0 0 0 0 0 0 0 0 0 0 0 0 
0 0 0 0 0 0 0 0 0 0 0 0 0 0 0 0 0 0 0 0 0 0 0 0 0 0 0 0 0 0 0 0 0 0 0 0 0 0 0 0 0 0 0 0 0 0 0 0 0 0 0 0 0 0 0 0 0 0 0 0 0 0 0 0 0 0 0 0 0 
0 0 0 0 0 0 0 0 0 0 0 0 0 0 0 0 0 0 0 0 0 0 0 0 0 0 0 0 0 0 0 0 0 0 0 0 0 0 0 0 0 0 0 0 0 0 0 0 0 0 0 0 0 0 0 0 0 0 0 0 0 0 0 0 0 0 0 0 0 
0 0 0 0 0 0 0 0 0 0 0 0 0 0 0 0 0 0 0 0 0 0 0 0 0 0 0 0 0 0 0 0 0 0 0 0 0 0 0 0 0 0 0 0 0 0 0 0 0 0 0 0 0 0 0 0 0 0 0 0 0 0 0 0 0 0 0 0 0 
0 0 0 0 0 0 0 0 0 0 0 0 0 0 0 0 0 0 0 0 0 0 0 0 0 0 0 0 0 0 0 0 0 0 0 0 0 0 0 0 0 0 0 0 0 0 0 0 0 0 0 0 0 0 0 0 0 0 0 0 0 0 0 0 0 0 0 0 0 
0 0 0 0 0 0 0 0 0 0 0 0 0 0 0 0 0 0 0 0 0 0 0 0 0 0 0 0 0 0 0 0 0 0 0 0 0 0 0 0 0 0 0 0 0 0 0 0 0 0 0 0 0 0 0 0 0 0 0 0 0 0 0 0 0 0 0 0 0 
0 0 0 0 0 0 0 0 0 0 0 0 0 0 0 0 0 0 0 0 0 0 0 0 0 0 0 0 0 0 0 0 0 0 0 0 0 0 0 0 0 0 0 0 0 0 0 0 0 0 0 0 0 0 0 0 0 0 0 0 0 0 0 0 0 0 0 0 0 
0 0 0 0 0 0 0 0 0 0 0 0 0 0 0 0 0 0 0 0 0 0 0 0 0 0 0 0 0 0 0 0 0 0 0 0 0 0 0 0 0 0 0 0 0 0 0 0 0 0 0 0 0 0 0 0 0 0 0 0 0 0 0 0 0 0 0 0 0 
0 0 0 0 0 0 0 0 0 0 0 0 0 0 0 0 0 0 0 0 0 0 0 0 0 0 0 0 0 0 0 0 0 0 0 0 0 0 0 0 0 0 0 0 0 0 0 0 0 0 0 0 0 0 0 0 0 0 0 0 0 0 0 0 0 0 0 0 0 
0 0 0 0 0 0 0 0 0 0 0 0 0 0 0 0 0 0 0 0 0 0 0 0 0 0 0 0 0 0 0 0 0 0 0 0 0 0 0 0 0 0 0 0 0 0 0 0 0 0 0 0 0 0 0 0 0 0 0 0 0 0 0 0 0 0 0 0 0 
0 0 0 0 0 0 0 0 0 0 0 0 0 0 0 0 0 0 0 0 0 0 0 0 0 0 0 0 0 0 0 0 0 0 0 0 0 0 0 0 0 0 0 0 0 0 0 0 0 0 0 0 0 0 0 0 0 0 0 0 0 0 0 0 0 0 0 0 0 
0 0 0 0 0 0 0 0 0 0 0 0 0 0 0 0 0 0 0 0 0 0 0 0 0 0 0 0 0 0 0 0 0 0 0 0 0 0 0 0 0 0 0 0 0 0 0 0 0 0 0 0 0 0 0 0 0 0 0 0 0 0 0 0 0 0 0 0 0 
0 0 0 0 0 0 0 0 0 0 0 0 0 0 0 0 0 0 0 0 0 0 0 0 0 0 0 0 0 0 0 0 0 0 0 0 -6.78233e-06 -7.22066e-05 0 0 0 0 0 0 0 0 0 0 0 0 0 0 0 0 0 0 0 0 0 0 0 0 0 0 0 0 0 0 0 
0 0 0 0 0 0 0 0 0 0 0 0 0 0 0 0 0 0 0 0 0 0 0 0 0 0 0 0 0 -0.000228264 -0.000148526 -3.25883e-06 0 -0.000683275 -0.000301357 -0.000106354 -6.20098e-05 -0.000875104 -0.000196346 0 -0.000219454 -8.66196e-05 0 0 0 0 0 0 0 0 0 0 0 0 0 0 0 0 0 0 0 0 0 0 0 0 0 0 0 
0 0 0 0 0 0 0 0 0 0 0 0 0 0 0 0 0 0 0 0 0 0 0 0 0 0 0 -0.000338912 -0.00082103 -0.000731324 -0.00152457 -0.000478133 -0.000492799 -0.00139083 -0.00111151 -0.00100945 -3.75409e-05 -0.000908215 -0.00109615 -0.000170821 -0.000480736 -0.000140114 -0.000289999 -9.26901e-05 0 0 0 0 0 0 0 0 0 0 0 0 0 0 0 0 0 0 0 0 0 0 0 0 0 
0 0 0 0 0 0 0 0 0 0 0 0 0 0 0 0 0 0 0 0 0 0 0 0 -0.000138901 -9.11313e-05 -0.000165079 -0.000842014 -0.000942477 -5.90862e-05 -0.00114589 -0.00048798 -0.000148191 -0.00146897 -0.00144472 -0.000596144 -0.000204885 -0.00167208 -0.00174199 -0.000942176 -0.000315716 -0.00090374 -0.000680794 -0.00017148 -0.000597431 -1.60798e-06 0 0 0 0 0 0 0 0 0 0 0 0 0 0 0 0 0 0 0 0 0 0 0 
0 0 0 0 0 0 0 0 0 0 0 0 0 0 0 0 0 0 0 0 0 0 0 0 -0.00067628 -0.00183332 -0.00174131 -0.000588437 -0.00210047 -0.00053718 -0.000164237 0 -0.000864464 -0.000579424 -0.000252653 -0.00153304 -0.00108965 -0.000502438 -0.00137758 -0.000168474 -3.23599e-05 -0.000638217 -0.000489177 -0.00176759 -0.00156912 -0.000727754 -4.46502e-05 0 0 0 0 0 0 0 0 0 0 0 0 0 0 0 0 0 0 0 0 0 0 
0 0 0 0 0 0 0 0 0 0 0 0 0 0 0 0 0 0 0 0 0 -1.08892e-05 -0.000570476 -0.000168496 -0.000482617 -0.00149946 -0.00098999 -0.000942774 -0.000262485 -0.000288549 -0.000193046 0 -0.000684127 -0.000826661 -0.000646732 -0.000438785 -0.000533147 -0.000567298 -0.00096078 -0.000435815 -7.29967e-05 -4.03406e-05 -0.000641303 -0.00158436 -0.000687816 -0.00182223 -0.00065611 -6.38374e-05 0 0 0 0 0 0 0 0 0 0 0 0 0 0 0 0 0 0 0 0 0 
0 0 0 0 0 0 0 0 0 0 0 0 0 0 0 0 0 0 0 -3.33397e-06 -4.64926e-05 -0.00037708 -0.00102929 -0.000231291 -0.000999956 -0.00158616 -0.00201325 -0.000523197 -0.000565251 -0.000270374 -0.000559244 -0.000758313 -0.000525508 -0.000758901 -0.000708671 -0.000484249 -2.78886e-05 -0.00282025 -0.00194969 -0.000756022 -0.000692042 -0.000836643 -2.28988e-05 -7.30836e-05 -0.0013078 -0.000942345 -0.000666844 -0.000616193 -1.73661e-05 0 0 0 0 0 0 0 0 0 0 0 0 0 0 0 0 0 0 0 0 
0 0 0 0 0 0 0 0 0 0 0 0 0 0 0 0 0 0 0 -5.02736e-05 -0.000932012 -0.00144651 -0.000466192 -0.000274452 -0.000527884 -0.00042077 -0.000441732 -0.000374618 -0.00035903 -0.000551198 -0.00106598 -0.00179097 -0.000641027 -0.000541053 -0.000989677 -0.00109691 -0.000251549 -0.000675509 -0.000888431 -0.000689476 -0.000767603 -0.000366725 -0.000481662 -0.00101227 -0.000298234 -0.000834064 -0.00114002 -0.000454391 -2.60079e-05 -0.000248542 -7.12723e-06 0 0 0 0 0 0 0 0 0 0 0 0 0 0 0 0 0 0 
0 0 0 0 0 0 0 0 0 0 0 0 0 0 0 0 0 0 0 -0.000573128 -0.000239221 -0.000545008 -0.00114638 -0.00119402 -0.00126367 -0.000973794 -0.000501122 -0.000204519 -0.00173657 -0.00149755 -0.00171118 -0.00134681 -0.000342276 -0.00165669 -0.00182901 -0.00127908 -0.00048353 -0.000683834 -0.00111438 -0.000652826 -0.001156 -0.00153021 -0.00093147 -0.000962022 -0.000590168 -0.00123752 -0.000700926 -0.000595073 -0.000537908 -0.000847357 -1.52069e-05 0 0 0 0 0 0 0 0 0 0 0 0 0 0 0 0 0 0 
0 0 0 0 0 0 0 0 0 0 0 0 0 0 0 0 0 0 -0.000668878 -0.000907771 -0.000708764 -0.000453057 -0.000967374 -0.00222963 -0.000685833 -0.000769712 -0.00046561 -0.000887786 -0.00055811 -1.90128e-05 -0.000743197 -0.000304255 -0.000306601 -0.00185598 -0.000902569 -0.0012018 -0.000537366 -0.000680396 -0.00121218 -0.000221139 -0.00033379 -0.00142476 -0.000923236 -0.00052974 -0.00113783 -0.000452595 -0.00116067 -0.000984276 -0.000791062 -0.000781565 -0.000606041 -0.000185162 -4.59375e-05 0 0 0 0 0 0 0 0 0 0 0 0 0 0 0 0 
0 0 0 0 0 0 0 0 0 0 0 0 0 0 0 0 0 0 -0.00166608 -0.00136876 -0.000987423 -0.00153051 -0.000206925 -0.000799132 -0.00205374 -0.000968071 -0.000463002 -0.000899914 0 0 -0.000857587 -0.00112857 -0.000481455 -2.24816e-05 -0.000698935 -0.000507214 -0.00122719 -0.00182414 -0.00046542 -0.000217341 -0.000259014 -0.000376705 -0.000405695 -0.00011746 -0.000740586 -0.00092813 -0.00134649 -0.000989903 -0.00107584 -0.00185615 -0.000654082 -0.00169789 -0.000801769 0 0 0 0 0 0 0 0 0 0 0 0 0 0 0 0 
0 0 0 0 0 0 0 0 0 0 0 0 0 0 0 0 -8.24222e-07 -2.83018e-05 -0.000668864 -0.00159813 -0.00141894 -0.00238421 -0.00253116 -0.000854335 -0.000911665 -0.000356162 -0.000274582 -0.000668253 -0.000608654 -6.54514e-05 -0.000501162 -0.00102024 -0.000816268 -0.00122033 -0.000767576 -1.44999e-05 -0.00104716 -0.00213715 -0.00120251 -0.000807631 -0.000512821 -0.000493373 -0.000730861 -1.4323e-05 -0.000555025 -0.00158211 -0.00158908 -0.000214861 -0.000823358 -0.000366592 -0.000469695 -0.00144987 -0.000461089 0 0 0 0 0 0 0 0 0 0 0 0 0 0 0 0 
0 0 0 0 0 0 0 0 0 0 0 0 0 0 0 0 -2.18477e-05 -0.000750198 -0.000337666 -0.000128433 0 -0.00108825 -0.00105719 -0.000714437 -0.00144597 -0.000992252 -0.00211668 -0.000977859 -0.00160189 -0.00122131 -0.000286931 -0.00134836 -0.00128532 -0.00112371 -0.00110558 -0.000172695 -0.000545412 -0.000661096 -0.000280651 -0.000926328 -0.00125456 -0.000405546 0 -0.000438647 -0.000523988 -0.000954706 -0.001198 -0.000376293 -0.000472933 -0.000514826 -0.000796625 -0.000502897 -0.000268072 -6.27459e-05 0 0 0 0 0 0 0 0 0 0 0 0 0 0 0 
0 0 0 0 0 0 0 0 0 0 0 0 0 0 0 0 0 -6.38258e-05 -0.000865932 -9.39489e-05 -0.00080883 -0.00170078 -0.000539606 -0.000634329 -0.0020408 -0.00173477 -0.00216773 -0.000319698 -0.00133924 -0.00109679 -0.000134859 -0.000130241 -0.000198108 -8.79692e-05 -0.000185321 -0.000109691 -0.0011491 -0.000953921 -0.000733586 -7.65943e-05 -0.000420084 0 -2.02159e-05 -0.000867546 -0.000929626 -0.000576357 -0.000355473 -0.000798246 -0.000618891 -0.000631784 -0.000335204 -0.00161208 -0.00180368 -0.00137726 -0.000207891 0 0 0 0 0 0 0 0 0 0 0 0 0 0 
0 0 0 0 0 0 0 0 0 0 0 0 0 0 0 0 0 -0.000318285 -0.00259034 -0.00117244 -0.00308798 -0.00272342 -0.000289906 -0.000106533 -0.00117624 -0.00111854 -0.000834801 -0.000157051 0 -0.000736462 -0.000911802 -0.00184539 -0.000685771 -0.000433464 0 -4.85143e-05 -0.000431788 -0.00223367 -0.00145888 -0.000846259 -0.000331335 -0.000322916 -0.000506613 -0.000617496 -0.00136281 -0.00112727 -0.000396821 -0.000234397 -0.000162806 -0.001384 -0.000782369 -0.000936159 -0.00190253 -0.00175536 -9.07012e-05 0 0 0 0 0 0 0 0 0 0 0 0 0 0 
0 0 0 0 0 0 0 0 0 0 0 0 0 0 0 0 -0.000112495 -0.000286734 -0.000830773 -0.00154113 -0.000939118 -0.000404174 -0.000563484 -0.00063896 -0.000177574 -0.00227235 -0.00151429 -0.000778288 -2.68648e-06 -0.0001915 -0.000780113 -0.00144237 -0.00128695 -0.00134126 -0.000262988 -0.000871951 -0.000433018 -0.000591339 -0.000730202 -0.00134024 -0.000150236 -0.000443072 -0.000176865 -0.000951965 -0.00149994 -0.000398384 -0.000606392 -0.0010769 -0.000200388 -0.00144776 -0.001694 -0.00084759 -0.00280149 -0.00252802 -0.00126165 0 0 0 0 0 0 0 0 0 0 0 0 0 0 
0 0 0 0 0 0 0 0 0 0 0 0 0 0 0 -0.00254619 -0.00107765 -0.000575713 -0.000995964 -0.00102223 -0.00121988 -0.000569801 -0.000307675 -0.000757664 -0.000151397 -0.000905548 -0.00164227 -0.000785295 -0.00256935 -0.000768878 -0.000894245 -0.00015417 -0.000236108 -0.00127753 -0.000982975 -0.000406553 -0.00111242 -3.27916e-05 -0.000487832 -0.000611899 -0.0025538 -0.00208049 -0.00215269 -0.00108889 -0.000802396 -0.000536689 -0.00193349 -0.000757719 -0.00146609 -0.000533939 -0.000236414 -0.000556467 -0.000692336 -0.000375509 -0.000190725 -4.52191e-05 0 0 0 0 0 0 0 0 0 0 0 0 0 
0 0 0 0 0 0 0 0 0 0 0 0 0 0 0 -0.00039139 -0.00104082 -0.00104711 -0.000731828 -0.000957067 -0.000356222 -0.000509036 -0.00110539 -0.000622651 -6.12504e-05 -0.000413332 -0.00061086 -2.052e-05 -0.00117421 -0.000674418 -0.000439856 -0.000191751 -3.67709e-05 -0.000374242 -0.000283411 -7.14495e-05 -0.00182719 -0.00063799 -0.000894545 -0.00118326 -0.00128378 -0.00136908 -0.00363487 -0.00131804 -9.38664e-05 -0.000411682 -0.000901501 -0.000246265 -0.000609458 -0.00114161 -0.00124025 -0.00165843 -0.000700152 -0.00164845 -0.0011172 -0.000909813 0 0 0 0 0 0 0 0 0 0 0 0 0 
0 0 0 0 0 0 0 0 0 0 0 0 0 0 -5.54659e-06 -0.000665117 -0.00260924 -0.00161799 -0.000259343 -0.000600478 -0.00123134 -0.00125746 -0.000887271 -0.000196891 -8.10549e-05 -0.00278042 -0.00303035 -0.00111021 -0.00112795 -0.000253382 -0.00113353 -0.000997255 -0.000205588 -0.000576877 -2.95483e-05 -0.000417553 -0.000521109 -0.000717181 -0.00118552 -0.000256172 -0.000377636 -0.000506326 -0.000233686 -0.000829081 -0.00175864 -0.000337444 -0.000902922 -0.000143356 -0.00071287 -0.00114163 -0.001101 -0.000616685 -0.00125501 -0.000382827 -0.000270078 -0.000364952 0 0 0 0 0 0 0 0 0 0 0 0 0 
0 0 0 0 0 0 0 0 0 0 0 0 0 0 -0.000879052 -0.0013121 -0.00149937 -0.00270539 -0.000398889 -0.00102472 -0.000989235 -0.00161736 -0.000997337 -7.18215e-05 -0.000242824 -0.00188621 -0.00132151 -0.000749763 -0.000319379 -0.00075854 -0.000444846 -2.05884e-05 -0.00053391 -0.000243249 -0.0002927 -0.0013573 -0.000859806 -0.00134116 -8.54189e-05 -0.000122783 -0.000288726 -0.000277425 -0.000534226 -0.000428238 -0.00126535 -0.000332226 -0.00252235 -0.00107087 -0.000460651 -0.000577604 -0.000538448 -9.45128e-05 -0.000731633 -0.0018315 -0.000345013 0 0 0 0 0 0 0 0 0 0 0 0 0 0 
0 0 0 0 0 0 0 0 0 0 0 0 0 0 -0.00085199 -0.000250109 -0.000463101 -0.00049344 -0.000102778 -0.000714435 -0.000258571 -0.00176768 -0.00148331 -0.000395383 -0.000133162 -0.000371204 -0.000330568 -0.000689468 -0.000487398 -0.000676409 -0.000566887 -0.00653933 -0.0222282 -0.00480793 -0.000405447 -0.039605 -0.0977179 -0.0259537 -0.000792496 -0.000117791 -0.000203146 -3.31041e-05 -0.000201553 -0.00104793 -0.00186582 -0.000606145 -0.00108462 -0.00134555 -0.000789108 -0.000273632 -0.000391398 -0.000100393 -0.00146344 -0.00412478 -0.000806577 0 0 0 0 0 0 0 0 0 0 0 0 0 0 
0 0 0 0 0 0 0 0 0 0 0 0 0 0 -0.000351398 -0.000979652 -0.000381403 -6.08486e-06 0 -0.000383798 -0.000853987 -0.00242699 -0.000976186 -0.000433816 -0.00191178 -0.00119582 -0.000902421 -0.000844422 -9.71224e-06 0 -0.0014542 -0.0160709 -0.142969 -0.147876 -0.0766081 -0.218376 -0.264049 -0.0260713 -0.00140309 -0.00067696 -0.00214937 -0.0013573 -0.00168325 -0.000655723 -0.00172371 -0.000629721 -0.00181186 -0.00134177 -0.00091427 -0.000358402 -0.00105767 -0.000790292 -0.00209035 -0.000236319 -9.72844e-05 0 0 0 0 0 0 0 0 0 0 0 0 0 0 
0 0 0 0 0 0 0 0 0 0 0 0 0 0 -0.000126828 -0.000644506 -0.00104794 -0.000126414 -0.000606128 -0.000240471 -0.00112479 -0.0020529 -0.000283162 -0.000293436 -0.00115208 -0.000317119 -0.000622295 -0.000546844 -0.00102758 -0.000208492 -0.00119467 -0.00122431 -0.0545487 -0.190623 -0.243103 -0.263486 -0.166663 -0.00994889 -6.03328e-05 -0.000309849 -0.00012051 -0.000394068 -0.000514862 -0.000578771 -0.00184956 -0.00137386 -0.0010644 -0.00109967 -0.000738644 -0.000288647 -0.000433912 -0.000102349 -0.00155664 -0.000481876 -0.00192044 -0.000451956 -7.36273e-05 0 0 0 0 0 0 0 0 0 0 0 0 
0 0 0 0 0 0 0 0 0 0 0 0 0 0 -0.000338483 -0.000113872 -0.000914819 -0.0014671 -0.000806164 -0.000225987 -0.00148241 -0.00131859 -0.000392568 -0.000721617 -0.000329681 -0.000344665 -0.000383347 -0.00117259 -0.000471111 -0.000692138 -0.000588783 -0.000626123 -0.000632314 -0.0017404 -0.0139407 -0.0273474 -0.0154355 -0.000576443 -0.000163736 -0.000975133 -0.00116443 -0.00069845 -0.00060947 -0.000555068 -0.000825151 -0.00229371 -0.000359434 -0.000199386 -0.000305557 -4.63069e-05 -0.000360601 -0.000138928 -0.000931287 -0.00270683 -0.00232553 -0.000676724 -8.84343e-05 0 0 0 0 0 0 0 0 0 0 0 0 
0 0 0 0 0 0 0 0 0 0 0 0 0 0 -0.000290356 -7.9572e-05 -0.000395369 -0.000815792 -0.000650588 -0.00060659 -0.000292006 -0.000650603 -0.000711182 -0.000171876 -0.000902812 -0.00172016 -0.00201874 -0.00216445 -0.000427356 -0.000442545 -0.000207535 -0.000326152 -0.000971736 -0.000999889 -0.00152284 -0.000764709 -0.00129033 -0.000491483 -0.000837888 -0.000888085 -0.00218581 -0.0012692 -0.000671485 -0.000943743 -0.000971787 -0.000914364 -0.000915206 -0.0013395 -0.000853281 -0.000343568 -0.000817087 -0.000539758 -0.000266943 -0.000724179 -0.000278298 -9.19039e-05 0 0 0 0 0 0 0 0 0 0 0 0 0 
0 0 0 0 0 0 0 0 0 0 0 0 0 0 0 -2.12133e-05 -3.76944e-05 -0.000422573 -0.00143954 -0.000503358 -0.000940493 -0.00109541 -0.00127882 -0.0002568 -0.000958028 -0.00279744 -0.00320582 -0.000608949 -0.000274095 -0.000748533 -0.000893301 -0.000412739 -0.00111087 -0.000514695 -0.00119638 -0.000748883 -0.000499603 -0.00124217 -0.00168004 -0.000847732 -0.000827149 -0.000733781 -0.000692805 -0.00206565 -0.00129519 -0.00105329 -0.000293676 -0.000951211 -0.000600423 -0.0011052 -0.00103717 -0.00121079 -5.27726e-05 -0.00062723 -0.00139423 -0.000275345 0 0 0 0 0 0 0 0 0 0 0 0 0 
0 0 0 0 0 0 0 0 0 0 0 0 0 0 -0.000284632 -0.000974157 -0.000474967 -0.0013835 -0.00360631 -0.00167506 -0.000464698 -0.000264731 -0.000623087 -0.000686089 -0.00250103 -0.00228471 -0.00138336 -0.000408055 -1.39828e-05 -0.000668004 -0.00077379 -0.000919123 -0.000800464 -0.00039971 -0.000755123 -0.000838095 -0.000228615 -0.000588614 -0.000452928 -0.00119059 -0.0012946 -0.00132824 -0.00073216 -0.000936877 -0.00120745 -0.000308242 -0.000203565 -0.000263678 -0.00114457 -0.000982836 -0.000547378 -0.00169859 -0.00107096 -0.000203772 -0.000785932 -0.000416999 0 0 0 0 0 0 0 0 0 0 0 0 0 
0 0 0 0 0 0 0 0 0 0 0 0 0 0 -0.000154788 -0.00086558 -0.00056332 -0.000750365 -0.00176189 -0.001062 -0.00240138 -0.00109092 -0.000101913 -0.000443775 -0.000703464 -0.00101719 -0.00167984 -0.000647371 0 -0.000666938 -0.00168561 -0.00213306 -0.000646476 -0.000305766 -0.000991482 -0.00117051 -0.000726495 -0.00115412 0 -0.000156331 -0.00135054 -0.000352122 -0.000925109 -0.000494512 -0.00131678 -0.00144571 -0.000353945 -0.000410544 -0.0016001 -0.00139197 -0.000843864 -0.000753179 -0.000854671 -0.000445029 -0.00107643 0 0 0 0 0 0 0 0 0 0 0 0 0 0 
0 0 0 0 0 0 0 0 0 0 0 0 0 0 0 -0.00060961 -0.00125368 -9.07521e-05 0 -0.00334251 -0.00312947 -0.00208323 -0.000633957 -9.73649e-05 -0.000986209 -0.00258216 -0.00155262 -0.00120676 -0.000280774 -0.00118638 -0.00178357 -0.000168262 -5.1021e-05 -0.0006841 -0.000864547 -0.00209088 -0.00139309 -0.000903822 -0.000330085 -0.00139979 -0.000969785 -0.000841386 -0.00177183 -0.00165326 -0.00214899 -0.00079637 -0.000588164 -0.00276959 -0.00112794 -0.000827153 -0.00155877 -0.000835755 -0.000201067 -0.000541331 -0.000122108 0 0 0 0 0 0 0 0 0 0 0 0 0 0 
0 0 0 0 0 0 0 0 0 0 0 0 0 0 0 -0.000540608 -0.000504356 -0.00041803 -0.000513116 -0.001878 -0.00147444 -0.00064096 -0.00143539 -0.000309377 -0.000386842 -0.000983301 -0.00110745 -0.00109792 -0.000536367 -0.000813555 -0.00107639 -0.00104938 -0.00265293 -0.000435335 -0.000904249 -0.000920977 -0.00157258 -0.00051463 -0.000823856 -0.00146381 -0.000840631 -0.000604969 -0.00171758 -0.000550192 -0.000771692 -0.000619388 -0.000399505 -0.000599467 -0.000589111 -0.000809345 -0.000105807 -0.000777576 -0.000435459 -0.000300913 0 0 0 0 0 0 0 0 0 0 0 0 0 0 0 
0 0 0 0 0 0 0 0 0 0 0 0 0 0 0 -0.000614877 -0.000966047 -0.000875371 -0.00137722 -0.0032718 -0.00195891 -0.000648662 -0.000421356 -0.000654606 -0.00116535 -0.000513038 -0.000672324 -0.000695325 -0.000838723 -0.00136952 -0.00132978 -0.00107903 -0.00336061 -0.000405296 -0.000754689 -0.000686124 -0.0017158 -0.0015138 -0.000708204 -0.000589577 -0.000907522 -0.000878264 -0.00115673 -0.00044528 -0.00107961 -0.000733146 -0.000880309 -0.000686778 -0.00073327 -0.00101686 -0.000244125 -0.000307724 -0.000218193 -0.000278798 0 0 0 0 0 0 0 0 0 0 0 0 0 0 0 
0 0 0 0 0 0 0 0 0 0 0 0 0 0 0 -0.000130109 -0.000861391 -0.00059566 -0.00359155 -0.00262586 -0.000469667 -0.000411471 -0.000777225 -0.000386639 -0.000284715 -0.00069111 -0.000261367 -0.000545601 -0.00191964 -0.00180893 -0.000667666 -0.00028842 -0.000832023 -0.000413227 -0.000846989 -0.000922732 -0.00137468 -0.00105349 -0.00121971 -0.00114915 -0.00251344 -0.0026605 -0.00195072 -0.000473005 -0.00174399 -0.0009201 0 -3.64893e-05 -0.00075684 -0.000730813 -0.000733019 -0.000543915 -0.000500686 -0.000447824 0 0 0 0 0 0 0 0 0 0 0 0 0 0 0 
0 0 0 0 0 0 0 0 0 0 0 0 0 0 0 0 0 -0.000675501 -0.00114638 -0.000229516 -0.000178406 -0.00040571 -0.00100647 -0.00101677 -0.000293099 -0.00120059 -0.000913314 -0.00122979 -0.0027832 -0.00399323 -0.00107323 -0.000420404 -2.91604e-05 -0.000537358 -0.000650888 -0.00116268 -0.00136021 -0.000253776 -0.000880568 -0.000787701 -0.00168821 -0.00100242 -0.000382912 -0.00140695 -0.000857966 -0.000591914 -2.50169e-05 -4.93599e-05 -0.00099891 -0.00109207 -0.000977316 -0.000119102 -0.000643484 -0.000314531 0 0 0 0 0 0 0 0 0 0 0 0 0 0 0 
0 0 0 0 0 0 0 0 0 0 0 0 0 0 0 0 0 -7.18999e-05 -0.00024744 -0.000481 -0.000894817 -0.00132341 -0.00223646 -0.00129399 -0.000767397 -0.00086534 -0.000912879 -0.00213798 -0.000831875 -0.000268382 -0.000196523 -0.000201968 0 -0.000358446 -0.000822138 -0.000596048 -0.00279407 -0.00220671 -0.00140301 -0.000849365 -0.000820993 -0.00121966 -0.00128274 -0.000586862 -0.000320651 -1.96279e-05 -0.000381244 -0.000648625 -0.00154488 -0.00178028 -0.000789625 -0.000357365 -0.00025084 0 0 0 0 0 0 0 0 0 0 0 0 0 0 0 0 
0 0 0 0 0 0 0 0 0 0 0 0 0 0 0 0 0 0 -0.000433158 -0.000998422 -0.00140486 -0.00159168 -0.00128116 -0.00107735 -0.000131849 -0.000742338 -0.000873594 -0.000112482 -0.000275208 -0.000926422 -0.000491847 -0.000515839 -0.000910569 -0.000247736 -0.00055034 -0.000305438 -0.00128871 -0.00124331 -0.00203378 -0.00162975 -0.00143517 -0.000685335 -0.000208021 -0.000820339 -0.00150926 -0.000106881 -0.000433034 -0.000692158 -0.00194597 -0.00132711 -0.000920635 -0.000248022 -7.95848e-05 0 0 0 0 0 0 0 0 0 0 0 0 0 0 0 0 
0 0 0 0 0 0 0 0 0 0 0 0 0 0 0 0 0 0 -0.000420438 -0.000992451 -0.00058012 -0.0014704 -0.000581266 -0.000818261 -0.00039897 -0.000357018 -0.000314993 -0.000832522 -0.00289008 -0.00312866 -0.00141783 -0.00112242 -0.002446 -0.000602218 -0.000403015 -3.5855e-05 -0.000423378 -0.000458701 -0.00123192 -0.0032683 -0.00062775 -0.00142816 -0.00247769 -5.33258e-05 -0.00031122 -0.0014794 0 0 -1.96215e-05 -3.42319e-05 -9.32824e-05 -2.28175e-05 0 0 0 0 0 0 0 0 0 0 0 0 0 0 0 0 0 
0 0 0 0 0 0 0 0 0 0 0 0 0 0 0 0 0 0 0 0 -0.00139313 -0.00270079 -0.00178083 -0.00249036 -0.00116085 -0.00164363 -0.000137584 -0.000419173 -0.000977194 -0.000915506 -0.00130419 -0.000917645 -0.000973903 -0.00163321 -0.000953507 -0.000538784 -0.000438293 -0.00132788 -0.00138603 -0.00172221 -0.000584142 -0.000400555 -0.000392878 -9.01562e-05 -0.000787686 -0.000593066 -0.000227909 -0.000264565 -0.000692767 -0.000475033 0 0 0 0 0 0 0 0 0 0 0 0 0 0 0 0 0 0 0 
0 0 0 0 0 0 0 0 0 0 0 0 0 0 0 0 0 0 0 0 -9.31116e-05 -0.000894557 -0.000475015 -0.00183827 -0.000904735 -0.00102687 -0.00108346 -0.000862673 -0.00118209 -0.00214823 -0.00127551 -0.0011 -0.00182706 -0.000805492 -0.000446884 -0.000352885 -0.000753386 -0.00303179 -0.00111838 -0.000335579 -0.000357496 -0.000768158 -0.000811918 -0.000436703 -0.000221219 -0.000168995 -0.00111015 -0.000266657 -0.000373792 0 0 0 0 0 0 0 0 0 0 0 0 0 0 0 0 0 0 0 0 
0 0 0 0 0 0 0 0 0 0 0 0 0 0 0 0 0 0 0 0 0 0 -0.000617889 -0.00136783 -0.00133315 -0.000852109 -0.000877951 -0.00066526 -0.000463403 -0.00117664 -0.000817878 -0.00157553 -0.00111291 -0.000582345 -0.00119805 -0.000710028 -0.000240553 -0.00137075 -0.000246618 -0.00113476 -0.00137294 -0.000661271 -0.00103793 -0.000377058 -0.000938137 -0.00133804 -0.000308654 0 0 0 0 0 0 0 0 0 0 0 0 0 0 0 0 0 0 0 0 0 0 
0 0 0 0 0 0 0 0 0 0 0 0 0 0 0 0 0 0 0 0 0 0 -3.68447e-05 -0.000256387 -0.000224392 -0.000969557 -0.00154591 -0.000187222 -0.000772211 -0.000455128 -0.00101244 -0.000804317 -0.00160125 -0.00103323 -0.0014879 -0.00194321 -0.000930941 -0.000931863 -0.00217663 -0.000820541 -0.00178188 -0.00185778 -0.000539963 -0.00136161 -0.00122595 -0.000450678 -3.15093e-05 0 0 0 0 0 0 0 0 0 0 0 0 0 0 0 0 0 0 0 0 0 0 
0 0 0 0 0 0 0 0 0 0 0 0 0 0 0 0 0 0 0 0 0 0 0 0 -4.54364e-05 -0.000813063 -0.00134915 -0.00103493 -9.69372e-05 -0.000641559 -0.000854959 -0.000420669 -0.000221278 -0.000878466 -0.00176083 -0.00120934 -0.0011276 -0.000997774 -0.00155391 -0.000760652 -0.00126265 -0.000727437 -2.85494e-05 -0.000934523 -0.000215559 0 0 0 0 0 0 0 0 0 0 0 0 0 0 0 0 0 0 0 0 0 0 0 0 
0 0 0 0 0 0 0 0 0 0 0 0 0 0 0 0 0 0 0 0 0 0 0 0 0 0 -0.000153243 -0.000510241 -1.16671e-05 -0.00100893 -0.000816572 -0.00123706 -0.000144327 -0.00140983 -0.000987503 -0.00076472 -0.00197337 -0.00160525 -0.00152304 -0.000435221 -0.00178537 -7.2632e-05 0 0 0 0 0 0 0 0 0 0 0 0 0 0 0 0 0 0 0 0 0 0 0 0 0 0 0 
0 0 0 0 0 0 0 0 0 0 0 0 0 0 0 0 0 0 0 0 0 0 0 0 0 0 0 0 0 -0.00014999 -0.000474219 -0.000301394 -2.7957e-05 -0.000100651 -0.000801017 -0.00107316 -0.000834366 -0.000257146 -0.000256578 -0.000219651 -0.000290947 -8.05605e-06 0 0 0 0 0 0 0 0 0 0 0 0 0 0 0 0 0 0 0 0 0 0 0 0 0 0 0 
0 0 0 0 0 0 0 0 0 0 0 0 0 0 0 0 0 0 0 0 0 0 0 0 0 0 0 0 0 0 0 0 0 0 0 0 0 0 0 0 0 0 0 0 0 0 0 0 0 0 0 0 0 0 0 0 0 0 0 0 0 0 0 0 0 0 0 0 0 
0 0 0 0 0 0 0 0 0 0 0 0 0 0 0 0 0 0 0 0 0 0 0 0 0 0 0 0 0 0 0 0 0 0 0 0 0 0 0 0 0 0 0 0 0 0 0 0 0 0 0 0 0 0 0 0 0 0 0 0 0 0 0 0 0 0 0 0 0 
0 0 0 0 0 0 0 0 0 0 0 0 0 0 0 0 0 0 0 0 0 0 0 0 0 0 0 0 0 0 0 0 0 0 0 0 0 0 0 0 0 0 0 0 0 0 0 0 0 0 0 0 0 0 0 0 0 0 0 0 0 0 0 0 0 0 0 0 0 
0 0 0 0 0 0 0 0 0 0 0 0 0 0 0 0 0 0 0 0 0 0 0 0 0 0 0 0 0 0 0 0 0 0 0 0 0 0 0 0 0 0 0 0 0 0 0 0 0 0 0 0 0 0 0 0 0 0 0 0 0 0 0 0 0 0 0 0 0 
0 0 0 0 0 0 0 0 0 0 0 0 0 0 0 0 0 0 0 0 0 0 0 0 0 0 0 0 0 0 0 0 0 0 0 0 0 0 0 0 0 0 0 0 0 0 0 0 0 0 0 0 0 0 0 0 0 0 0 0 0 0 0 0 0 0 0 0 0 
0 0 0 0 0 0 0 0 0 0 0 0 0 0 0 0 0 0 0 0 0 0 0 0 0 0 0 0 0 0 0 0 0 0 0 0 0 0 0 0 0 0 0 0 0 0 0 0 0 0 0 0 0 0 0 0 0 0 0 0 0 0 0 0 0 0 0 0 0 
0 0 0 0 0 0 0 0 0 0 0 0 0 0 0 0 0 0 0 0 0 0 0 0 0 0 0 0 0 0 0 0 0 0 0 0 0 0 0 0 0 0 0 0 0 0 0 0 0 0 0 0 0 0 0 0 0 0 0 0 0 0 0 0 0 0 0 0 0 
0 0 0 0 0 0 0 0 0 0 0 0 0 0 0 0 0 0 0 0 0 0 0 0 0 0 0 0 0 0 0 0 0 0 0 0 0 0 0 0 0 0 0 0 0 0 0 0 0 0 0 0 0 0 0 0 0 0 0 0 0 0 0 0 0 0 0 0 0 
0 0 0 0 0 0 0 0 0 0 0 0 0 0 0 0 0 0 0 0 0 0 0 0 0 0 0 0 0 0 0 0 0 0 0 0 0 0 0 0 0 0 0 0 0 0 0 0 0 0 0 0 0 0 0 0 0 0 0 0 0 0 0 0 0 0 0 0 0 
0 0 0 0 0 0 0 0 0 0 0 0 0 0 0 0 0 0 0 0 0 0 0 0 0 0 0 0 0 0 0 0 0 0 0 0 0 0 0 0 0 0 0 0 0 0 0 0 0 0 0 0 0 0 0 0 0 0 0 0 0 0 0 0 0 0 0 0 0 
0 0 0 0 0 0 0 0 0 0 0 0 0 0 0 0 0 0 0 0 0 0 0 0 0 0 0 0 0 0 0 0 0 0 0 0 0 0 0 0 0 0 0 0 0 0 0 0 0 0 0 0 0 0 0 0 0 0 0 0 0 0 0 0 0 0 0 0 0 
0 0 0 0 0 0 0 0 0 0 0 0 0 0 0 0 0 0 0 0 0 0 0 0 0 0 0 0 0 0 0 0 0 0 0 0 0 0 0 0 0 0 0 0 0 0 0 0 0 0 0 0 0 0 0 0 0 0 0 0 0 0 0 0 0 0 0 0 0 
0 0 0 0 0 0 0 0 0 0 0 0 0 0 0 0 0 0 0 0 0 0 0 0 0 0 0 0 0 0 0 0 0 0 0 0 0 0 0 0 0 0 0 0 0 0 0 0 0 0 0 0 0 0 0 0 0 0 0 0 0 0 0 0 0 0 0 0 0 
